74 1 0.79
38 0 0.15
54 6 0.73
69 5 0.25
23 1 0.96
99 8 0.34
2 1 0.44
30 4 0.19
37 1 0.91
6 3 0.6
87 4 0.77
65 2 0.28
74 6 0.55
56 0 0.47
58 6 0.15
68 9 0.4
22 2 0.88
3 2 0.53
34 6 0.7
75 3 0.82
33 5 0.94
86 4 0.84
29 2 0.35
16 9 0.04
92 6 0.73
58 3 0.86
45 6 0.21
97 7 0.4
25 7 0.31
0 5 0.25
73 2 0.3
21 8 0.9
44 4 0.32
28 1 0.11
82 2 0.98
73 5 0.2
64 3 0.93
9 9 0.57
29 0 0.49
35 1 0.94
74 3 0.3
39 3 0.58
63 3 0.76
36 5 0.52
19 4 0.71
19 9 0.1
65 1 0.32
93 0 0.8
29 5 0.96
22 0 0.58
2 6 0.69
90 2 0.62
81 9 0.16
19 0 0.77
30 3 0.92
34 1 0.28
15 5 0.51
52 9 0.17
89 1 0.15
9 0 0.3
31 2 0.46
47 1 0.6
51 7 0.65
68 5 0.09
88 4 0.04
17 3 0.41
36 3 0.35
10 4 0.1
4 4 0.55
80 4 0.46
46 5 0.63
94 0 0.41
2 6 0.18
77 7 0.54
78 6 0.27
95 4 0.74
16 4 0.86
7 4 0.96
10 3 0.32
76 6 0.21
86 3 0.31
66 1 0.72
58 3 0.7
8 1 0.29
67 6 0.12
74 1 0.53
91 3 0.38
62 4 0.76
91 1 0.12
81 4 0.39
0 3 0.98
49 6 0.13
63 5 0.04
40 3 0.31
67 6 0.44
2 1 0.88
91 7 0.3
40 0 0.91
90 2 0.11
28 9 0.71
97 2 0.9
67 9 0.96
8 5 0.9
16 7 0.08
89 5 0.24
11 9 0.6
58 3 0.28
94 0 0.35
93 4 0.11
28 4 0.96
11 9 0.62
31 9 0.85
52 5 0.22
80 1 0.12
62 6 0.13
30 9 0.87
70 8 0.95
0 3 0.11
17 2 0.97
19 9 0.88
67 7 0.73
75 3 0.61
75 6 0.23
12 9 0.93
93 6 0.71
3 6 0.03
12 4 0.17
64 4 0.37
23 1 0.0
83 8 0.26
36 2 0.65
12 9 0.6
38 3 0.18
19 2 0.45
52 3 0.02
86 7 0.23
62 5 0.28
81 5 0.62
95 7 0.07
7 0 0.94
81 0 0.84
78 8 0.76
39 3 0.3
90 3 0.63
45 5 0.82
75 7 0.69
1 8 0.61
51 6 0.31
70 8 0.22
81 3 0.7
99 9 0.43
40 6 0.95
92 5 0.79
28 4 0.24
61 4 0.86
48 0 0.81
55 4 0.02
7 8 0.13
31 7 0.63
56 3 0.87
24 3 0.46
96 6 0.8
68 9 0.66
66 9 0.36
80 8 0.42
73 0 0.64
29 7 0.23
48 0 0.05
88 5 0.0
2 2 0.69
35 9 0.25
7 9 0.32
2 0 0.69
32 7 0.51
60 6 0.93
54 5 0.43
18 9 0.05
17 4 0.93
76 5 0.29
53 7 0.26
98 7 0.86
83 2 0.81
3 5 0.35
58 5 0.99
93 2 0.14
31 3 1.0
1 7 0.71
38 4 0.84
84 4 0.93
10 8 0.26
77 6 0.39
23 1 0.25
69 8 0.39
4 6 0.49
66 6 0.93
47 3 0.35
58 8 0.21
65 1 0.8
79 7 0.35
77 2 0.88
62 6 0.87
37 7 0.18
10 5 0.47
48 5 0.69
29 8 0.36
80 4 0.45
84 4 0.17
64 0 0.02
27 9 0.85
97 7 0.29
22 1 0.03
82 2 0.57
60 0 0.95
88 6 0.55
32 4 0.23
78 1 0.01
65 0 0.11
73 5 0.93
91 9 0.68
27 1 0.16
89 1 0.14
89 4 0.61
78 4 0.3
44 0 0.67
19 4 0.22
19 9 0.99
72 7 0.88
68 8 0.81
81 5 0.19
37 6 0.86
9 4 0.46
23 7 0.08
6 1 0.21
7 2 0.93
39 2 0.25
57 2 0.12
90 3 0.74
24 7 0.37
83 8 0.94
1 5 0.33
89 7 0.1
65 7 0.93
81 8 0.32
48 4 0.34
2 8 0.24
72 5 0.05
67 1 0.42
42 1 0.62
23 7 0.42
89 4 0.26
73 6 0.13
55 0 0.21
7 8 0.8
98 8 0.54
15 9 0.75
80 2 0.54
99 6 0.37
65 8 0.03
3 6 0.91
17 0 0.44
63 5 0.73
20 2 0.26
37 9 0.56
79 2 0.36
49 6 0.74
27 4 0.14
15 7 0.8
74 4 0.01
33 2 0.34
23 3 0.22
75 1 0.29
3 5 0.23
76 8 0.68
17 7 0.5
62 2 0.37
80 7 0.47
64 0 0.27
49 8 0.24
82 7 0.39
25 6 0.53
2 3 0.2
41 6 0.32
36 4 0.34
68 2 0.65
19 3 0.34
91 6 0.59
90 9 0.98
57 7 0.08
65 8 0.05
87 5 0.7
4 5 0.07
62 4 0.7
75 5 0.3
61 3 0.78
17 6 0.65
65 2 0.74
55 1 0.61
83 6 0.74
70 1 0.8
80 8 0.63
11 3 0.39
32 1 0.04
88 8 0.43
50 4 0.82
49 0 0.69
67 4 0.49
1 9 0.44
26 4 0.21
25 8 0.03
41 4 0.2
61 9 0.41
25 2 0.09
49 7 0.69
38 0 0.06
81 3 0.23
42 5 0.07
36 0 0.57
65 1 0.41
16 6 0.37
91 6 0.26
74 5 0.06
89 5 0.55
80 9 0.25
83 2 0.2
80 0 0.04
61 4 0.77
89 7 0.01
77 1 0.47
31 1 0.94
74 4 0.67
73 4 0.68
95 7 0.46
99 0 0.99
76 9 0.58
51 4 0.97
58 6 0.23
5 8 0.03
8 8 0.27
55 1 0.17
32 2 0.86
25 4 0.7
55 8 0.08
6 1 0.98
13 1 0.63
35 1 0.27
74 1 0.53
58 3 0.75
57 6 0.82
42 9 0.15
98 0 0.46
38 9 0.31
83 3 0.97
38 5 0.61
55 6 0.03
41 0 0.99
87 5 0.05
22 7 0.82
56 4 0.22
82 3 0.71
39 4 0.84
67 4 0.13
19 9 0.04
47 5 0.34
27 8 0.55
79 3 0.91
51 2 0.06
39 6 0.55
60 2 0.98
38 6 0.49
48 0 0.28
33 4 0.2
15 2 0.07
82 5 0.31
40 3 0.34
32 9 0.3
36 1 0.24
72 0 0.6
0 8 0.02
82 6 0.31
80 8 0.02
93 8 0.49
30 0 0.26
33 0 0.9
31 4 0.9
99 5 0.6
1 9 0.69
77 2 0.87
86 9 0.59
61 3 0.76
59 3 0.35
80 5 0.02
99 7 0.83
19 5 0.87
12 9 0.24
17 5 0.03
34 0 0.24
15 9 0.49
79 6 0.97
74 2 0.91
32 7 0.11
90 6 0.83
9 6 0.48
92 1 0.33
69 9 0.37
3 4 0.29
59 5 0.95
58 1 0.48
88 7 0.12
93 2 0.32
17 1 0.47
50 1 0.38
98 7 0.76
96 8 0.08
6 6 0.33
22 1 0.07
86 0 0.9
15 8 0.36
48 8 0.7
20 9 0.46
9 8 0.74
54 9 0.49
25 7 0.07
83 3 0.96
38 5 0.38
74 7 0.02
30 3 0.25
48 2 0.56
90 1 0.26
13 4 0.75
39 3 0.28
10 8 0.27
86 4 0.12
55 3 0.97
77 5 0.18
9 0 0.35
39 5 0.2
45 2 0.41
30 4 0.71
9 4 0.14
10 7 0.41
15 8 0.47
23 5 0.73
47 3 0.1
14 1 0.9
77 9 0.78
0 3 0.18
25 0 0.71
27 4 0.37
47 4 0.9
30 8 0.15
70 2 0.23
80 6 0.07
8 2 0.17
75 3 0.76
1 2 0.64
20 7 0.89
1 6 0.67
78 4 0.09
60 1 0.97
91 0 0.76
24 9 0.34
88 5 0.7
73 9 0.27
17 5 0.39
50 5 0.51
81 3 0.54
40 8 0.46
84 3 0.0
70 2 0.35
61 1 0.1
9 5 0.92
48 8 0.27
91 0 0.73
56 8 1.0
79 4 0.04
16 8 0.82
54 9 0.85
75 4 0.73
68 9 0.92
65 3 0.62
69 2 0.53
26 8 0.88
78 4 0.86
64 7 0.75
65 3 0.87
67 4 0.52
19 2 0.48
45 9 0.06
50 1 0.74
44 6 0.87
62 4 0.15
84 7 0.12
4 3 0.77
62 8 0.54
56 8 0.88
36 9 0.34
26 1 0.5
64 4 0.76
34 7 0.32
9 3 0.35
16 0 0.23
86 0 0.98
8 6 0.45
25 7 0.99
92 2 0.96
77 2 0.45
91 8 0.29
5 2 0.25
95 4 0.59
35 0 0.07
70 4 0.64
39 8 0.78
32 6 0.54
76 0 0.81
84 4 0.95
2 9 0.8
4 6 0.91
88 0 0.46
38 0 0.61
66 5 0.12
88 2 0.12
52 4 0.03
23 4 0.47
61 7 0.99
76 8 0.27
31 4 0.84
72 2 0.88
17 6 0.87
72 8 0.3
40 2 0.4
34 5 0.75
58 1 0.86
4 2 0.39
74 7 0.78
9 3 0.27
47 6 0.37
66 1 0.16
3 4 0.53
27 9 0.96
56 7 0.86
63 4 0.23
50 8 0.96
0 7 0.07
49 7 0.23
40 9 0.44
94 7 0.42
44 9 0.01
91 1 0.91
15 1 0.86
49 8 0.47
3 2 0.72
14 5 0.59
74 7 0.62
97 1 0.36
0 5 0.34
51 8 0.17
0 2 0.39
30 9 0.26
45 0 0.07
34 4 0.85
51 4 1.0
22 3 0.29
66 7 0.6
71 3 0.39
84 0 0.57
43 3 0.35
35 5 0.67
45 8 0.49
82 3 0.47
52 4 0.27
29 2 0.75
63 9 0.81
94 7 0.05
4 0 0.56
34 0 0.48
98 7 0.59
50 3 0.81
27 3 0.54
58 0 0.11
67 7 0.44
15 6 0.98
90 8 0.82
62 3 0.29
17 0 0.48
54 6 0.55
31 7 0.51
95 5 0.14
36 5 0.33
2 3 0.36
80 1 0.17
7 8 0.64
93 1 0.26
42 7 0.8
67 3 0.64
94 3 0.36
96 0 0.82
45 2 0.09
15 6 0.13
91 4 0.14
9 0 0.2
7 5 0.86
56 9 0.26
18 7 0.05
30 2 0.37
85 0 0.11
94 0 0.64
20 7 0.43
39 6 0.88
56 8 0.19
58 5 0.73
73 9 0.03
54 1 0.65
34 2 0.09
9 2 0.56
77 8 0.15
84 0 0.23
68 1 0.08
94 4 0.11
81 1 0.27
86 4 0.59
1 1 0.42
56 1 0.93
18 7 0.51
8 9 0.38
2 9 0.6
11 6 0.73
68 1 0.37
48 0 0.56
73 2 0.43
94 2 0.99
61 4 0.11
10 1 0.53
78 8 0.16
80 3 0.07
97 6 0.23
16 3 0.53
44 8 0.8
24 2 0.15
60 1 0.91
11 7 0.87
61 0 0.95
42 4 0.48
66 9 0.74
27 8 0.43
16 2 0.55
12 2 0.08
88 1 0.56
13 1 0.14
63 1 0.16
31 1 0.82
6 2 0.13
8 8 0.94
9 4 0.73
52 9 0.28
39 1 0.11
58 9 0.93
78 1 0.58
97 0 0.11
56 6 0.34
57 8 0.42
49 5 0.68
66 2 0.74
62 1 0.79
59 7 0.28
24 7 0.54
27 0 0.94
13 0 0.13
98 0 0.78
91 4 0.21
68 3 0.69
44 4 0.38
49 3 0.64
59 6 0.77
64 4 0.97
46 0 0.73
3 1 0.82
17 2 0.45
79 0 0.36
24 2 0.36
93 0 0.46
15 0 0.47
32 6 0.81
35 7 0.91
7 2 0.8
67 6 0.75
61 2 0.2
22 7 0.13
6 7 0.48
97 5 0.07
86 6 0.48
17 4 0.55
45 6 0.14
41 9 0.91
54 9 0.62
19 8 0.18
57 0 0.85
72 0 0.51
50 4 0.36
57 5 0.87
91 1 0.76
40 5 0.81
8 1 0.99
16 9 0.9
88 7 0.91
32 0 0.58
12 7 0.51
62 1 0.65
83 5 0.13
98 4 1.0
87 1 0.04
88 9 0.54
19 5 0.15
47 0 0.4
9 3 0.17
48 0 0.91
54 7 0.51
60 3 0.12
28 3 0.9
31 8 0.53
41 9 0.35
5 6 0.38
37 1 0.09
74 2 0.69
69 1 0.21
20 3 0.48
79 0 0.64
56 7 0.83
35 6 0.63
43 7 0.65
7 5 0.54
59 3 0.83
53 9 0.91
20 3 0.53
78 1 0.99
90 2 0.0
53 8 0.21
80 8 0.02
84 5 0.62
39 4 0.78
40 4 0.97
7 8 0.46
38 3 0.33
16 3 0.24
81 2 0.34
54 8 0.16
83 6 0.38
60 5 0.59
30 7 0.88
38 3 0.64
97 0 0.9
36 8 0.51
50 7 0.18
93 3 0.57
63 6 0.08
90 4 0.86
45 5 0.43
53 2 0.64
81 4 0.82
94 6 0.41
8 1 0.85
84 4 0.22
20 8 0.27
30 7 0.05
66 0 0.5
12 2 0.4
45 9 0.47
33 6 0.78
9 1 0.92
31 5 0.49
66 6 0.65
48 3 0.51
66 5 0.44
10 9 0.89
93 7 0.22
12 3 0.34
34 7 0.31
13 9 0.67
61 7 1.0
84 7 0.36
79 5 0.35
34 9 0.03
62 0 0.47
82 7 0.24
41 9 0.07
22 5 0.04
65 8 0.86
28 1 0.33
12 2 0.71
64 5 0.25
9 6 0.61
11 3 0.76
9 0 0.7
32 4 0.41
20 8 0.17
