5805 2 0.35
4764 6 0.0
9101 9 0.01
3646 4 0.86
555 6 0.11
3696 9 0.81
8697 5 0.98
6366 6 0.12
8599 6 0.39
7051 1 0.89
3570 5 0.03
6895 3 0.11
9305 8 0.27
3561 0 0.34
2631 2 0.32
6297 7 0.97
7854 4 0.23
3669 7 0.65
1470 3 0.49
7832 6 0.33
5741 4 0.31
5986 8 0.73
4547 6 0.79
1138 9 0.4
7765 4 0.26
468 9 0.31
7000 2 0.92
959 2 0.68
7739 7 0.75
631 1 0.13
3484 0 0.62
6027 3 0.37
2489 6 0.24
823 5 0.82
2194 8 0.75
8290 0 0.32
8656 1 0.2
4053 0 0.09
5052 9 0.07
697 4 0.33
4636 8 0.12
4301 8 0.06
6280 2 0.35
9799 6 0.5
8397 2 0.3
5817 3 0.23
1576 3 0.84
6035 5 0.71
4662 2 0.39
5446 0 0.39
7817 2 0.12
9458 8 0.33
5072 9 0.98
6352 5 0.02
1200 8 0.72
805 0 0.12
1172 4 0.66
4361 6 0.12
9128 6 0.42
5814 4 0.79
1328 5 0.34
3442 0 0.73
2744 7 0.6
9311 9 0.33
8945 0 0.51
4731 0 1.0
635 6 0.08
7684 5 0.56
1000 4 0.72
9411 7 0.47
2131 9 0.68
3847 7 0.65
9329 8 0.72
14 6 0.76
9757 7 0.12
3937 3 0.41
2301 2 0.52
7075 6 0.16
5884 8 0.01
4569 0 0.21
9062 8 1.0
1910 3 0.47
6479 6 0.83
9503 8 0.28
6921 9 0.11
4643 5 0.69
3925 0 0.35
1016 4 0.34
6924 6 0.69
2784 7 0.17
4466 3 0.14
1485 5 0.65
1728 2 0.52
2399 4 0.03
5014 4 0.36
4269 0 0.74
2024 0 0.68
9004 9 0.85
9043 5 0.33
7734 8 0.01
6089 5 0.1
1499 3 0.7
3310 7 0.82
1447 3 0.6
3884 4 0.17
7209 5 0.9
1275 7 0.43
9403 9 0.31
6134 7 0.17
9107 5 0.45
2569 2 0.86
8426 4 0.49
9556 5 0.59
5831 2 0.11
4534 5 0.65
7954 8 0.32
6003 1 0.49
3275 4 0.2
3458 0 0.42
7367 6 0.96
8158 0 0.69
1173 0 0.32
9156 5 0.77
5460 7 0.47
3220 2 0.86
4464 9 0.52
838 4 0.85
4596 1 0.8
5471 6 0.83
4409 7 0.79
7582 3 1.0
6236 7 0.86
6568 6 0.99
9607 2 0.78
6914 0 0.5
3586 9 0.17
3281 5 0.95
1349 4 0.65
2824 1 0.54
6578 1 0.67
6014 3 0.3
6483 1 0.61
4769 2 0.71
5103 4 0.59
1238 5 0.33
1339 1 0.83
9033 1 0.18
454 0 0.37
7909 4 0.52
1379 3 0.58
9472 0 0.11
3100 5 0.75
2369 6 0.67
868 7 0.31
78 8 0.7
335 4 0.77
158 4 0.99
763 2 0.92
1349 7 0.77
7461 4 0.69
5640 3 0.01
6975 2 0.24
9324 8 0.48
2462 7 0.14
5859 5 0.72
7131 5 0.79
5454 6 0.19
8238 5 0.96
9778 5 1.0
3247 6 0.32
1213 7 0.44
4614 9 0.1
9323 5 0.88
3156 1 0.01
7631 1 0.24
4393 8 0.05
2630 8 0.48
7080 5 0.68
8971 8 0.9
5399 9 0.8
6890 1 0.08
8978 6 0.98
3917 1 0.48
9000 0 0.24
6273 4 0.57
2786 4 0.47
8038 1 0.81
7331 7 0.45
816 1 0.49
3984 6 0.48
1063 8 0.04
5679 7 0.92
4121 8 0.47
3381 2 0.01
211 7 0.6
5080 6 0.34
3919 5 0.03
5817 7 0.42
1973 2 0.63
5665 8 0.04
2530 1 0.83
8822 4 0.33
3273 3 0.17
6921 2 0.73
1733 8 0.08
564 3 0.82
3601 7 0.11
9599 2 0.77
9817 4 0.21
8768 9 0.89
6065 6 0.85
460 6 0.23
7423 3 0.15
4068 5 0.85
3038 4 0.16
1417 1 0.17
3072 6 0.04
2645 4 0.27
9553 2 0.35
9492 3 0.86
6277 4 0.44
7821 5 0.64
5479 1 0.4
4687 6 0.89
3336 0 0.2
8673 9 0.53
5600 9 0.29
2007 8 0.97
9757 2 0.95
3134 1 0.69
5219 0 0.21
2954 9 0.96
4272 8 0.89
4410 7 0.41
6966 8 0.7
9858 6 0.97
5960 4 0.7
33 2 0.6
8642 6 0.89
8105 7 0.88
4260 1 0.96
1153 5 0.6
732 2 0.66
152 3 0.44
8948 9 0.68
1660 3 0.19
1520 8 0.33
6798 4 0.42
9692 2 0.88
4027 6 0.15
7639 4 0.94
374 5 0.87
2428 0 0.25
8948 1 0.2
3250 0 0.26
5256 7 0.12
6283 9 0.22
6581 8 0.98
6074 3 0.34
6201 3 0.27
6472 2 0.76
4232 7 0.57
4331 8 0.79
9161 5 0.48
6135 5 0.47
5482 3 0.06
6499 8 0.98
3829 2 0.55
4687 0 0.59
1047 1 0.78
216 8 0.6
245 1 0.62
4424 6 0.63
9664 5 0.97
9595 9 0.43
6048 2 0.28
531 6 0.0
2335 7 0.86
9428 4 0.31
4671 6 0.51
6526 3 0.84
8139 1 0.28
6925 6 0.64
7497 1 0.22
6298 6 0.77
8444 8 0.99
4203 8 0.9
6522 1 0.45
6275 2 0.22
8960 9 0.26
2372 5 0.44
64 1 0.12
9630 0 0.26
5843 9 0.78
1233 8 0.83
6257 5 0.2
4856 6 0.7
7426 3 0.84
7690 1 0.81
5750 7 0.27
2896 3 0.29
4765 0 0.9
8640 7 0.19
8784 7 0.23
4550 1 0.66
9180 6 0.2
2348 5 0.3
9140 6 0.94
4032 1 0.7
1680 2 0.08
7766 3 0.53
2134 8 0.67
3420 8 0.31
7459 5 0.81
7171 8 0.49
4334 0 0.65
7333 7 0.65
1792 6 0.63
4727 4 0.19
7826 3 0.71
1837 7 0.26
8630 1 0.22
5184 4 0.58
7716 5 0.1
1080 1 0.55
3066 9 0.74
4612 7 0.79
3475 8 0.99
6436 3 0.8
7520 3 0.22
7340 9 0.22
1164 0 0.95
2079 9 0.52
8702 8 0.71
1029 7 1.0
3892 2 0.06
9677 2 0.48
5126 0 0.08
4915 4 0.15
9084 3 0.7
3463 3 0.73
4058 9 0.94
4056 3 0.2
4418 6 0.86
1491 1 0.15
1038 2 0.46
7881 5 0.18
6370 3 0.07
8183 9 0.39
1492 1 0.19
9396 9 0.26
8512 0 0.34
4549 4 0.35
4779 7 0.29
5346 5 0.68
2515 4 0.99
2069 2 0.98
4442 8 0.71
4844 9 0.01
5699 2 0.05
1530 3 0.69
9233 7 0.86
9323 1 0.45
2608 1 0.02
7026 1 0.03
6241 5 0.87
9668 8 0.47
1813 9 0.08
7262 2 0.83
3881 3 0.39
7429 1 0.18
9607 1 0.16
5924 0 0.49
7242 7 0.26
9244 0 0.55
7345 3 0.49
3333 4 0.18
4926 2 0.76
7556 0 0.37
6226 5 0.91
4162 4 0.21
2148 4 0.5
5026 1 0.24
5357 4 0.83
2264 0 0.56
203 3 0.13
1006 6 0.23
8323 9 0.63
2034 0 0.08
2358 0 0.01
6828 5 0.88
1094 7 0.94
5299 9 0.72
4994 7 0.64
6382 5 0.03
2385 8 0.41
3942 5 0.94
8446 5 0.47
366 0 0.13
1009 7 0.72
264 7 0.89
3297 0 0.2
3030 8 0.11
3425 9 0.48
4457 5 0.3
7577 0 0.96
7700 1 0.41
4570 9 0.65
330 7 0.41
6050 0 0.07
6879 7 0.87
1127 1 0.03
1373 3 0.68
3773 8 0.26
1002 5 0.9
1410 3 0.84
2676 5 0.75
1924 7 0.64
7726 0 0.08
3252 5 0.07
1408 2 0.33
5286 1 0.63
5671 3 0.04
1514 7 0.18
50 4 0.68
4249 9 0.83
5240 0 0.93
8571 4 0.15
6343 0 0.87
2777 8 0.05
8977 3 0.46
7444 6 0.76
9535 1 0.0
3228 4 0.38
6602 3 0.76
2854 9 0.53
3422 4 0.16
9760 1 1.0
1357 8 0.64
8068 9 0.13
7009 1 0.46
7147 1 0.8
3429 9 0.23
3193 8 0.09
1848 9 0.44
5391 2 0.13
8406 8 0.49
5882 4 0.2
6293 4 0.69
9080 8 0.16
274 6 0.58
9147 5 0.65
7102 7 0.03
2083 9 0.04
3552 0 0.71
2036 6 0.15
9906 5 0.56
4995 2 0.28
7087 1 0.1
3058 2 0.15
5754 8 0.48
2281 0 0.82
2042 4 0.36
3947 9 0.15
7839 8 0.03
3021 5 0.16
7633 6 0.48
8518 2 0.49
8438 2 0.85
6205 7 0.08
6787 8 0.36
6088 0 0.78
2845 5 0.23
2336 9 0.59
6406 5 0.5
4332 1 0.86
821 9 0.28
8543 5 0.28
4883 0 0.26
4881 4 0.94
1775 0 0.11
8070 9 0.51
1441 7 0.91
271 6 0.53
4806 7 0.16
7851 5 0.73
5615 4 0.09
8299 0 0.51
3374 8 0.99
5638 3 0.58
3874 1 0.55
530 0 1.0
1017 1 0.33
9351 4 0.97
8447 5 0.61
4899 0 0.46
5759 4 0.47
8513 3 0.4
5054 2 0.31
847 1 0.64
5824 3 0.85
4866 6 0.4
9131 8 0.16
9861 5 0.54
628 3 0.93
2134 3 0.18
3614 1 0.48
1544 9 0.6
264 2 0.47
7069 9 0.03
724 7 0.94
3028 2 0.59
6329 3 0.01
2642 0 0.4
8467 2 0.34
4055 4 0.21
5335 4 0.64
2754 6 0.47
7887 7 0.63
6115 3 0.75
7847 1 0.64
6747 7 0.28
8239 9 0.92
227 2 0.32
758 5 0.73
7647 9 0.11
5424 9 0.7
4552 9 0.76
8189 9 0.74
3766 4 0.59
3522 7 0.48
5641 8 0.99
1075 1 0.26
6076 1 0.3
8606 4 0.49
8794 4 0.29
756 2 0.23
210 7 0.16
9938 3 0.62
7036 6 0.8
447 7 0.12
9757 3 0.23
7917 9 0.05
919 2 0.4
5891 4 0.24
4804 7 0.98
5993 5 0.25
1776 8 1.0
8853 3 0.59
3032 4 0.12
2394 8 0.32
1007 6 0.29
8696 4 0.96
9101 8 0.57
723 1 0.08
2762 7 0.65
973 8 0.7
3728 4 0.44
5959 9 0.9
3650 7 0.84
6753 8 0.12
3666 6 0.1
4535 2 0.89
9119 2 0.35
9982 7 0.43
6430 9 0.36
3095 5 0.27
3909 8 0.45
1598 5 0.14
3163 5 0.19
6303 4 0.33
3159 4 0.19
286 3 0.13
2206 7 0.33
1069 2 0.58
8904 1 0.77
704 4 0.26
42 3 0.43
1825 4 0.44
1803 2 0.4
9364 2 0.73
470 9 0.97
6387 2 0.11
454 3 0.12
7665 6 0.32
4589 8 0.09
8922 4 0.91
8881 1 0.64
6187 7 0.86
3160 2 0.22
890 0 0.87
5519 6 0.28
2894 3 0.67
3026 0 0.03
61 6 0.85
709 2 0.85
7126 7 0.16
2172 6 0.18
6366 6 0.09
7840 8 0.01
4628 0 0.23
9952 4 0.35
25 7 0.64
1051 2 0.37
9833 4 0.58
2415 8 0.81
7315 8 0.83
9501 6 0.56
1737 8 0.89
6108 2 0.25
187 6 0.94
4055 2 0.91
8237 1 0.47
9554 8 0.96
7602 6 0.83
7444 1 0.02
9467 5 0.21
8981 0 0.4
1258 3 0.29
5606 4 0.19
171 4 0.5
5433 5 0.31
721 2 0.62
2871 9 0.07
9307 7 0.84
7197 2 0.64
4880 8 0.94
8454 2 0.47
4756 9 0.18
9697 7 0.93
7416 1 0.41
7282 6 0.98
5919 7 0.07
4730 6 0.15
7740 9 0.14
5689 3 0.85
2260 1 0.83
9408 6 0.23
1225 3 0.57
484 6 0.3
7100 1 0.59
4150 4 0.67
5461 2 0.53
9274 6 0.67
1386 2 0.21
5944 0 0.8
719 8 0.88
7266 4 0.61
4492 2 0.87
939 3 0.88
2654 3 0.81
395 4 0.9
4492 0 0.03
4862 3 0.51
8947 0 0.23
6571 9 0.13
5297 7 0.35
9872 1 0.66
2586 1 0.56
7761 3 0.88
3828 2 0.88
8077 1 0.2
2114 9 0.35
6806 2 0.32
6846 0 0.11
9165 9 0.22
4074 0 0.39
155 7 0.19
3128 9 0.43
5924 7 0.5
6361 9 0.26
8367 4 0.64
7136 9 0.47
9872 3 0.77
8401 0 0.68
9970 8 0.47
1265 1 0.09
9960 3 0.13
1308 1 0.12
4747 2 0.09
3545 2 0.56
5581 4 0.82
7708 7 0.38
9358 9 0.57
7471 0 0.31
3373 6 0.28
2371 2 0.46
3826 9 0.57
4902 9 0.43
6355 1 0.07
1067 0 0.55
3552 9 0.0
6559 9 0.83
3623 7 0.63
515 7 0.53
9390 1 0.51
7964 1 0.04
3522 9 0.61
7586 6 0.91
6643 4 0.41
702 4 0.42
1439 7 0.88
7280 3 0.78
7097 0 0.35
1246 0 0.3
770 7 0.73
4827 3 0.95
6699 9 0.19
1599 9 0.64
3527 2 0.96
5321 7 0.18
2405 6 0.81
780 4 0.34
849 0 0.66
8777 6 0.46
7436 6 0.07
7279 6 0.01
914 1 0.01
1742 6 0.1
5357 9 0.39
9427 7 0.03
1736 6 0.42
451 9 0.69
3124 4 0.43
7490 1 0.4
6034 3 0.17
1550 5 0.44
4228 6 0.44
8854 2 0.47
7727 3 0.14
3630 8 0.25
763 6 0.06
7051 7 0.76
9171 2 0.01
2958 1 0.1
7497 6 0.28
5761 0 0.97
2854 5 0.11
8664 8 0.25
7682 6 0.07
7621 6 0.95
2474 8 0.95
8425 4 0.8
8589 9 0.75
9867 1 0.12
3120 1 0.77
326 7 0.53
3357 1 0.59
3580 9 0.53
5102 6 0.61
4190 5 0.45
9963 2 0.73
3381 9 0.94
9158 9 0.45
8499 7 0.06
9760 3 0.22
3650 1 0.37
78 7 0.82
8284 5 0.9
1187 1 0.18
8525 2 0.05
4452 2 0.86
2490 6 0.53
1789 1 0.86
6205 7 0.1
1160 3 0.65
4091 2 0.26
2880 4 0.33
227 5 0.4
4004 4 0.94
7892 3 0.21
4535 3 0.16
8755 8 0.29
8801 5 0.68
6958 2 0.25
9090 6 0.22
1557 2 0.32
2051 3 0.8
4916 0 0.5
7057 0 0.31
6131 5 0.44
8663 4 0.84
5838 6 0.65
6570 1 0.61
4943 8 0.35
2973 1 0.39
9553 5 0.98
3278 1 0.6
4666 9 0.89
6919 3 0.92
7078 8 0.83
7939 2 0.29
7550 4 0.7
2586 4 0.1
7737 6 0.39
2494 8 0.91
721 8 0.83
6801 0 0.63
2199 9 0.45
2251 8 0.46
5410 0 0.26
7446 9 0.77
2316 3 0.19
9075 5 0.39
8380 4 0.52
8588 5 0.17
4087 9 0.73
3057 9 0.65
4172 3 0.49
3948 3 0.88
4087 7 0.92
3095 9 0.66
336 4 0.2
9172 9 0.24
4946 6 0.63
5240 5 0.65
9260 5 0.27
4552 8 0.27
1619 9 0.39
2716 2 0.83
6756 3 0.79
3417 2 0.65
7033 8 0.72
976 5 0.43
3201 8 0.08
3671 8 0.59
2901 5 0.75
8822 8 0.38
2457 1 0.18
3487 8 0.43
4098 6 0.8
6787 4 0.51
9559 7 0.78
1511 4 0.01
2787 9 0.24
17 0 0.5
9496 7 0.32
1760 7 0.11
3812 7 0.66
9281 3 0.68
5931 3 0.43
9492 2 0.61
4736 6 0.29
2182 0 0.34
3306 3 0.98
2660 3 0.14
7573 6 0.9
2738 8 0.03
9787 2 0.0
8044 2 0.09
3311 0 0.94
7995 3 0.17
9941 2 0.3
2839 5 0.3
9542 9 0.15
1693 9 0.41
7543 8 0.44
1041 9 0.24
334 9 0.37
5871 6 0.82
2229 8 0.96
4689 0 0.68
8112 3 0.0
9693 6 0.42
8238 5 0.63
4168 7 0.58
9499 9 0.57
2445 0 0.67
4787 4 0.78
5444 1 0.75
2316 9 0.08
7410 0 0.59
8785 6 0.47
6644 4 0.63
2598 7 0.9
8109 2 0.71
9508 5 0.79
4883 1 0.45
6757 1 0.0
8063 4 0.42
2419 9 0.6
5137 7 0.54
9290 4 0.95
9742 0 0.41
40 2 0.25
6629 1 0.03
7933 4 0.57
9633 9 0.51
5134 0 0.72
1768 7 0.06
6866 3 0.83
9346 5 0.06
5675 9 0.33
6945 2 0.75
6512 5 0.71
4573 3 0.32
4639 6 0.02
9954 6 0.4
1222 9 0.12
9113 0 0.08
7251 8 0.18
2000 9 0.24
5858 6 0.44
1804 1 0.83
9015 8 0.27
856 5 0.01
9072 2 0.06
132 9 0.89
8216 1 0.26
7274 1 0.17
4243 8 0.74
2325 7 0.22
2445 1 0.19
7714 0 0.8
3404 9 0.16
7571 2 0.91
6730 4 0.98
4163 7 0.11
7364 5 0.69
4830 5 0.06
772 6 0.79
4532 4 0.17
6670 1 0.63
12 6 1.0
9621 1 0.98
287 5 0.2
1588 2 0.9
5775 3 0.03
4099 7 0.84
397 9 0.24
6432 2 0.08
6240 2 0.62
8238 0 0.05
1656 9 0.24
1975 7 0.62
8394 5 0.82
6679 1 0.72
1582 9 0.44
6551 1 0.16
9227 2 0.25
3830 4 0.72
910 9 0.36
6324 1 0.63
4387 4 0.95
4211 2 0.75
8531 3 0.77
4142 8 0.35
5611 2 0.45
2275 5 0.01
6041 3 0.01
5804 1 0.49
3638 6 0.17
3892 6 0.63
6358 4 0.47
6851 5 0.8
5017 0 0.63
5510 9 0.52
873 0 0.15
8547 7 0.49
1168 6 0.34
9974 9 0.37
4578 1 0.14
578 5 0.25
1526 5 0.11
3181 7 0.31
8469 8 0.94
5974 7 0.86
1876 2 0.46
8048 7 0.59
8796 8 0.5
4597 5 0.39
8866 5 0.27
5061 2 0.02
9977 2 0.16
970 1 0.44
7251 1 0.98
3694 9 0.36
6360 7 0.34
3670 7 0.23
2196 5 0.26
3106 2 0.88
9802 2 0.29
1881 0 0.09
688 6 0.23
6045 8 0.6
769 6 0.89
9885 1 0.21
9222 9 0.12
1208 9 0.19
3746 8 0.03
2457 6 0.95
4897 6 0.72
6680 3 0.76
9832 3 0.88
1350 5 0.21
9122 8 0.08
8833 7 0.85
3418 4 0.32
5894 6 0.38
6009 5 0.84
1204 9 0.44
8805 6 0.59
5593 5 0.72
2706 4 0.69
9884 8 0.34
5464 4 0.57
8301 0 0.57
7563 1 0.92
2715 1 0.88
9185 2 0.07
4798 9 0.17
3196 5 0.4
4379 8 0.18
172 3 0.2
3932 0 0.83
5977 1 0.64
6625 1 0.46
5648 8 0.47
3843 9 0.15
7072 4 0.47
9235 7 0.24
6221 0 0.09
5138 5 0.72
8663 8 0.49
1987 6 0.56
2573 9 0.67
5462 4 0.34
5869 7 0.77
4989 2 0.25
4476 0 0.24
3324 9 0.4
5101 2 0.02
3402 0 0.43
768 0 0.8
2096 0 0.06
5487 2 0.36
2528 2 0.07
8693 9 0.65
8634 9 0.02
2183 8 0.69
6950 2 0.72
9325 3 0.17
1035 9 0.66
7365 1 0.5
6089 3 0.74
5 0 0.7
7466 0 0.68
9581 8 0.42
8693 3 0.75
2066 6 0.12
723 7 0.5
2359 2 0.19
9258 2 0.36
9655 1 0.48
2566 8 0.77
4504 7 0.17
7844 4 0.76
4158 3 0.67
7049 5 0.05
5742 0 0.14
2902 1 0.45
4969 5 0.13
4094 3 0.2
2483 6 0.46
8905 4 0.57
6837 5 0.98
879 6 0.44
5996 2 0.98
9960 9 0.0
2927 1 0.78
6604 7 0.83
8815 5 0.1
7557 9 0.82
9582 4 0.01
9364 9 0.45
6231 6 0.94
5873 1 0.55
4281 5 0.08
3930 7 0.68
3208 5 0.66
5191 3 0.75
765 9 0.05
845 6 0.04
5369 6 0.29
2985 3 0.4
8905 2 0.25
8573 2 0.42
8349 8 0.26
1426 5 0.19
1708 4 0.01
1241 3 0.61
1653 7 0.25
4669 9 0.16
6243 8 0.9
2998 2 0.89
7870 5 0.35
6831 6 0.09
3384 2 0.87
4696 2 0.38
9324 3 0.13
9257 5 0.12
2539 0 0.1
6535 2 0.06
4936 0 0.4
6895 3 0.59
6192 0 0.82
5345 8 0.26
4845 5 0.77
5899 9 0.56
738 5 0.12
2967 1 0.15
5277 0 0.6
2203 3 0.68
8571 6 0.07
1256 0 0.28
2055 1 0.87
7531 1 0.68
9853 9 0.19
8822 7 0.89
6717 3 0.17
351 7 0.67
9052 0 0.32
6056 9 0.64
9429 4 0.82
1728 7 0.02
8642 0 0.34
3217 0 1.0
8681 3 0.58
7984 7 0.02
3326 9 0.95
4435 6 0.27
2420 9 0.61
4356 6 0.2
185 8 0.06
702 6 0.35
999 4 0.68
1599 9 0.58
8067 9 0.01
9225 5 0.25
2813 3 0.22
752 3 0.49
135 7 0.64
6192 7 0.53
208 2 0.61
2156 5 0.05
9940 1 0.29
3961 8 0.76
5549 4 0.97
7240 4 0.77
2515 8 0.49
7822 7 0.24
1506 1 0.61
705 4 0.75
8028 2 0.54
4163 9 0.62
9073 9 0.13
4571 5 0.56
7617 6 0.99
9445 5 0.95
7328 0 0.59
8075 6 0.39
1996 8 0.66
6241 8 0.09
8462 7 0.3
1749 0 0.5
3892 9 0.37
9769 3 0.86
8810 3 0.33
4415 6 0.26
6290 5 0.93
6980 7 0.91
3215 2 0.7
1458 4 0.95
7959 9 0.5
3758 8 0.78
6640 2 0.56
4709 4 0.44
4163 6 0.44
2212 3 0.71
4746 8 0.95
2103 3 0.49
7611 5 0.68
9690 5 0.78
9066 3 0.25
5761 4 0.23
5480 4 0.14
8167 1 0.18
9058 6 0.94
8008 8 0.76
9686 5 0.54
35 2 0.82
99 7 0.68
4316 6 0.28
9697 6 0.3
1956 7 0.81
8507 2 0.39
1135 8 0.3
7444 8 0.23
4961 1 0.69
5193 4 0.24
8971 2 0.2
1637 9 0.22
7288 7 0.43
6134 2 0.03
2827 8 0.78
1134 1 0.38
9117 2 0.7
9825 2 0.15
4135 3 0.69
6515 9 0.15
5932 0 0.42
7466 8 0.38
5404 4 0.89
3834 4 0.19
3757 7 0.67
9875 1 0.54
7081 5 0.42
5309 3 0.95
1202 8 0.9
367 8 0.24
595 2 0.85
3535 0 0.75
4943 8 0.76
8071 0 0.52
1120 0 0.55
694 5 0.19
87 2 0.32
6347 7 0.9
1237 0 0.09
8725 6 0.84
1827 4 0.06
8506 7 0.85
1448 4 0.98
7440 5 0.16
158 1 0.8
9530 6 0.41
9308 4 0.28
682 8 0.62
1878 8 0.43
523 2 0.57
3389 0 0.96
1301 8 0.17
4063 3 0.31
9278 2 0.04
7691 8 0.24
7770 1 0.18
2004 5 0.72
5230 5 0.99
3332 4 0.18
8875 5 0.68
9400 3 0.39
9290 9 0.17
7556 6 0.12
5997 9 0.63
8898 6 0.09
195 9 0.57
6456 3 0.46
7239 5 0.44
8754 7 0.81
7448 4 0.9
9622 5 0.34
5486 0 0.29
3349 7 0.58
8233 9 0.22
400 4 0.94
2683 0 0.27
1648 9 0.33
7049 2 0.66
2682 8 0.23
1866 1 0.71
5679 2 0.86
4612 6 0.99
7043 6 0.46
8971 6 0.54
7136 3 0.9
1694 7 0.98
7801 2 0.99
620 2 0.09
2342 7 0.09
7993 0 0.02
4416 1 0.98
6110 5 0.3
3560 6 0.61
6958 4 0.3
5656 5 0.8
698 7 0.26
8310 5 0.9
7895 9 0.61
9773 7 0.24
495 8 0.79
2408 5 0.09
414 8 0.31
4895 6 0.68
5909 3 0.61
4340 7 0.05
7959 6 0.64
8998 2 0.68
7601 5 0.81
5156 7 0.78
9433 1 0.23
4823 8 0.42
1185 4 0.3
81 1 0.07
9751 0 0.8
6158 4 0.31
7015 7 0.81
2009 3 0.42
435 9 0.28
7808 9 0.32
9098 4 0.55
9705 1 0.82
1389 7 0.04
525 7 0.32
7310 7 0.82
4905 6 0.5
9100 1 0.66
1953 0 0.8
9444 8 0.38
9263 9 0.92
4077 4 0.86
3746 5 0.64
3936 7 0.51
2162 7 0.27
5319 0 0.6
1099 7 0.37
763 8 0.68
8314 4 0.09
5391 2 0.33
1919 6 0.44
5546 5 0.43
6211 1 0.69
1474 3 0.43
8773 8 0.11
2917 3 0.22
2979 9 0.56
7678 8 0.13
4927 4 0.97
7047 3 0.49
8479 7 0.95
6794 3 0.17
4158 0 0.68
7875 2 0.5
7578 7 0.09
9902 0 0.97
4097 0 0.85
8205 3 0.05
5667 3 0.97
1086 7 0.69
162 0 0.46
5633 9 0.03
2885 4 0.94
1974 5 0.54
7257 3 0.71
5771 1 0.53
3599 0 0.55
5934 3 0.57
9574 6 0.8
371 6 0.41
145 7 0.05
767 0 0.95
3233 2 0.52
2359 2 0.31
9626 4 0.65
5300 1 0.17
4163 2 0.77
7607 3 0.93
6152 1 0.65
8777 1 0.57
9478 6 0.54
386 2 0.64
8208 6 0.34
3008 6 0.8
1527 8 0.85
8789 7 0.13
8335 3 0.16
5470 5 0.72
6916 3 0.96
2970 2 0.39
9663 9 0.63
8040 1 0.93
8666 4 0.49
2813 1 0.69
5453 5 0.14
4328 1 0.99
6073 7 0.68
8747 3 0.71
6694 9 0.88
8333 0 0.09
1036 8 0.05
1093 8 0.94
3874 8 0.52
2090 3 0.14
9456 1 0.97
9093 8 0.88
7461 1 0.1
2488 0 0.28
4813 4 0.68
1799 0 1.0
7277 7 1.0
4714 9 0.22
7555 3 0.94
8051 3 0.21
1976 0 0.23
9820 0 0.91
8178 5 0.0
4400 0 0.28
6930 7 0.01
8360 3 0.95
3717 4 0.35
860 3 0.64
1629 0 0.57
6287 3 0.58
3623 4 0.48
4490 2 0.76
9133 8 0.1
2328 7 0.99
5241 6 0.24
5885 9 0.3
3063 5 0.58
621 5 0.97
7841 6 0.35
8244 7 0.22
1379 5 0.53
1965 3 0.89
2659 1 0.25
148 8 0.6
5030 5 0.21
9006 2 0.62
1072 8 0.31
4278 7 0.98
2272 0 0.81
227 0 0.58
5190 3 0.08
6183 9 0.49
498 9 0.47
4089 8 0.14
2175 4 0.52
432 5 0.65
141 3 0.91
8616 6 0.06
373 0 0.83
6078 8 0.86
5638 4 0.23
778 1 0.28
2141 8 0.1
9139 7 0.93
1259 0 0.2
6878 7 0.27
6987 3 0.71
4575 1 0.22
8268 1 0.54
8258 6 0.94
8502 2 0.55
9272 1 0.98
7002 4 0.81
248 7 0.5
6252 9 0.86
5091 2 0.5
621 4 0.73
7736 4 0.17
8924 6 0.36
2645 8 0.21
6189 5 0.09
4442 5 0.57
2673 6 0.19
3558 8 0.85
8400 6 0.61
395 6 0.26
8127 1 0.04
2311 5 0.85
5424 7 0.15
7432 8 0.37
3664 4 0.8
832 0 0.7
6393 8 0.16
4684 8 0.75
3792 7 0.76
9746 9 0.66
8017 5 0.65
6487 5 0.31
3744 8 0.56
3411 4 0.66
6114 9 0.01
861 6 0.19
9800 8 0.27
4635 5 0.16
6546 3 0.82
8598 9 0.01
1543 9 0.36
2085 8 0.34
4791 2 0.52
4044 5 0.59
3769 9 0.01
8932 1 0.51
5064 1 0.91
9335 3 0.6
9222 7 0.84
6966 8 0.94
771 3 0.31
7307 2 0.62
6130 5 0.26
2876 2 0.08
7446 9 0.79
3617 6 0.87
1482 0 0.92
4785 3 0.96
4947 5 0.06
6491 5 0.31
4091 2 0.31
6824 7 0.31
214 6 0.86
7002 3 0.22
6310 7 0.74
5282 7 0.63
1349 7 0.16
4493 0 0.88
1665 4 0.04
1921 6 0.51
2056 8 0.98
1190 1 0.89
222 8 0.5
1714 9 0.91
9083 0 0.03
3043 9 0.29
9693 5 0.8
7905 3 0.56
8157 4 0.23
947 3 0.75
5495 7 0.07
8335 5 0.37
4321 3 0.43
9013 5 0.0
4036 5 0.76
2008 5 0.31
499 2 0.93
4508 3 0.52
1504 0 0.64
952 2 0.8
5629 2 0.34
7992 7 0.71
1918 2 0.66
7148 6 0.55
9951 1 0.21
2828 3 0.75
340 0 0.4
7674 0 0.23
5807 9 0.76
5314 8 0.04
6739 4 0.02
8363 0 0.45
4493 2 0.88
6129 3 0.19
6818 1 0.63
1209 3 0.28
1023 1 0.39
12 9 0.83
8845 6 0.9
5988 9 0.38
945 1 0.56
7094 7 0.59
5299 9 0.75
4277 2 0.97
5517 7 0.21
8751 7 0.02
4872 0 0.4
1324 6 0.38
5864 3 0.22
5176 6 0.25
9696 5 0.1
6291 0 0.14
1644 3 0.55
6512 7 0.06
6074 9 0.59
7349 6 0.02
6264 1 0.28
1004 9 0.38
9420 1 0.1
2351 7 0.46
9277 6 0.1
6859 6 0.49
3635 6 0.52
1442 5 0.2
8679 7 0.78
6689 9 0.38
7197 8 0.09
7281 3 0.16
8208 7 0.05
9015 1 0.64
4961 0 0.98
462 3 0.49
7090 7 0.07
3517 8 0.23
6030 7 0.32
3484 7 0.68
1327 2 0.74
7075 7 0.29
261 0 0.88
1222 3 0.57
8423 0 0.09
6660 4 0.41
7911 4 0.8
9492 5 0.48
9149 1 0.71
391 6 0.21
5586 4 0.06
7270 1 0.26
9128 5 0.67
7413 3 0.58
2121 3 0.63
3474 3 0.47
3009 4 0.19
9055 8 0.06
5612 4 0.46
4617 7 0.28
5627 5 0.79
2554 0 0.82
9903 3 0.59
4200 9 0.21
4933 5 0.85
5079 0 0.38
7212 1 0.83
1145 3 0.98
4082 5 0.72
4964 0 0.56
2660 6 0.64
6591 2 0.61
1019 7 0.68
2517 3 0.8
2961 6 0.4
5318 3 0.6
5980 2 0.64
5216 6 0.43
8431 5 0.86
2644 2 0.73
8216 2 0.41
1191 9 0.23
774 3 0.82
1479 2 0.85
4772 6 0.52
5746 8 0.48
7900 0 0.15
3012 9 0.28
2930 7 0.48
9948 0 0.99
4965 2 0.7
3979 4 0.16
5054 3 0.71
6543 8 0.32
5406 7 0.2
5908 6 0.61
5971 6 0.59
5117 7 0.04
4249 1 0.8
2830 6 0.99
8203 3 0.69
9122 3 0.34
4852 5 0.02
3226 4 0.71
8382 3 0.8
861 5 0.51
4890 8 0.49
3902 1 0.21
7210 4 0.69
3770 4 0.46
5854 0 0.99
4067 9 0.55
2232 4 0.62
6543 6 0.36
317 0 0.5
9224 8 0.91
8068 0 0.79
5656 1 0.02
8625 4 0.26
6869 1 0.99
3249 4 0.72
1542 0 0.28
3290 7 0.31
6167 9 0.13
3507 3 0.33
1712 7 0.16
7935 3 0.8
3297 0 0.74
5773 5 0.56
290 8 0.98
8114 8 0.83
9319 1 0.54
2938 3 0.86
9026 5 0.74
6527 6 0.8
9396 7 0.39
2239 0 0.65
9033 6 0.02
2612 4 0.37
1146 9 0.23
1688 6 0.03
13 9 0.42
5360 7 0.54
3002 6 0.24
7616 1 0.36
7148 2 0.06
6811 4 0.1
7726 7 0.54
6787 8 0.68
9682 8 0.84
5032 1 0.14
6812 8 0.75
4050 7 0.08
9545 6 0.08
602 7 0.38
1115 2 0.4
5310 1 0.41
3658 6 0.2
6290 0 0.26
3922 1 0.91
564 9 0.62
6257 9 0.3
355 9 0.59
5556 6 0.02
7817 5 0.5
8450 4 0.67
2766 5 0.19
2439 2 0.57
3458 0 0.63
1459 1 0.82
5660 3 0.44
5700 7 0.44
1408 8 0.11
7840 2 0.11
7421 6 0.62
8020 8 0.07
9540 9 0.86
6296 2 0.85
3179 3 0.89
5840 4 0.06
6366 7 0.84
777 4 0.19
4929 4 0.99
8649 3 0.78
548 1 0.65
6358 9 0.31
3397 8 0.09
2317 9 0.12
4967 7 0.62
5411 3 0.24
3854 2 0.97
4791 8 0.92
6898 1 0.21
5162 5 0.26
6099 5 0.9
9446 7 0.53
2926 4 0.59
6067 6 0.67
2735 0 0.62
5959 1 0.97
1079 2 0.91
9931 9 0.19
1337 6 0.72
4169 4 0.42
6974 0 0.55
7915 2 0.28
2295 5 0.56
2171 4 0.2
2787 1 0.6
6749 7 0.81
1085 2 0.24
9792 8 0.45
284 3 0.17
4917 1 0.83
5326 4 0.89
7877 0 0.82
1128 4 0.11
7215 6 0.19
1122 3 0.11
4239 3 0.38
5090 7 0.29
2529 7 0.1
5650 1 0.42
8834 4 0.17
1865 1 0.83
174 8 0.91
4166 0 0.04
5977 5 0.22
8762 7 0.39
326 4 0.55
2245 2 0.04
7890 6 0.07
6760 8 0.36
6353 6 0.07
6570 2 0.21
8432 3 0.5
8693 2 0.66
288 0 0.73
6101 9 0.56
3927 8 0.82
4535 1 0.29
4899 6 0.24
9776 8 0.96
3970 7 0.53
8710 8 0.29
7797 7 0.45
1499 7 0.3
3916 2 0.81
3548 6 0.7
7174 0 0.3
4169 6 0.73
328 7 0.71
7013 0 0.99
5363 5 0.49
4255 1 0.64
1916 1 0.07
3665 0 0.57
8581 4 0.37
2394 8 0.29
2108 7 0.94
1957 0 0.57
2982 9 0.91
3647 8 0.33
4285 3 0.15
6046 5 0.69
4760 0 0.12
8069 1 0.24
6700 9 0.74
9233 6 0.95
5608 0 0.29
5720 6 0.6
8377 1 0.83
6451 1 0.39
2169 0 0.37
8940 4 0.75
1053 9 0.9
7574 3 0.74
118 4 0.47
2431 9 0.59
6614 3 0.13
3484 0 0.91
6804 4 0.53
3495 9 0.35
8806 3 0.28
9393 8 0.05
3958 0 0.92
7454 3 0.65
4290 7 0.02
480 1 0.83
2603 5 0.37
911 8 0.39
2454 6 0.96
3319 7 0.03
1194 5 0.92
6120 3 0.84
3875 6 0.99
385 9 0.26
5285 7 0.93
9946 7 0.25
2010 3 0.22
7162 9 0.12
8917 8 0.3
6148 0 0.85
5229 8 0.46
1800 0 0.51
7361 6 0.65
3953 7 0.37
8356 4 0.81
5776 0 0.43
8371 1 0.42
510 5 0.19
567 4 0.09
8338 4 0.54
2966 4 0.22
2502 1 0.18
2443 9 0.84
7368 2 0.46
7881 0 0.89
5241 0 0.11
7504 7 0.19
3530 8 0.98
1865 8 0.85
4362 0 0.17
6158 1 0.83
5264 3 0.51
5093 3 0.37
8589 8 0.16
162 3 0.49
7816 7 0.15
5722 7 0.75
6544 4 0.23
2840 8 0.55
4862 2 0.61
4536 2 0.82
7251 4 0.91
3509 5 0.86
668 3 0.84
3141 3 0.74
7635 7 0.97
1564 5 0.05
5609 0 0.64
6000 1 0.62
2654 7 0.43
7151 6 0.28
5900 2 0.24
2200 4 0.77
9870 9 0.41
7672 6 0.4
1096 6 0.14
597 4 0.8
74 4 0.21
8189 5 0.08
2383 6 0.55
8420 7 0.68
4098 7 0.1
1966 4 0.7
6485 9 0.59
9426 4 0.57
8955 1 0.43
3541 0 0.19
2057 3 0.75
3275 5 0.42
2729 0 0.53
3623 7 0.97
1518 7 0.25
6261 9 0.47
7396 4 0.99
8614 1 0.74
3439 7 0.06
6598 1 0.06
4807 6 0.09
2695 5 0.22
6616 8 0.37
2439 5 0.23
857 2 0.21
3449 8 0.4
4619 6 0.75
5214 7 0.75
7024 4 0.17
1285 1 0.21
1427 4 0.48
2457 8 0.16
2084 0 0.38
4447 1 0.54
9436 1 0.24
6915 4 0.36
5590 2 0.44
530 1 0.49
1080 1 0.57
257 0 0.86
2379 6 0.59
3706 0 0.06
7983 3 0.24
8433 8 0.65
1628 4 0.67
3708 0 0.68
1645 5 0.05
2974 1 0.14
9304 2 0.69
6563 4 0.05
8945 6 0.39
1447 0 0.92
6247 6 0.24
4876 4 0.17
8209 4 0.78
1696 0 0.85
1604 1 0.8
7732 3 0.01
7835 6 0.73
1643 5 0.64
592 6 0.79
8528 3 0.77
9700 8 0.15
9186 0 0.37
7182 7 0.85
7162 4 0.74
2621 4 0.45
4843 2 0.71
1288 3 0.24
148 9 0.41
5066 2 0.74
4163 0 0.24
9252 4 0.05
1379 6 0.17
4151 8 0.19
1272 5 0.58
9461 8 0.28
6716 0 0.06
3143 3 0.27
3620 9 0.6
5511 2 0.99
50 8 0.04
981 8 0.32
6513 9 0.06
577 8 0.32
6316 8 0.06
7005 3 0.33
2741 0 0.28
9942 3 0.76
5725 3 0.38
2181 2 0.65
7672 0 0.97
6736 4 0.23
502 8 0.77
8956 4 0.08
1502 9 0.67
4351 0 0.42
8833 1 0.09
8229 3 0.78
7928 0 0.09
2347 0 0.19
4026 0 0.66
8022 2 0.16
9183 0 0.24
1636 7 0.03
9752 5 0.89
7935 0 0.51
346 0 0.68
3378 9 0.24
1710 0 0.67
8004 2 0.68
6866 3 0.92
3764 4 0.2
6166 5 0.78
3535 1 0.76
5407 9 0.79
3983 1 0.36
1243 2 0.6
6755 1 0.12
4418 5 0.75
8144 0 0.6
2028 7 0.99
7518 6 0.04
6877 9 0.24
4957 0 0.08
6778 7 0.5
5271 9 0.68
1006 3 0.34
9654 9 0.1
9478 2 0.05
379 5 0.47
508 4 0.75
8652 3 0.09
4991 6 0.4
2112 0 0.75
2776 3 0.78
464 4 0.97
263 3 0.34
9131 0 0.81
9042 2 0.93
6530 9 0.68
6977 4 0.19
5066 0 0.87
4170 2 0.7
5033 4 0.02
3623 3 0.71
9179 7 0.71
3121 3 0.26
9387 1 0.66
3031 6 0.56
4816 4 0.16
6074 6 0.34
7602 5 0.87
7287 1 0.07
3642 5 0.74
4182 0 0.07
7912 6 0.48
4145 3 0.47
8839 9 0.46
7144 1 0.6
5422 6 0.7
9887 0 0.03
1411 6 0.81
9179 3 0.43
5608 4 0.31
643 9 0.97
1369 8 0.39
886 5 0.04
2256 9 0.56
4208 4 0.91
9921 3 0.74
7163 0 0.33
2918 4 0.56
5358 2 0.29
106 5 0.41
5141 9 0.1
8400 0 0.04
7213 1 0.18
2636 7 0.54
1106 1 0.61
7740 3 0.47
7419 9 0.56
13 4 0.88
9542 9 0.28
5932 4 0.95
1868 2 0.45
1346 3 0.17
6806 7 0.14
4201 8 0.29
5272 1 0.33
9382 9 0.06
2088 9 0.35
8888 5 0.58
9449 1 0.83
9045 8 0.82
7023 6 0.84
961 2 0.27
7053 9 0.56
3362 5 0.07
8810 7 0.6
7670 7 0.51
2874 5 1.0
4420 8 0.13
1053 5 0.63
9136 1 0.13
4671 3 0.64
4796 3 0.36
526 6 0.61
4686 4 0.51
7476 3 0.49
7033 5 0.59
7755 3 0.62
3781 5 0.26
5270 2 0.69
3332 6 0.58
7169 1 0.1
4276 2 0.54
5524 0 0.35
28 1 0.77
1441 1 0.55
4970 0 0.66
5079 4 0.21
2463 9 0.36
4150 8 0.41
655 0 0.11
4172 4 0.95
4814 5 0.97
741 3 0.51
2362 1 0.6
2968 4 0.35
6739 3 0.05
6370 1 0.07
7919 4 0.91
2787 5 0.36
7807 7 0.51
5414 6 0.77
589 2 0.43
2867 6 0.06
3114 5 0.14
4800 9 0.74
7456 7 1.0
3914 0 0.45
5337 5 0.42
2797 0 0.04
6767 0 0.43
2256 1 0.76
6653 9 0.23
3458 5 0.25
6150 2 0.02
740 6 0.25
4662 8 0.65
9646 0 0.96
8006 3 0.74
7988 7 0.29
1959 1 0.46
1444 0 0.46
2584 2 0.09
7323 8 0.1
7474 7 0.74
1123 8 0.46
2455 4 0.49
6786 4 0.17
3203 2 0.99
8282 3 0.8
8002 4 0.31
2677 5 0.53
1779 1 0.23
5921 7 0.4
4294 4 0.02
8640 2 0.1
8794 5 0.42
8619 9 0.89
6605 5 0.84
3236 8 0.07
5198 6 0.54
1467 9 0.92
1908 8 0.31
3296 3 0.6
7344 6 0.89
995 0 0.91
9885 4 0.06
1528 6 0.46
2672 0 0.78
9902 9 0.99
7136 7 0.75
9740 4 0.09
3593 7 0.05
8913 0 0.72
7897 6 0.09
2871 1 0.81
5690 8 0.32
6221 7 0.21
8619 1 0.37
9999 4 0.62
7775 0 0.59
3537 3 0.53
6828 2 0.71
759 4 0.09
4325 4 0.46
892 7 0.66
5438 8 0.98
7425 0 0.22
8733 5 0.13
7542 8 0.83
2813 4 0.59
2483 9 0.44
8266 1 0.05
9570 0 0.56
5528 8 0.73
5150 0 0.11
4187 6 0.94
3438 8 0.19
4856 5 0.34
8501 4 0.6
2856 1 0.59
3389 9 0.67
2782 7 0.29
5573 7 0.97
5011 6 0.3
192 1 0.77
4628 8 0.92
4537 0 0.03
8384 9 0.17
4229 0 0.6
4445 3 0.53
8469 4 0.03
4426 4 0.79
1536 8 0.16
1335 3 0.39
2487 0 0.94
3991 4 0.15
3390 3 0.42
4789 0 0.22
1112 9 0.35
9146 4 0.27
9092 5 0.25
4565 8 0.21
2061 7 0.5
4766 3 0.06
6535 2 0.16
5796 1 0.53
6450 5 0.62
7652 2 0.81
3672 4 0.03
183 4 0.49
8452 6 0.28
541 7 0.11
2324 5 0.48
6978 4 0.75
1809 1 0.54
2746 2 0.44
968 8 0.37
3461 2 0.53
1560 4 0.88
5637 6 0.82
796 8 0.07
683 3 0.3
2412 8 0.13
7774 5 0.15
1063 0 0.43
4279 6 0.67
1962 8 0.11
1676 8 0.03
6997 1 0.01
2246 4 0.5
7489 9 0.22
4050 4 0.67
1998 7 0.53
1917 6 0.32
4522 4 0.06
203 8 0.82
7987 0 0.19
6635 9 0.12
2464 4 0.52
2566 2 0.32
4147 0 0.25
3683 3 0.54
701 6 0.3
728 9 0.65
620 1 0.23
6091 9 0.67
542 8 0.89
9029 3 0.69
5780 0 0.71
1673 5 0.03
5775 6 0.63
7073 7 0.54
4562 4 0.15
3302 2 0.01
6846 7 0.91
2564 2 0.02
4704 1 0.27
8001 5 0.7
2931 8 0.08
5421 3 0.11
5131 6 0.73
8428 8 0.97
4983 3 0.63
1144 1 0.58
2017 9 0.9
9414 7 0.75
382 1 0.54
3303 6 0.93
8195 9 0.26
5820 5 0.59
3666 8 0.38
5689 3 0.46
947 6 0.2
1281 7 0.4
5659 1 0.36
5420 1 0.9
5289 7 0.63
2555 8 0.37
3547 7 0.7
8128 3 0.73
8205 9 0.87
3419 0 0.71
8373 7 0.7
2767 6 0.12
9022 5 0.36
8082 7 0.86
6846 6 0.97
229 0 0.3
6379 2 0.51
5079 1 0.87
1245 1 0.84
7800 9 0.89
4982 1 0.65
5056 8 0.52
6838 4 0.21
1617 7 0.72
1953 0 0.92
2705 9 0.01
8907 6 0.23
8430 8 0.95
2140 5 0.65
4767 6 0.11
7659 8 0.31
5042 4 0.4
8721 0 0.76
470 7 0.25
3675 6 0.55
5141 6 0.8
4027 2 0.34
7014 7 0.85
6293 1 0.4
5576 2 0.93
3391 7 0.25
7841 0 0.18
7410 3 0.01
4346 3 0.52
9833 3 0.36
894 1 0.25
7261 0 0.08
8296 9 0.36
6613 4 0.04
5107 7 0.98
5934 5 0.57
6048 2 0.77
3923 0 0.07
9518 4 0.34
3435 5 0.68
8882 4 0.05
5147 6 0.17
8911 2 0.75
8805 7 0.6
5232 1 0.07
2272 2 0.93
7142 3 0.85
7502 6 0.04
9528 6 0.05
3194 4 0.21
28 0 0.44
4351 2 0.39
4556 1 0.93
7827 2 0.79
2933 0 0.66
2489 3 0.63
9415 7 0.2
6601 1 0.39
1942 5 0.9
2842 4 0.73
2523 3 0.2
5317 5 0.29
6697 0 0.88
8883 6 0.21
8831 2 0.79
171 8 0.39
9388 1 0.29
5190 1 0.06
3469 8 0.34
5443 2 0.39
4306 3 0.25
6584 9 0.92
9473 9 0.83
8055 4 0.03
9492 0 0.05
4680 4 0.64
7991 3 0.94
5570 6 0.95
2186 7 0.94
1796 2 0.54
2737 3 0.65
7514 4 0.45
6523 0 0.65
4073 0 0.64
9159 4 0.46
2253 5 0.41
915 5 0.92
3819 2 0.59
2304 1 0.61
4925 6 0.71
9530 6 1.0
8308 6 0.03
6094 5 0.46
4933 2 0.55
8756 3 0.58
5562 3 0.42
653 2 0.81
5736 8 0.94
4268 3 0.12
844 2 0.67
8367 2 0.32
1349 7 0.87
8547 8 0.99
8474 2 0.64
4409 6 0.32
3629 2 0.64
6942 5 0.09
1603 1 0.72
4996 4 0.73
9790 5 0.92
6701 6 0.91
8958 8 0.82
2487 6 0.37
1967 2 0.17
1573 0 0.52
9768 6 0.51
7641 5 0.88
59 5 0.45
5286 3 0.46
548 6 0.98
6682 5 0.68
6640 8 0.52
7254 6 0.71
3505 5 0.21
2272 6 0.51
776 9 0.59
343 4 0.59
395 0 0.48
6609 7 0.34
8474 9 0.77
6834 7 0.28
1912 0 0.63
4526 9 0.58
6434 3 0.98
421 4 0.26
1889 7 0.36
2245 0 0.62
6042 0 0.54
8833 3 0.73
6181 4 0.79
657 8 0.39
6396 2 0.33
6677 6 0.69
9616 4 0.23
886 2 0.18
6856 3 0.8
98 9 0.96
6162 0 0.91
2372 8 0.57
8334 1 0.48
9532 6 0.46
4997 3 0.01
4850 7 0.03
5533 2 0.7
4316 6 0.34
9819 8 0.6
5410 2 0.09
7878 8 0.68
3824 6 0.67
5465 5 0.13
6749 3 0.26
8978 2 0.99
3530 7 0.35
7213 7 0.45
5422 2 0.19
3308 3 0.68
5443 5 0.82
8877 5 0.09
5694 4 0.23
1159 1 0.74
5846 1 0.32
5931 4 0.81
7668 8 0.14
6382 0 0.03
9099 3 0.29
2239 7 0.09
107 8 0.42
2418 4 0.78
3332 2 0.42
9272 1 0.08
4910 4 0.5
3375 3 0.5
4151 8 0.33
3350 3 0.59
4275 1 0.07
3905 0 0.33
6035 8 0.81
3404 9 0.72
2562 9 0.94
49 4 0.59
7120 5 0.29
2365 3 0.71
1401 6 0.39
3138 3 0.77
5548 1 0.24
9061 3 0.47
1198 2 0.03
5070 8 0.96
2452 9 0.84
180 7 0.21
3948 8 0.34
8929 6 0.47
1737 8 0.05
4152 6 0.43
8444 0 0.33
7110 5 0.68
1142 4 0.65
315 8 0.73
9366 2 0.67
654 7 0.51
2387 2 0.47
2119 7 1.0
1483 3 0.07
302 4 0.86
2509 3 0.11
9725 4 0.82
991 1 0.23
3508 9 0.11
6052 8 0.35
8974 8 0.44
1490 8 0.43
1022 9 0.48
4781 1 0.44
4936 9 0.46
5826 6 0.8
3360 4 0.32
4204 0 0.47
14 2 0.55
1811 0 0.83
6134 4 0.32
8364 9 0.14
883 9 0.53
5619 0 0.09
3435 2 0.7
6954 5 0.27
4549 0 0.82
7830 8 0.17
2846 9 0.11
8185 3 0.17
9774 3 0.85
3503 1 0.47
6714 3 0.74
9425 8 0.59
3014 0 0.46
6209 7 0.66
5818 7 0.42
2202 3 0.01
1731 8 0.86
3804 8 0.51
999 3 0.61
6050 5 0.13
9551 3 0.76
7644 8 0.08
8423 3 0.08
9460 4 0.42
6356 7 0.4
5499 2 0.77
6842 6 0.99
1536 0 0.14
3943 7 0.14
3163 1 0.14
4069 8 0.5
4421 8 0.28
6492 8 0.33
2367 9 0.9
4524 4 0.28
8035 2 0.76
2419 3 0.71
7395 9 0.98
7097 0 0.29
8939 5 0.02
1181 5 0.58
