208 2 0.48
312 9 0.68
338 6 0.81
918 4 0.8
621 4 0.81
3 2 0.93
226 1 0.76
540 7 0.91
913 5 0.26
177 5 0.54
261 7 0.79
810 8 0.75
574 4 0.22
479 4 0.62
461 9 0.25
45 6 0.92
292 7 0.43
228 0 0.43
162 5 0.97
386 3 0.22
934 5 0.75
583 5 0.34
316 1 0.68
818 4 0.18
334 4 0.84
513 9 0.89
696 2 0.44
988 6 0.75
701 1 0.17
554 6 0.63
368 0 0.16
346 3 0.04
343 6 0.25
612 4 0.5
517 5 0.65
889 8 0.59
227 4 0.83
818 2 0.1
142 4 0.23
258 4 0.13
179 2 0.08
953 2 0.53
107 3 0.05
751 3 0.64
896 1 0.19
705 7 0.43
635 2 0.64
452 2 0.72
734 5 0.32
702 2 0.26
475 5 0.54
187 6 0.67
241 3 0.5
932 5 0.52
719 7 0.9
77 4 0.5
496 9 0.77
428 9 0.13
57 8 0.55
672 6 0.83
693 0 0.91
900 3 0.65
103 7 0.94
664 2 0.01
363 1 0.39
910 8 0.02
102 5 0.55
527 3 0.25
896 1 0.28
952 3 0.38
833 2 0.66
940 9 0.33
568 6 0.59
213 9 0.95
870 8 0.05
724 3 0.75
36 7 0.87
375 2 0.38
109 2 0.12
426 5 0.41
918 1 0.4
509 7 0.98
98 5 0.55
500 7 0.58
800 4 0.17
377 1 0.16
330 4 0.05
63 7 0.64
859 4 0.6
270 6 0.89
533 6 0.99
625 1 0.99
928 0 0.23
587 0 0.84
936 4 0.19
456 1 0.18
118 0 0.21
206 1 0.88
490 2 0.38
787 8 0.96
943 5 0.14
367 6 0.6
886 1 0.19
99 7 0.67
270 8 0.93
339 0 0.58
65 1 0.79
824 0 0.67
280 2 0.7
12 2 0.22
504 2 0.88
370 5 0.33
411 2 0.29
461 7 0.46
974 2 0.54
169 0 0.28
47 1 0.2
339 1 0.93
667 2 0.71
796 6 0.8
161 5 0.1
875 1 0.05
954 3 0.0
837 1 0.79
421 3 0.17
301 8 0.37
708 4 0.35
459 0 0.62
258 2 0.51
388 8 0.8
255 8 0.8
454 2 0.78
555 9 0.49
2 2 0.81
399 3 0.84
910 7 0.64
353 3 0.76
317 8 0.41
235 1 0.53
182 9 0.25
295 2 0.07
768 1 0.7
811 9 0.27
201 2 0.14
872 9 0.01
663 4 0.65
748 9 0.03
445 5 0.6
513 4 0.16
869 5 0.98
405 1 0.19
365 3 0.52
778 6 0.05
603 2 0.66
421 4 0.17
87 6 0.17
232 1 0.2
608 8 0.19
262 1 0.64
995 5 0.38
363 0 0.32
359 9 0.64
92 6 0.35
448 5 0.47
462 3 0.48
85 3 0.08
922 4 0.27
84 4 0.21
561 6 0.03
812 7 0.71
37 0 0.58
88 7 0.06
659 5 0.84
166 0 0.96
710 0 0.53
619 6 0.59
8 1 0.63
453 6 0.2
758 9 0.73
114 6 0.88
586 7 0.14
75 0 0.5
366 2 0.77
378 6 0.39
502 0 0.76
534 1 0.05
257 3 0.54
222 5 0.26
80 3 0.35
360 0 0.84
259 2 0.53
961 4 0.01
210 0 0.13
133 7 0.22
275 5 0.13
728 8 0.94
184 4 0.82
317 3 0.55
472 8 0.96
503 6 0.81
183 5 0.2
395 0 0.59
570 2 0.35
264 3 0.84
290 6 0.55
271 2 0.48
119 6 0.11
651 8 0.16
608 4 0.38
66 6 0.03
8 8 0.38
638 9 0.76
800 5 0.76
718 3 0.96
148 1 0.2
240 1 0.19
468 0 0.27
907 8 0.67
300 2 0.14
935 7 0.83
919 4 0.23
513 0 0.99
824 6 0.53
131 1 0.23
415 5 0.19
846 7 0.22
855 8 0.36
92 5 0.57
953 0 0.52
524 8 0.9
145 7 0.72
222 3 0.1
126 0 0.21
594 3 0.34
52 8 0.94
553 4 0.63
378 6 0.68
559 5 0.27
443 4 0.84
667 3 0.11
984 9 0.91
478 3 0.67
257 9 0.25
700 4 0.31
295 2 0.16
807 3 0.68
579 4 0.02
295 4 0.88
154 8 0.31
665 8 0.01
972 2 0.49
620 1 0.05
559 3 0.09
288 6 0.13
373 8 0.25
82 7 0.18
377 6 0.62
245 8 0.32
892 5 0.97
764 9 0.01
522 5 0.26
65 9 0.57
224 8 0.63
32 6 0.06
931 3 0.41
937 5 0.03
645 4 0.97
262 3 0.64
887 0 0.49
272 2 0.13
585 0 0.06
283 5 0.95
931 5 0.18
703 1 0.07
70 0 0.24
484 1 0.34
310 1 0.82
327 5 0.29
761 4 0.73
253 4 0.45
749 9 0.98
542 6 0.46
778 4 0.59
244 0 0.72
176 1 0.89
947 7 0.49
267 6 0.77
561 8 0.69
265 5 0.97
487 3 0.97
320 2 0.01
609 6 0.17
794 6 0.16
322 6 0.11
446 9 0.0
23 5 0.64
605 4 0.32
503 4 0.32
558 0 0.24
171 1 0.17
92 3 0.37
45 7 0.79
110 7 0.43
635 7 0.26
75 6 0.06
57 5 0.24
777 3 0.35
657 1 0.86
54 4 0.35
437 4 0.55
810 5 0.96
607 7 0.07
530 5 0.19
698 0 0.19
625 5 0.83
48 0 0.64
854 8 0.93
781 2 0.73
801 5 0.31
597 7 0.13
178 1 0.59
459 1 0.14
885 2 0.4
315 0 0.64
302 6 0.54
105 0 0.11
892 2 0.67
595 2 0.78
11 9 0.12
999 2 0.12
159 4 0.47
922 1 0.57
424 3 0.55
78 0 0.94
505 8 0.71
675 2 0.98
208 7 0.87
171 6 0.75
893 8 0.84
672 8 0.23
217 3 0.95
905 7 0.72
112 7 0.53
16 1 0.4
556 8 0.98
232 7 0.78
612 5 0.84
17 2 0.8
456 8 0.17
126 0 0.77
406 6 0.62
835 4 0.38
328 2 0.35
309 1 0.53
395 4 0.56
160 0 0.93
337 3 0.79
202 2 0.76
105 9 0.75
590 8 0.56
983 1 0.95
167 0 0.81
766 7 0.22
477 7 0.74
872 9 0.78
515 4 0.65
114 9 0.1
26 3 0.02
286 7 0.15
546 9 0.12
549 0 0.77
433 6 0.75
244 8 0.34
778 6 0.0
6 2 0.21
445 4 0.58
809 3 0.69
279 3 0.7
620 8 0.47
583 9 0.39
652 4 0.88
829 8 1.0
423 0 0.98
257 4 0.97
446 8 0.51
176 6 0.77
376 0 0.19
934 0 0.42
607 1 0.88
320 1 0.81
472 9 0.46
249 1 0.1
844 4 0.56
377 9 0.15
134 0 0.46
521 4 0.51
13 4 0.75
799 2 0.27
3 2 0.49
166 8 0.9
281 5 0.34
448 8 0.87
958 1 0.64
889 2 0.81
429 8 0.37
363 8 0.91
565 3 0.41
272 6 0.03
390 4 0.58
924 6 0.66
968 8 0.17
137 5 0.58
211 1 0.26
832 8 0.93
290 8 0.39
433 4 0.4
262 7 0.37
951 4 0.32
629 2 0.25
702 8 0.99
59 4 0.07
137 1 0.64
363 1 0.31
711 4 0.91
683 9 0.8
919 4 0.15
568 8 0.28
124 7 0.59
955 2 0.64
365 6 0.2
297 8 0.89
687 0 0.91
357 0 0.27
118 7 0.47
800 2 0.63
354 5 0.84
967 0 0.4
123 0 0.97
697 3 0.28
307 7 0.75
705 1 0.29
797 5 0.98
670 6 0.87
133 1 0.3
400 0 0.1
997 8 0.36
649 3 0.75
448 0 0.02
645 1 0.54
21 4 0.97
681 0 0.38
433 6 0.98
114 4 0.3
838 2 0.83
211 5 0.7
782 5 0.77
239 5 0.0
761 7 0.31
471 1 0.25
625 0 0.85
976 2 0.4
872 4 0.14
253 8 0.71
424 4 1.0
49 8 0.78
737 0 0.07
457 7 0.98
498 4 0.28
823 2 0.21
660 2 0.56
313 8 1.0
205 7 0.01
896 5 0.14
908 4 0.32
511 7 0.86
974 9 0.51
772 5 0.25
848 3 0.26
7 6 0.78
474 0 0.45
391 0 0.0
130 0 0.79
544 4 0.4
231 0 0.57
504 4 0.21
285 6 0.31
522 5 0.29
951 6 0.52
149 6 0.26
801 9 0.75
673 0 0.52
647 4 0.74
151 4 0.53
727 1 0.13
960 5 0.24
60 8 0.93
628 1 0.18
55 7 0.18
585 6 0.65
437 1 0.06
152 3 0.42
335 2 0.23
620 5 0.24
874 4 1.0
752 9 0.64
639 9 0.54
947 9 0.31
503 9 0.89
650 7 0.7
845 2 0.76
672 9 0.88
75 2 0.59
446 1 0.29
926 2 0.32
54 3 0.57
404 3 0.15
452 5 0.63
460 9 0.91
158 0 0.23
739 5 0.12
470 5 0.4
727 5 0.64
676 4 0.1
184 2 0.6
336 8 0.79
823 0 0.12
760 9 0.92
586 9 0.88
0 3 0.93
208 8 0.19
255 4 0.16
410 6 0.0
288 3 0.88
201 4 0.09
44 6 0.65
725 7 0.84
180 4 0.84
205 3 0.42
203 3 0.68
301 9 0.32
119 0 0.75
495 0 0.96
648 6 0.34
414 4 0.9
532 6 0.86
282 3 0.13
287 9 0.8
23 6 0.39
345 3 0.94
921 9 0.27
271 6 0.16
199 3 0.3
268 3 0.56
479 7 0.47
636 9 0.77
235 7 0.06
52 6 0.91
312 3 0.81
687 9 0.83
164 4 0.06
882 5 0.6
897 4 0.68
398 1 0.93
465 6 0.19
192 7 0.3
586 2 0.7
719 8 0.47
245 9 0.03
945 4 0.72
536 1 0.04
84 6 0.9
459 0 0.06
692 5 0.08
801 2 0.98
35 4 0.98
572 5 0.92
819 1 0.95
279 0 0.6
856 3 0.44
169 7 0.23
902 5 0.39
318 3 0.17
927 4 0.22
582 2 0.24
30 2 0.26
120 0 0.44
708 0 0.64
635 8 0.09
259 7 0.53
237 0 0.93
327 4 0.54
377 5 0.12
328 3 0.6
742 9 0.35
789 6 0.33
939 8 0.89
448 4 0.17
552 7 0.53
108 9 0.66
161 7 0.42
879 7 0.03
176 3 0.53
758 4 0.82
583 5 0.54
418 0 0.51
403 6 0.41
609 1 0.12
825 0 0.49
105 0 0.18
966 9 0.93
68 8 0.82
655 9 0.3
362 8 0.96
200 2 0.01
438 9 0.62
794 9 0.13
267 1 0.48
158 7 0.16
522 0 0.99
45 6 0.3
612 1 0.12
498 4 0.17
687 3 0.51
221 8 0.95
679 2 0.13
39 3 0.59
496 7 0.02
966 3 0.37
635 9 0.46
910 9 0.74
826 0 0.51
562 6 0.21
707 7 0.15
201 1 0.58
833 1 0.89
384 9 0.82
147 7 0.49
79 1 0.86
522 8 0.3
895 1 0.56
723 2 0.87
373 8 0.55
131 9 0.56
130 9 0.21
861 2 0.64
943 7 0.27
360 2 0.68
358 3 0.93
343 2 0.72
39 2 0.86
964 3 0.66
359 1 0.95
734 1 0.65
650 6 0.12
302 3 0.76
124 7 0.45
809 9 0.31
440 4 0.53
372 5 0.74
776 9 0.31
90 7 0.36
756 8 0.16
282 6 0.57
352 9 0.65
419 4 0.5
160 3 0.25
65 2 0.9
168 9 0.32
894 8 0.49
490 0 0.12
140 0 0.47
107 6 0.4
756 3 0.54
113 5 0.35
417 3 0.5
93 7 0.67
330 5 0.21
619 8 0.41
324 0 0.54
4 3 0.34
836 0 0.01
617 3 0.58
643 7 0.81
851 5 0.78
500 3 0.48
22 3 0.88
75 3 0.29
0 6 0.35
855 8 0.95
54 6 0.7
602 7 0.23
453 5 0.49
842 6 0.54
836 5 0.1
322 1 0.55
725 7 0.1
346 5 0.5
255 4 0.96
708 7 0.71
638 7 0.22
840 9 0.16
975 1 0.03
676 8 0.37
781 5 0.25
408 8 0.99
686 3 0.16
94 4 0.42
741 3 0.07
420 2 0.41
611 3 0.04
880 8 0.93
911 6 0.35
144 8 0.65
454 3 0.56
961 7 0.97
7 8 0.47
518 4 0.91
161 0 0.84
935 3 0.16
156 2 0.02
653 0 0.9
304 0 0.39
92 6 0.72
864 5 0.76
797 1 0.15
832 1 0.45
771 2 0.42
273 6 0.94
213 0 0.32
86 7 0.84
993 7 0.07
619 6 0.72
806 9 0.11
525 9 0.0
497 2 0.07
898 3 0.88
729 4 0.55
645 0 0.71
234 2 0.3
693 5 0.68
150 5 0.24
662 6 0.39
979 9 0.11
280 1 0.7
18 6 0.95
203 4 0.99
107 3 0.2
862 5 0.52
747 7 0.52
627 0 0.73
678 2 0.8
858 4 0.4
875 6 0.72
658 7 0.99
637 0 0.25
166 8 0.65
82 0 0.38
819 2 0.49
473 5 0.74
602 0 0.94
935 3 0.85
774 0 0.41
44 0 0.36
730 6 0.39
776 3 0.26
296 2 0.99
363 9 0.44
898 3 0.84
550 4 0.43
2 9 0.36
394 2 0.58
515 6 0.0
63 3 0.97
419 6 0.2
191 3 0.43
908 6 0.59
648 8 0.28
501 6 0.08
151 7 0.61
372 2 0.78
307 9 0.39
393 9 0.28
145 1 0.04
266 2 0.35
927 8 0.32
89 2 0.94
731 4 0.44
929 7 0.28
764 1 0.72
895 7 0.3
280 8 0.45
600 8 0.3
6 0 0.6
93 5 0.29
342 5 0.61
357 7 0.01
666 6 0.9
993 8 0.15
709 8 0.61
143 3 0.14
663 1 0.48
988 3 0.56
503 1 0.06
69 8 0.93
13 8 0.26
946 9 0.62
960 6 0.65
470 6 0.52
589 1 0.29
660 4 0.24
781 3 0.75
300 6 0.68
379 0 0.75
159 0 0.62
84 4 0.4
427 9 0.94
111 1 0.15
139 5 0.49
305 9 0.2
658 7 0.4
840 6 0.92
388 3 0.82
550 5 0.26
588 6 0.6
136 2 0.36
192 9 0.78
206 2 0.14
279 3 0.7
195 9 0.69
647 8 0.59
720 8 0.93
267 5 0.57
191 5 0.74
960 1 0.57
680 7 0.35
432 4 0.52
418 7 0.3
951 0 0.73
91 5 0.54
315 5 0.54
140 0 0.49
529 0 1.0
26 8 0.51
282 5 0.7
98 2 0.99
55 1 0.26
885 2 0.16
822 9 0.36
867 2 0.41
47 3 0.61
194 4 0.5
453 9 0.03
83 7 0.27
638 5 0.05
34 8 0.49
349 4 0.62
735 7 0.93
734 7 0.89
145 6 0.29
663 7 0.27
860 1 0.38
420 9 0.97
346 5 0.67
105 5 0.64
943 5 0.65
811 5 0.67
70 9 0.1
904 6 0.19
754 1 0.39
903 8 0.85
786 4 0.58
978 9 0.55
778 8 0.52
893 4 0.5
125 7 0.97
999 2 0.16
418 3 0.61
749 0 0.49
205 5 0.73
229 2 0.11
556 8 0.41
536 7 0.65
282 9 0.11
483 4 0.46
585 7 0.37
284 2 0.56
414 5 0.72
972 0 0.68
177 3 0.17
98 1 0.46
781 1 0.39
557 3 0.38
189 4 0.71
799 3 0.06
995 0 0.91
368 0 0.11
553 3 0.54
406 8 0.57
114 5 0.38
909 3 0.02
97 9 0.69
94 3 0.71
523 2 0.41
764 7 0.67
848 6 0.0
931 5 0.49
737 6 0.31
616 5 0.42
253 5 0.87
860 4 0.88
51 4 0.19
471 4 0.77
961 2 0.81
385 3 0.65
652 1 0.66
714 0 0.41
11 0 0.92
814 4 0.15
157 7 0.54
359 4 0.79
785 0 0.14
162 4 0.65
520 8 0.38
637 6 0.58
554 0 0.46
297 9 0.78
684 4 0.88
635 2 0.69
615 7 0.77
640 6 0.47
188 2 0.83
793 6 0.51
13 0 0.68
34 6 0.55
167 9 0.78
427 2 0.1
940 9 0.92
405 4 0.27
386 8 0.47
160 6 0.29
411 7 0.53
329 9 0.71
197 7 0.28
302 0 0.74
347 1 0.48
265 2 0.51
800 0 0.57
678 7 0.6
238 4 0.32
523 1 0.41
489 0 0.32
215 1 0.23
618 9 0.53
101 5 0.18
994 9 0.21
576 6 0.34
455 9 0.13
134 3 0.13
500 6 0.43
947 3 0.58
458 7 0.61
91 0 0.64
296 8 0.67
192 1 0.2
215 7 0.8
504 1 0.48
645 7 0.27
763 2 0.8
310 2 0.19
106 0 0.31
905 8 0.13
203 9 0.57
32 1 0.33
777 8 0.77
645 7 0.8
578 0 0.6
718 0 0.03
509 3 0.56
14 9 0.98
211 8 0.67
952 3 0.46
139 2 0.28
293 6 0.04
554 1 0.53
754 9 0.57
898 7 0.79
284 5 0.38
410 0 0.54
863 9 0.25
722 0 0.94
88 8 0.41
349 6 0.5
909 9 0.17
410 0 0.19
579 7 0.37
354 1 0.34
70 0 0.64
634 5 0.45
781 7 0.79
240 4 0.07
3 3 0.06
577 8 0.1
924 4 0.38
362 2 0.4
702 8 0.71
207 1 0.49
54 9 0.63
841 4 0.91
632 8 0.77
129 0 0.82
186 5 0.75
927 7 0.46
537 6 0.69
3 9 0.97
107 2 0.05
340 8 0.81
253 9 0.17
993 8 0.38
619 1 0.55
532 4 0.79
390 4 0.85
102 2 0.16
154 7 0.64
602 7 0.68
381 3 0.47
821 0 0.87
88 5 0.34
889 0 0.04
144 4 0.52
646 2 0.48
196 2 0.49
608 2 0.08
617 8 0.45
412 1 0.9
19 9 0.84
826 4 0.02
281 2 0.96
503 1 0.61
188 5 0.5
157 4 0.87
548 1 0.54
972 6 0.54
692 7 0.08
995 6 0.37
56 2 0.94
106 6 0.61
684 3 0.14
804 7 0.62
872 2 0.61
341 2 0.64
102 7 0.89
971 6 0.7
705 1 0.74
970 4 0.86
208 6 0.65
476 7 1.0
398 9 0.6
926 7 0.66
363 2 0.16
728 9 0.26
735 0 0.28
530 3 0.26
565 8 0.58
419 2 0.64
275 4 0.92
196 7 0.47
85 3 0.46
198 6 0.77
288 8 0.3
665 5 0.1
55 1 0.35
538 3 0.11
302 7 0.13
393 5 0.03
348 5 0.04
402 0 0.51
702 0 0.05
921 3 0.93
282 6 0.52
669 8 0.04
264 7 0.89
723 9 0.29
794 0 0.52
408 5 0.13
796 9 0.48
669 9 0.37
716 3 0.66
690 0 0.46
670 2 0.46
354 4 0.95
484 2 0.01
229 3 0.56
97 9 0.16
46 2 0.14
967 2 0.99
259 4 0.16
13 1 0.38
209 4 0.0
292 2 0.46
227 1 0.89
628 9 0.55
824 7 0.5
485 3 0.52
539 8 0.9
928 9 0.99
129 7 0.35
165 3 0.71
737 0 0.03
420 2 0.3
975 1 0.22
434 0 0.06
528 2 0.71
204 7 0.47
495 7 0.43
957 7 0.87
449 9 0.04
422 3 0.46
963 5 0.14
710 3 0.38
617 4 0.54
506 9 0.07
279 3 0.49
177 6 0.04
827 8 0.84
518 3 0.17
943 9 0.9
903 8 0.97
935 2 0.25
633 6 0.69
93 1 0.93
181 6 0.93
18 8 0.52
141 0 0.28
858 1 0.88
745 4 0.7
847 4 0.37
340 6 0.38
151 9 0.51
125 3 0.58
810 8 0.77
865 0 0.05
993 9 0.82
549 5 0.99
776 1 0.15
674 3 0.89
442 2 0.44
652 2 0.07
634 2 0.71
486 0 0.1
467 3 0.49
154 3 0.66
394 2 0.98
366 5 0.9
859 0 0.67
85 8 0.18
502 1 0.91
592 2 0.54
770 5 0.28
736 3 0.21
275 6 0.4
737 3 0.41
177 1 0.85
304 5 0.39
731 2 0.47
351 8 0.87
525 2 0.97
184 5 0.87
884 6 0.96
849 4 0.4
568 1 0.33
814 7 0.44
791 5 0.8
716 5 0.48
273 7 0.62
336 5 0.29
765 8 0.31
181 0 0.6
159 0 0.22
621 6 0.17
281 3 0.66
732 9 0.34
754 5 0.41
636 0 0.94
962 4 0.2
597 5 0.58
349 8 0.24
981 3 0.02
513 2 0.44
974 8 0.34
54 7 0.64
824 2 0.86
512 2 0.71
524 2 0.33
941 7 0.38
622 6 0.94
436 4 0.92
428 5 0.09
551 3 0.63
932 6 0.26
288 7 0.37
316 3 0.79
768 3 0.12
658 5 0.82
492 5 0.81
114 7 0.89
352 4 0.73
62 1 0.75
33 4 0.8
56 1 0.53
324 9 0.07
284 7 0.68
883 6 0.78
113 7 0.76
561 0 0.79
967 9 0.83
26 7 0.65
47 4 1.0
965 9 0.69
839 1 0.61
1 7 0.11
302 3 0.02
599 4 0.21
807 2 0.25
178 3 0.51
649 0 0.82
145 1 0.38
617 3 0.01
285 3 0.07
724 4 0.45
308 7 0.15
206 8 0.04
150 7 0.01
790 8 0.25
32 2 0.11
232 7 0.16
365 9 0.98
24 9 0.32
774 4 0.52
404 0 0.76
381 8 0.62
699 7 0.4
473 5 0.48
827 1 0.61
381 4 1.0
196 7 0.88
399 0 0.05
890 5 0.73
787 5 0.44
852 3 0.36
845 2 0.07
734 4 0.11
200 3 0.97
472 7 0.28
356 7 0.51
372 8 0.4
232 2 0.67
722 5 0.72
74 2 0.06
24 9 0.33
894 3 0.02
280 3 0.68
32 1 0.79
353 4 0.65
646 2 0.38
536 9 0.78
614 9 0.41
371 1 0.98
191 8 0.08
48 5 0.31
189 1 0.28
221 6 0.76
915 1 0.06
98 0 0.6
246 7 0.28
989 5 0.35
262 3 0.41
953 7 0.57
492 8 0.33
882 8 0.98
384 4 0.34
437 6 0.97
928 8 0.63
442 7 0.04
310 5 0.57
153 2 0.53
677 1 0.98
818 3 0.77
551 6 0.38
469 7 0.08
696 1 0.29
459 4 0.76
232 8 0.94
289 2 0.64
547 2 0.92
540 6 0.16
130 5 0.37
114 0 0.33
977 1 0.51
979 1 0.39
234 9 0.82
747 8 0.61
496 7 0.24
113 2 0.62
784 4 0.53
92 1 0.11
646 9 0.16
125 2 0.76
159 8 0.97
318 8 0.0
224 9 0.16
213 7 0.4
39 7 0.44
459 3 0.38
857 6 0.68
326 1 0.37
955 6 0.43
544 7 0.26
776 9 0.37
565 5 0.75
200 7 0.86
55 2 0.52
63 4 0.46
699 6 0.49
658 3 0.04
27 3 0.74
833 6 0.62
879 2 0.55
310 3 0.49
442 8 0.74
278 2 0.41
514 1 0.61
81 4 0.53
834 2 0.47
80 0 0.34
389 4 0.13
447 3 0.37
232 7 0.23
876 4 0.01
183 4 0.09
393 0 0.25
768 5 0.82
383 7 0.23
915 6 0.21
328 9 0.69
380 5 0.48
238 6 0.55
179 4 0.23
595 1 0.31
166 1 0.1
334 6 0.82
953 2 0.35
277 3 0.06
744 8 0.98
403 8 0.86
380 3 0.44
789 2 0.62
41 3 0.82
471 5 0.86
5 0 0.16
469 2 0.55
755 9 0.83
493 8 0.16
784 4 0.99
18 5 0.84
461 5 0.19
855 6 0.24
360 4 0.76
914 0 0.49
832 7 0.31
911 2 0.96
784 3 0.9
867 2 0.22
587 4 0.65
848 2 0.56
955 8 0.01
975 1 0.74
327 1 0.48
153 0 0.61
351 9 0.47
497 4 0.19
111 4 0.24
425 7 0.55
966 9 0.44
835 1 0.36
479 5 0.84
951 6 0.98
156 9 0.84
976 1 0.49
211 5 0.85
763 8 0.85
839 6 0.05
978 9 0.06
941 9 0.76
602 5 0.34
180 3 0.0
52 1 0.13
453 5 0.31
302 2 0.16
520 9 0.54
312 2 0.67
785 0 0.52
716 0 0.19
538 4 0.96
90 7 0.81
106 4 0.87
312 2 0.33
245 5 0.87
59 7 0.24
201 6 0.52
535 4 0.49
890 9 0.78
649 8 0.21
49 7 0.44
438 2 0.25
993 9 0.27
942 0 0.68
734 4 0.95
456 1 0.64
938 0 0.07
254 2 0.1
696 6 0.58
412 3 0.27
661 6 0.54
406 9 0.54
419 8 0.5
870 1 0.17
130 2 0.35
11 4 0.02
136 6 0.46
403 4 0.58
547 6 0.12
463 9 0.59
956 8 0.62
618 6 0.54
330 3 0.99
485 3 0.06
68 2 0.1
434 9 0.19
436 0 0.77
925 4 0.23
262 9 0.83
758 4 0.37
665 0 0.21
918 2 0.28
750 2 0.01
329 9 0.61
439 4 0.13
609 5 0.43
245 5 0.44
177 0 0.46
778 1 0.99
910 9 0.16
261 6 0.76
824 5 0.7
759 6 0.77
164 2 0.42
150 5 0.5
836 1 0.84
282 0 0.14
830 3 0.09
998 4 0.76
315 6 0.75
272 6 0.89
520 0 0.31
6 6 0.06
918 4 0.92
510 0 0.64
759 1 0.04
583 8 0.69
96 8 0.51
183 1 0.05
763 6 0.39
584 8 0.87
340 0 0.42
469 8 0.87
20 6 0.6
111 3 0.75
569 9 0.66
24 7 0.19
372 5 0.62
285 2 0.81
895 1 0.8
15 0 0.57
873 4 0.8
229 8 0.07
25 8 0.12
674 4 0.82
755 2 0.0
101 0 0.27
562 2 0.01
751 9 0.87
943 1 0.65
96 5 0.55
748 2 0.68
542 5 0.86
813 9 0.26
461 2 0.78
282 3 0.91
489 0 0.32
686 8 0.15
169 0 0.06
609 8 0.37
554 2 0.53
324 6 0.07
801 2 0.04
566 8 0.66
43 2 0.3
611 7 0.91
864 5 0.07
236 5 0.68
712 4 0.73
988 5 0.41
756 9 0.66
695 1 0.59
712 1 0.86
892 6 0.98
598 4 0.44
646 5 0.28
299 8 0.85
808 8 0.33
225 4 0.52
531 5 0.71
96 6 0.24
473 7 0.99
800 8 0.25
749 0 0.83
790 7 0.8
817 3 0.8
287 9 0.29
461 9 0.56
348 8 0.87
95 6 0.77
745 9 0.83
131 0 0.36
614 9 0.3
423 7 0.87
259 7 0.01
427 8 0.17
968 2 0.8
886 3 0.03
900 9 0.13
33 1 0.28
437 5 0.07
987 9 0.23
88 9 0.29
521 2 0.27
799 6 0.64
539 5 0.56
713 0 0.89
513 5 0.91
179 9 0.27
877 6 0.79
350 8 0.42
109 5 0.61
6 1 0.08
582 3 0.74
600 5 0.89
583 1 0.76
459 5 0.6
707 0 0.76
418 2 0.27
123 1 0.56
955 4 0.4
889 7 0.65
183 3 0.66
938 2 0.44
162 5 0.64
430 0 0.03
855 9 0.27
236 3 0.16
842 1 0.04
572 6 0.84
512 1 0.26
676 9 0.14
192 0 0.48
252 9 0.32
525 2 0.55
701 9 0.77
459 0 0.45
612 7 0.09
193 5 0.66
13 2 0.52
855 9 0.57
842 7 0.39
984 8 0.28
237 3 0.31
980 6 0.02
521 9 0.25
27 6 0.83
946 3 0.96
683 2 0.43
628 3 0.47
430 8 0.1
145 8 1.0
814 9 0.26
576 3 0.02
854 1 0.73
265 6 0.76
562 4 0.53
754 8 0.55
419 7 0.95
222 0 0.49
97 5 0.02
733 1 0.25
790 0 0.83
718 9 0.3
728 5 0.56
929 0 0.59
430 8 0.99
776 1 0.19
112 4 0.98
325 8 0.79
193 7 0.79
584 0 0.48
45 3 0.36
942 7 0.52
919 4 0.04
561 3 0.07
300 8 0.06
948 7 0.1
267 8 0.52
626 0 0.03
237 1 0.08
352 7 0.22
580 0 0.82
563 7 0.03
105 7 0.93
24 2 0.15
712 1 0.89
888 9 0.03
558 5 0.72
208 5 0.44
623 5 1.0
16 5 0.48
558 5 0.34
93 8 0.94
850 0 0.49
111 3 0.03
536 4 0.82
158 5 0.23
411 5 0.36
757 4 0.53
503 7 0.27
193 3 0.85
431 3 0.05
155 7 0.77
457 9 0.33
44 9 0.41
911 2 0.89
421 1 0.76
191 5 0.75
702 0 0.13
410 3 0.13
366 7 0.79
601 9 0.95
577 6 0.37
455 2 0.42
683 1 0.79
720 9 0.98
953 1 0.28
465 3 0.16
372 9 0.88
150 6 0.22
682 2 0.52
536 8 0.29
825 1 0.39
53 8 0.01
65 0 0.27
64 7 0.53
487 1 0.02
128 3 0.26
232 9 0.71
68 9 0.69
259 6 0.99
624 9 0.21
304 2 0.87
154 0 0.66
737 6 0.39
324 3 0.68
149 6 0.8
809 9 0.3
175 2 0.4
206 2 0.92
29 7 0.29
700 2 0.3
535 1 0.31
358 5 0.01
874 9 0.33
722 9 0.23
386 0 0.77
980 6 0.31
562 5 0.16
234 3 0.93
130 4 0.94
836 7 0.4
879 1 0.07
983 9 0.25
859 8 0.13
668 8 0.9
889 5 0.09
996 6 0.15
559 0 0.5
243 5 0.97
995 9 0.85
194 7 0.64
126 6 0.58
616 0 0.88
184 9 0.1
743 9 0.34
520 6 0.97
393 4 0.63
119 3 0.86
764 0 0.65
362 1 0.8
603 3 0.88
747 2 0.08
107 2 0.65
986 0 0.03
510 4 0.28
521 4 0.66
56 8 0.49
222 9 0.75
757 1 0.2
884 3 0.55
643 7 0.21
222 0 0.21
492 3 0.3
703 1 0.52
108 9 0.24
96 1 0.01
66 4 0.01
240 4 0.59
969 0 0.67
0 2 0.23
149 6 0.82
728 2 0.75
872 8 0.26
600 8 0.23
607 9 0.95
280 9 0.36
25 7 0.27
542 2 0.86
559 7 0.34
113 8 0.01
582 6 0.13
740 1 0.3
329 7 0.13
271 6 0.07
513 2 0.23
224 1 0.38
190 5 0.69
855 4 0.75
486 7 0.98
90 4 0.21
382 4 0.4
483 2 0.49
528 5 0.58
508 9 0.36
887 3 0.34
133 6 0.93
144 8 0.31
749 7 0.23
323 6 0.59
25 2 0.49
16 0 0.14
855 5 0.53
969 0 0.43
745 7 0.42
23 4 0.44
710 4 0.47
413 9 0.21
935 5 0.06
678 4 0.4
826 9 0.34
816 7 0.18
226 9 0.09
207 9 0.28
837 8 0.46
76 7 0.78
974 1 0.66
487 7 0.32
677 0 0.31
571 5 0.72
671 9 0.87
274 6 0.23
54 6 0.78
360 8 0.14
585 3 0.91
301 3 0.88
609 1 0.63
754 9 0.96
744 2 0.55
365 5 0.96
823 7 0.86
734 0 0.79
518 1 0.19
648 5 0.83
881 9 0.01
692 8 0.7
804 9 0.76
672 0 0.34
916 3 0.56
340 4 0.41
123 7 0.48
364 3 0.77
639 2 0.99
673 7 0.79
677 9 0.43
106 6 0.63
163 2 0.3
705 2 0.91
474 7 0.84
517 9 0.4
531 9 0.04
873 9 0.03
819 6 0.15
364 0 0.41
610 5 0.13
16 5 0.95
965 7 0.59
521 8 0.08
684 2 0.89
860 8 0.67
749 1 0.12
846 2 0.68
454 6 0.81
902 5 0.81
673 1 0.13
858 4 0.93
674 9 0.49
38 4 0.74
290 1 0.71
914 3 0.01
768 9 0.5
205 5 0.93
206 1 0.62
90 1 0.12
618 7 0.38
732 3 0.61
67 2 0.52
333 4 0.56
970 3 0.33
854 2 0.15
526 0 0.86
279 4 0.6
479 3 0.01
132 7 0.41
808 4 0.53
291 3 0.78
173 6 0.31
686 5 0.36
430 0 0.58
196 9 0.93
786 9 0.35
819 1 0.76
405 4 0.1
398 6 0.49
662 1 0.99
561 3 0.45
732 6 0.5
524 1 0.54
133 1 0.94
252 3 0.15
582 1 0.32
682 4 0.63
137 5 0.43
890 2 0.41
954 7 0.85
142 4 0.86
814 4 0.77
279 5 0.03
588 4 0.88
961 1 0.35
434 0 0.22
203 9 0.79
199 0 0.55
161 2 0.77
888 7 0.64
330 2 0.23
594 7 0.04
512 2 0.2
338 0 0.91
627 8 0.72
43 7 0.55
798 4 0.8
102 3 0.33
391 1 0.48
930 4 0.86
34 4 0.55
195 4 0.79
844 8 0.01
280 7 0.83
140 5 0.72
198 6 0.38
571 5 0.05
891 8 0.23
340 5 0.05
767 1 0.81
937 8 0.4
115 3 0.86
379 7 0.38
418 0 0.52
259 3 0.3
481 6 0.93
713 6 0.54
563 2 0.58
657 9 0.08
230 4 0.6
414 5 0.82
902 4 0.41
84 5 0.97
649 5 0.87
606 4 0.01
398 2 0.15
604 5 0.89
864 3 0.71
357 9 0.14
859 9 0.94
876 0 0.74
245 2 0.14
880 1 0.75
218 8 0.7
602 2 0.57
98 8 0.23
292 2 0.14
688 2 0.11
93 1 0.15
198 2 0.99
100 0 0.71
152 2 0.03
953 8 0.77
566 4 0.19
980 3 0.75
624 4 0.33
682 8 0.85
863 7 0.1
580 2 0.86
510 7 0.79
151 7 0.87
756 0 0.74
612 1 0.54
671 4 0.54
237 0 0.72
334 9 0.86
366 6 0.62
151 8 0.12
368 1 0.21
462 0 0.6
550 1 0.84
680 8 0.65
352 0 0.06
130 3 0.33
270 1 0.62
981 8 0.11
755 4 0.34
360 2 0.19
418 5 0.09
608 2 0.08
12 2 0.27
776 6 0.85
273 4 0.38
455 3 0.51
41 0 0.06
656 4 0.88
934 5 0.03
783 7 0.51
48 3 0.17
933 7 0.47
606 6 0.84
792 9 0.65
530 1 0.53
556 0 0.28
394 2 0.74
841 8 0.87
963 5 0.21
702 4 0.39
62 5 0.34
239 5 0.06
888 2 0.13
609 9 0.62
684 2 0.87
131 6 0.76
118 4 0.9
464 9 0.64
804 0 0.07
952 6 0.93
166 3 0.59
382 1 0.74
508 8 0.1
485 4 0.11
656 5 0.66
438 0 0.94
470 0 0.33
645 5 0.27
476 8 0.89
378 9 0.05
387 0 0.05
480 8 0.75
470 8 0.54
813 8 0.9
364 7 0.71
141 9 0.74
234 0 0.04
163 3 0.7
211 6 0.04
787 2 0.78
195 6 0.86
143 0 0.45
287 9 0.85
180 7 0.53
782 7 0.04
763 3 0.29
193 0 0.85
342 4 0.27
888 0 0.96
244 9 0.9
136 8 0.07
733 6 0.94
424 5 0.27
320 3 0.62
978 6 0.52
646 4 0.0
960 2 0.54
297 0 0.98
143 7 0.48
133 8 0.52
252 0 0.05
434 1 0.32
460 3 0.01
196 5 0.95
15 2 1.0
447 1 0.48
513 7 0.14
344 4 0.74
356 8 0.09
34 7 0.16
509 4 0.75
958 1 0.97
747 5 0.22
16 0 0.33
513 3 0.88
364 6 0.21
551 9 0.74
28 0 0.8
828 3 0.78
735 4 0.95
502 4 0.77
121 6 0.31
477 2 0.84
378 2 0.27
505 5 0.04
762 7 0.34
971 4 0.3
639 3 0.04
841 8 0.55
937 2 0.87
618 9 0.91
948 6 0.77
899 8 0.69
960 1 0.93
360 8 0.69
850 3 0.7
291 2 0.1
255 0 0.17
93 4 0.57
156 9 0.56
803 6 0.96
991 4 0.48
455 2 0.44
711 8 0.39
906 7 0.72
594 7 0.55
487 6 0.66
161 4 0.22
774 7 0.84
375 3 0.46
783 2 0.91
111 8 0.53
775 1 0.18
761 5 0.47
381 6 0.27
635 4 0.85
780 5 0.68
344 6 0.04
479 1 0.02
341 7 0.94
310 2 0.99
513 7 0.51
967 6 0.14
85 6 0.54
181 1 0.31
743 7 0.27
70 0 0.58
21 6 0.36
437 2 0.41
998 9 0.22
13 4 0.8
864 5 0.46
256 0 0.76
608 2 0.95
826 7 0.81
393 4 0.63
909 9 0.17
138 5 0.96
541 1 0.87
699 6 0.43
259 6 0.36
863 4 0.39
343 3 0.33
321 2 0.71
238 2 0.08
324 8 0.36
75 2 0.43
734 3 0.65
703 0 0.88
910 5 0.29
452 0 0.47
16 1 0.16
432 4 0.87
407 0 0.13
498 6 0.58
546 1 0.65
555 1 0.39
65 8 0.32
389 4 0.14
91 9 0.43
645 2 0.36
426 2 0.84
831 9 0.85
859 7 0.41
440 5 0.37
796 0 0.64
695 2 0.38
318 9 0.08
290 0 0.05
692 7 0.48
171 3 0.19
402 8 0.44
270 6 0.22
758 1 0.66
437 8 0.44
180 5 0.33
926 5 0.5
999 6 0.47
80 9 0.55
257 8 0.62
413 9 0.56
260 2 0.4
518 8 0.55
224 6 0.68
978 1 0.9
629 1 0.02
321 8 0.65
653 9 0.5
545 7 0.63
222 5 0.9
664 0 0.65
643 9 0.86
456 7 0.61
770 8 0.36
569 0 0.92
270 9 0.63
957 1 0.96
821 7 0.35
969 9 0.89
569 3 0.5
652 0 0.1
209 6 0.17
680 9 0.54
112 6 0.01
408 5 0.72
841 6 0.79
251 3 0.77
897 5 0.34
326 1 0.16
781 2 0.6
944 2 0.08
45 4 0.11
20 2 0.57
792 2 0.25
806 3 0.37
344 9 0.16
756 7 0.8
301 6 0.56
699 4 0.23
625 4 0.54
508 3 0.04
420 9 0.3
482 0 0.13
690 9 0.8
742 4 0.14
477 4 0.47
804 4 0.64
941 0 0.88
341 5 0.49
474 4 0.6
327 1 0.49
736 1 0.19
299 5 0.71
887 0 0.45
648 8 0.15
67 9 0.77
853 8 0.71
66 1 0.11
224 8 0.23
325 7 0.62
370 0 0.35
544 2 0.83
130 6 0.51
486 9 0.97
178 1 0.56
924 6 0.63
429 3 0.58
317 1 0.57
648 4 0.43
710 7 0.06
646 1 0.15
556 2 0.63
494 7 0.3
51 2 0.15
906 7 0.47
209 0 0.35
778 5 0.91
137 2 0.46
247 0 0.42
343 0 0.66
196 6 0.28
609 6 0.02
640 6 0.81
689 2 0.27
397 1 0.82
104 7 0.04
243 6 0.22
133 5 0.65
388 4 0.29
639 8 1.0
833 4 0.0
61 1 0.04
280 1 0.05
143 1 0.62
201 5 0.92
221 5 0.77
677 1 0.82
354 6 0.18
921 8 0.76
875 3 0.96
277 8 0.89
517 6 0.6
884 0 0.71
774 4 0.74
134 1 0.84
827 3 0.74
597 6 0.62
756 1 0.86
42 9 0.55
737 7 0.99
927 6 0.45
850 7 0.16
974 8 0.68
620 4 0.05
984 6 0.31
727 1 0.66
495 3 0.94
570 4 0.48
735 6 0.32
487 8 0.15
704 0 0.35
466 8 0.12
995 7 0.09
486 8 0.54
893 8 0.57
561 1 0.18
616 9 0.12
568 4 0.6
404 7 0.57
166 3 0.56
444 4 0.84
604 9 0.38
154 5 0.61
890 5 0.63
199 4 0.27
261 2 0.64
717 9 0.48
695 4 0.62
869 2 0.7
933 8 0.43
76 5 0.09
822 6 0.71
928 7 0.73
381 6 0.44
454 1 0.17
199 9 0.75
565 2 0.21
359 6 0.22
601 0 0.48
609 6 0.55
811 2 0.36
872 6 0.96
81 8 0.09
201 8 0.85
334 5 0.84
74 8 0.64
749 8 0.36
827 4 0.56
927 5 0.29
276 8 0.72
188 7 0.27
610 9 0.81
847 9 0.16
74 5 0.44
935 9 0.71
567 6 0.5
736 3 0.83
641 1 0.17
206 8 0.78
81 8 0.01
866 9 0.6
125 0 0.6
174 6 0.07
215 1 0.17
284 5 0.17
527 0 0.27
405 7 0.98
936 0 0.82
192 3 0.38
45 9 0.82
991 0 0.95
775 9 0.52
48 6 0.68
69 9 0.53
837 1 0.76
922 3 0.76
391 6 0.13
148 5 0.6
860 8 0.73
532 1 0.41
270 0 0.32
550 8 0.76
497 7 0.97
703 3 0.48
33 1 0.99
758 9 0.67
976 3 0.13
741 3 0.29
853 9 0.74
100 7 0.52
382 1 0.41
934 7 0.75
743 9 0.74
292 1 0.73
343 8 0.89
402 1 0.67
479 1 0.64
877 3 0.29
431 4 0.78
485 6 0.26
883 7 0.56
80 8 0.06
531 3 0.29
748 8 0.88
690 4 0.71
616 9 0.42
937 0 0.55
109 1 0.71
762 6 0.38
279 8 0.29
296 8 0.96
499 9 0.29
100 2 0.26
199 1 0.15
825 3 0.05
938 5 0.77
888 6 0.17
341 3 0.44
91 5 0.25
900 7 0.65
326 9 0.77
601 1 0.1
988 3 0.11
542 2 0.99
380 5 0.85
48 3 0.99
301 6 0.32
796 3 0.51
867 4 0.85
385 6 0.59
289 0 0.19
838 4 0.09
566 7 0.79
678 6 0.6
162 1 0.49
505 8 0.99
140 8 0.59
286 9 0.91
229 6 0.5
417 3 0.12
21 5 0.38
426 3 0.29
639 1 0.56
724 7 0.24
402 4 0.68
390 6 0.76
214 2 0.33
312 3 0.31
726 9 0.91
461 8 0.98
711 5 0.03
258 5 0.92
660 3 0.71
626 4 0.08
646 2 0.99
211 0 0.42
211 8 0.3
539 9 0.31
839 1 0.53
850 5 0.51
73 1 0.11
944 5 0.99
703 7 0.56
446 7 0.3
739 3 0.3
472 5 0.77
823 9 0.16
850 6 0.95
606 8 0.02
961 2 0.61
560 1 0.59
292 7 0.83
368 1 0.44
263 3 0.04
683 4 0.8
468 5 0.41
532 5 0.0
17 2 0.92
343 7 0.99
267 2 0.8
183 2 0.45
978 5 0.93
626 9 0.95
148 4 0.6
170 1 0.44
237 6 0.41
227 4 0.38
238 4 0.46
699 9 0.29
474 2 0.23
123 2 0.34
316 6 0.9
56 4 0.16
836 2 0.78
334 7 1.0
929 6 0.15
218 7 0.81
937 9 0.28
280 1 0.98
994 0 0.43
681 5 0.16
379 2 0.05
176 1 0.36
141 1 0.73
61 9 0.98
705 8 0.19
57 1 0.78
456 9 0.27
674 9 0.89
840 1 0.36
967 6 0.63
704 6 0.35
239 1 0.51
694 2 0.73
888 9 0.78
46 2 0.84
167 4 0.78
700 9 0.53
497 4 0.54
993 4 0.16
290 6 0.12
416 9 0.08
189 1 0.43
514 0 0.91
983 5 0.74
428 9 0.04
611 3 0.99
40 2 0.94
215 8 0.48
420 9 0.85
904 1 0.99
538 3 0.02
454 1 0.75
884 2 0.36
925 5 0.75
668 0 0.55
262 3 0.97
327 0 0.68
655 3 0.43
359 6 0.82
685 4 0.01
318 7 0.72
364 2 0.41
681 9 0.65
503 6 0.19
880 8 0.66
909 0 0.83
269 9 0.21
82 2 0.47
864 3 0.4
616 2 0.71
180 4 0.89
518 0 0.11
630 3 0.17
402 8 0.45
460 8 0.59
428 8 0.06
889 1 0.84
473 7 0.18
515 2 0.14
444 3 0.22
991 7 0.9
236 2 0.5
509 1 0.9
311 6 0.66
587 3 0.05
597 0 0.11
624 7 0.39
115 8 0.07
265 5 0.48
389 2 0.2
89 2 0.98
551 0 0.5
852 3 0.0
858 0 0.8
969 9 0.53
13 3 0.75
659 0 0.06
935 3 0.22
408 7 0.37
83 8 0.57
394 0 0.85
652 4 0.76
936 5 0.12
983 3 0.82
931 9 0.84
200 7 0.56
506 6 0.56
38 7 0.44
301 4 0.85
505 7 0.78
702 6 0.7
606 0 0.44
491 7 0.68
803 9 0.43
371 4 0.98
918 4 0.41
261 3 0.26
144 4 0.35
5 4 0.29
473 9 0.42
450 5 0.93
684 6 0.11
253 7 0.56
53 3 0.67
157 0 0.29
88 3 0.39
967 8 0.99
797 3 0.13
179 8 0.9
796 8 0.87
926 2 0.25
38 5 0.99
812 0 0.46
947 1 0.72
708 5 0.36
330 9 0.4
111 3 0.62
660 7 0.56
317 7 0.98
935 6 0.11
342 0 0.84
855 1 0.69
566 8 0.57
749 7 0.52
999 8 0.69
193 5 0.06
310 5 0.81
445 5 0.61
35 4 0.05
967 3 0.41
109 4 0.48
782 4 0.68
283 6 0.76
992 2 0.19
266 4 0.55
254 3 0.89
203 0 0.28
284 3 0.13
608 9 0.18
328 8 0.21
750 6 0.92
803 6 0.27
305 4 0.43
579 6 0.64
703 1 0.11
406 6 0.31
290 2 0.42
272 6 0.37
269 8 0.3
538 9 0.12
225 3 0.25
349 4 0.25
78 1 0.34
870 2 0.38
100 7 0.74
727 4 0.36
441 5 0.04
316 9 0.64
344 4 0.4
589 9 0.52
826 2 0.5
726 4 0.25
400 6 0.12
357 0 0.48
548 9 0.61
694 2 0.01
930 1 0.89
297 3 0.33
516 9 0.45
952 3 0.08
807 1 0.2
204 7 0.38
452 6 0.82
971 1 0.77
719 1 0.02
401 5 0.81
177 2 0.93
913 7 0.9
15 7 0.67
742 3 0.29
40 4 0.4
710 4 0.48
550 9 0.68
455 9 0.64
778 7 0.58
612 9 0.15
250 8 0.39
118 8 0.96
89 1 0.44
195 0 0.58
26 0 0.37
456 3 0.65
443 8 0.4
282 9 0.52
168 0 0.46
327 5 0.65
17 6 0.07
68 7 0.08
666 6 0.4
761 8 0.35
917 2 0.38
839 3 0.1
10 7 0.81
571 9 0.42
746 5 0.67
567 3 0.7
875 8 0.17
646 2 0.11
395 5 0.34
15 4 0.58
308 9 0.75
959 2 0.97
905 7 0.88
315 3 0.36
177 8 0.73
980 5 0.64
986 4 0.25
976 5 0.99
310 9 0.52
434 0 0.02
688 7 0.03
451 7 0.41
619 5 0.05
639 9 0.07
435 1 0.36
454 8 0.67
472 9 0.93
708 6 0.87
418 9 0.55
174 6 0.76
912 8 0.55
767 2 0.59
131 0 0.24
323 5 0.66
271 0 0.52
659 9 0.85
390 5 0.4
901 0 0.79
859 8 0.54
470 2 0.27
342 3 0.93
985 1 0.45
892 1 0.21
877 0 0.48
471 3 0.82
832 0 0.67
35 2 0.99
981 7 0.17
381 9 0.74
692 9 0.71
495 1 0.49
870 8 0.18
217 8 0.86
217 3 0.89
175 3 0.07
279 7 0.81
679 0 0.05
116 0 0.48
679 4 0.7
767 4 0.05
592 6 0.96
729 7 0.07
56 8 0.82
832 1 0.97
241 6 0.43
541 3 0.99
766 9 0.33
811 0 0.28
858 9 0.23
128 4 0.22
656 1 0.41
778 6 0.68
705 5 0.94
387 6 0.81
36 2 0.06
457 7 0.56
84 4 0.79
33 3 0.82
984 4 0.88
971 3 0.76
353 9 0.33
525 8 0.62
553 2 0.95
660 3 0.08
846 8 0.76
387 6 0.53
762 0 0.67
531 8 0.33
314 2 0.09
253 0 0.29
384 7 0.21
601 7 0.71
574 5 0.84
352 7 0.6
865 4 0.37
813 8 0.41
80 1 0.28
564 5 0.8
990 5 0.31
252 4 0.27
905 3 0.24
819 2 0.53
469 3 0.65
530 2 0.73
140 7 0.91
67 5 0.89
170 7 0.14
85 7 0.72
396 7 0.08
932 7 0.6
413 7 0.63
763 2 0.15
144 1 0.59
562 6 0.29
559 9 0.97
251 1 0.95
477 2 0.44
764 1 0.31
153 4 0.05
254 8 0.38
226 4 0.77
226 1 0.8
921 6 0.94
530 2 0.76
417 2 0.56
478 2 0.56
903 5 0.31
588 6 0.06
620 0 0.62
843 5 0.29
584 1 0.87
76 2 0.35
935 7 0.33
115 8 0.16
648 9 0.27
138 1 0.81
691 9 0.75
364 8 0.29
863 8 0.43
142 6 0.22
650 2 0.92
717 0 0.07
711 5 0.02
619 0 0.52
135 2 0.69
662 4 0.19
40 8 0.69
254 2 0.94
647 0 0.99
787 9 0.3
149 2 0.7
590 8 0.32
555 4 0.23
665 3 0.11
853 3 0.28
405 8 0.33
748 5 0.39
768 1 0.84
236 6 0.35
286 0 0.25
39 7 0.0
394 9 0.64
596 7 0.79
326 8 0.12
714 4 0.07
562 4 0.73
10 8 0.79
149 7 0.46
885 9 0.07
596 4 0.86
173 2 0.09
538 0 0.72
354 6 0.36
903 5 0.23
657 0 0.36
557 9 0.92
121 7 0.78
193 0 0.42
840 5 0.39
300 3 0.91
549 2 0.28
997 7 0.23
383 4 0.31
216 7 0.71
84 3 0.99
453 2 0.17
70 6 0.21
345 6 0.31
911 2 0.25
92 3 0.95
356 2 0.19
131 0 0.78
648 4 0.55
679 2 0.26
36 3 0.83
467 5 0.46
446 4 0.99
586 8 0.26
459 1 0.21
181 3 0.36
67 1 0.44
739 4 0.31
718 5 0.92
287 6 0.48
368 3 0.61
862 2 0.44
315 4 0.74
395 5 0.37
789 7 0.65
830 3 0.86
607 7 0.08
716 0 0.08
846 4 0.56
625 6 0.01
312 0 0.66
541 0 0.84
681 8 0.77
316 4 0.09
905 6 0.83
270 1 0.35
501 4 0.63
658 5 0.18
897 7 0.49
400 5 0.44
710 3 0.57
934 2 0.39
522 5 0.24
445 5 0.9
647 0 0.73
156 8 0.38
789 5 0.47
479 4 0.98
198 8 0.85
26 3 0.99
618 6 0.25
933 6 0.81
919 2 0.27
421 5 0.1
783 4 0.71
168 4 0.12
568 3 0.49
378 3 0.8
763 0 0.06
700 7 0.08
550 4 0.96
866 5 0.48
795 4 0.3
166 7 0.68
321 3 0.62
425 8 0.62
206 5 0.41
646 3 0.12
909 8 0.75
73 3 0.25
456 1 0.48
607 2 0.49
834 9 0.26
638 7 0.07
413 2 0.23
910 9 0.54
583 9 0.33
139 6 0.33
158 8 0.52
79 2 0.55
572 2 0.4
428 5 0.71
109 6 0.54
263 8 0.4
261 0 0.72
784 7 0.33
940 2 0.52
846 2 0.52
941 7 0.79
910 3 0.68
610 0 0.08
304 9 0.04
851 4 0.46
37 9 0.64
595 1 0.59
17 1 0.14
543 3 0.61
261 5 0.81
862 5 0.94
35 5 0.02
179 0 0.88
711 4 0.47
741 7 0.53
758 4 0.57
411 7 0.21
503 1 0.58
474 8 0.02
231 4 0.82
622 3 0.9
230 2 0.64
588 1 0.41
637 7 0.69
559 4 0.83
703 7 0.21
258 7 0.78
477 7 0.93
164 7 0.09
595 1 0.82
226 1 0.48
713 7 0.75
854 8 0.45
937 3 0.73
457 8 0.99
621 7 0.17
986 2 0.41
619 2 0.64
964 7 0.6
422 8 0.55
977 9 0.86
802 1 0.6
508 5 0.8
348 8 0.64
45 3 0.98
562 4 0.63
760 5 0.22
306 6 0.09
111 0 0.71
955 4 0.94
894 7 0.87
569 0 0.19
947 5 0.94
739 0 0.8
549 3 0.39
532 3 0.59
0 1 0.85
631 3 0.98
541 7 0.85
191 0 0.33
634 5 0.16
82 1 0.64
891 7 0.04
278 0 0.04
340 1 0.3
388 7 0.11
275 5 0.57
640 8 0.86
916 5 0.54
103 9 0.79
600 8 0.67
115 1 0.63
938 9 0.08
877 6 0.53
887 9 0.75
186 9 0.46
332 8 0.85
27 2 0.91
138 8 0.16
175 7 1.0
444 6 0.03
997 9 0.82
589 3 0.94
745 3 0.29
367 9 0.56
341 9 0.06
51 7 0.67
777 6 0.44
344 3 0.07
830 8 0.53
990 0 0.82
496 8 0.04
184 1 0.64
267 2 0.28
781 4 0.41
210 8 0.08
985 3 0.54
100 1 0.96
33 7 0.91
839 8 0.18
294 8 0.46
145 7 0.44
382 5 0.1
539 9 0.89
300 6 0.49
666 5 0.67
294 5 0.3
992 4 0.07
831 8 0.78
689 0 0.62
580 7 0.23
854 7 0.45
435 0 0.97
189 8 0.48
185 0 0.06
635 3 0.95
808 2 0.45
509 0 0.15
961 8 0.76
166 9 0.47
814 8 0.74
779 4 0.79
286 2 0.41
593 6 0.42
926 1 0.8
101 6 0.52
453 9 0.73
326 1 0.71
313 4 0.82
555 8 0.56
529 3 0.19
261 9 0.77
555 5 0.78
183 1 0.61
13 0 0.38
950 7 0.64
892 9 0.06
292 8 0.59
0 6 0.93
466 3 0.65
715 7 0.58
748 5 0.05
312 8 0.09
522 9 0.38
518 4 0.84
732 1 0.77
463 4 0.78
564 0 0.29
369 0 0.89
896 3 0.53
289 3 0.79
868 0 0.68
55 5 0.07
693 3 0.29
494 3 0.9
202 0 0.36
954 2 0.87
920 6 0.48
251 0 0.6
345 5 0.56
883 9 0.82
105 4 0.04
581 6 0.04
287 1 0.51
750 7 0.64
585 9 0.72
443 1 0.07
360 8 0.89
420 9 0.8
568 5 0.09
13 9 0.4
919 3 0.25
157 7 0.77
858 9 0.24
438 8 0.07
621 8 0.84
709 6 0.92
287 5 0.08
770 7 0.94
107 6 0.55
183 7 0.23
719 4 0.9
590 4 0.39
190 9 0.16
7 1 0.61
535 7 0.35
890 2 0.47
301 1 0.82
98 4 0.43
926 7 0.85
453 3 0.99
731 3 0.84
454 8 0.05
586 9 0.7
329 4 0.27
435 6 0.08
593 7 0.21
936 4 0.34
488 9 0.09
959 6 0.7
75 8 0.39
778 0 0.07
624 2 0.32
783 7 0.09
75 9 0.87
960 4 0.2
37 1 0.2
986 2 0.92
297 9 0.43
655 6 0.33
167 7 0.73
68 0 0.79
152 9 0.37
622 7 0.35
911 0 0.41
511 3 0.14
372 1 0.4
16 4 0.36
501 2 0.64
794 8 0.93
732 8 0.08
806 3 0.79
0 5 0.61
740 9 0.24
881 8 0.22
53 5 0.86
464 0 0.5
136 3 0.63
371 8 0.78
536 0 0.03
468 5 0.2
208 2 0.7
338 8 0.33
72 2 0.88
639 7 0.21
50 4 0.64
462 9 0.67
953 5 0.71
992 9 0.5
907 7 0.55
289 4 0.75
926 4 0.77
643 8 0.38
533 8 0.67
481 5 0.51
192 8 0.8
748 4 0.72
403 0 0.9
644 1 0.97
429 8 1.0
943 3 0.94
618 7 0.64
207 4 0.56
532 9 0.05
802 7 0.01
64 5 0.22
563 1 0.54
313 8 0.97
969 1 0.57
740 1 0.85
632 7 0.29
231 5 0.71
203 8 0.35
77 5 0.24
224 9 0.64
260 5 0.97
87 8 0.37
695 7 0.33
438 1 0.73
522 5 0.8
11 8 0.28
489 0 0.71
472 0 0.52
145 8 0.73
970 3 0.5
477 0 0.27
943 1 0.29
704 1 0.55
331 9 0.61
482 3 0.34
801 2 0.3
671 2 0.33
708 1 0.05
164 8 0.73
570 7 0.55
715 0 0.86
744 3 0.09
367 1 0.69
193 1 0.3
508 6 0.26
77 7 0.39
90 2 0.63
470 6 0.1
305 3 0.85
830 7 0.89
963 8 0.66
329 0 0.27
819 9 0.91
711 5 0.41
597 5 0.33
129 4 0.96
193 3 0.86
889 4 0.16
566 8 0.92
322 1 0.88
901 7 0.18
875 0 0.53
32 6 0.68
611 2 0.45
684 4 0.47
79 8 0.02
399 1 0.88
955 6 0.05
494 2 0.47
879 0 0.75
319 4 0.0
213 7 0.26
423 1 0.54
534 1 0.17
950 8 0.84
519 1 0.43
40 9 0.01
182 9 0.25
779 7 0.82
766 0 0.74
302 8 0.11
380 6 0.29
317 3 0.5
852 3 0.81
889 8 0.95
528 0 0.89
253 6 0.51
84 5 0.97
948 5 0.15
365 8 0.58
620 0 0.93
619 0 0.65
979 2 0.1
911 3 0.16
979 0 0.26
729 9 0.17
222 7 0.96
626 4 0.68
202 3 0.58
709 4 0.74
274 1 0.24
688 1 0.82
594 6 0.61
459 2 0.08
121 4 0.44
290 3 0.93
706 5 0.36
296 1 0.43
87 5 0.74
117 5 0.27
143 5 0.03
235 1 0.36
608 8 0.98
404 1 0.67
44 6 0.17
412 5 0.6
700 1 0.63
684 9 0.68
518 5 0.9
932 2 0.72
626 5 0.21
326 7 0.58
753 4 0.71
421 9 0.1
546 7 0.26
696 2 0.12
778 3 0.81
316 4 0.73
928 6 0.5
273 6 0.62
959 2 0.23
692 9 0.11
67 8 0.39
431 9 0.52
418 7 0.18
647 7 0.29
589 3 0.69
663 3 0.9
346 4 0.92
896 6 0.74
949 9 0.69
558 2 0.65
649 9 0.79
528 7 0.59
140 3 0.1
641 6 0.36
92 0 0.69
351 5 0.14
803 6 0.77
960 2 0.98
697 3 0.68
834 1 0.05
189 9 0.09
264 4 0.88
736 6 0.75
122 6 0.19
356 3 0.41
642 1 0.03
22 8 0.79
175 5 0.65
960 2 0.17
111 1 0.7
160 4 0.64
561 4 0.21
202 6 0.93
474 8 0.2
601 3 0.55
53 6 0.28
470 7 0.48
172 8 0.11
61 3 0.07
798 5 0.75
881 7 0.18
758 4 0.63
347 2 0.4
412 4 0.39
923 8 0.82
162 8 0.77
493 8 0.53
390 0 0.34
53 5 0.31
166 8 0.98
533 0 0.44
371 6 0.75
421 8 0.19
204 8 0.58
633 4 0.28
602 8 0.61
863 2 0.59
599 4 0.5
289 3 0.56
677 1 0.66
910 1 0.28
557 1 0.55
255 7 0.83
972 0 0.68
727 9 0.73
465 1 0.28
608 2 0.55
88 8 0.8
38 3 0.94
53 9 0.05
471 1 0.9
905 6 0.12
129 5 0.35
289 8 0.01
138 3 0.19
667 5 0.83
661 9 0.22
216 6 0.15
442 7 0.21
625 4 0.23
375 5 0.62
296 5 0.76
465 7 0.3
170 7 0.43
270 3 0.6
292 2 0.49
124 9 0.69
984 6 0.57
182 5 0.84
146 0 0.42
53 5 0.48
710 7 0.7
279 9 0.58
680 4 0.75
127 8 0.97
13 5 0.07
834 5 0.66
209 1 0.17
917 3 0.3
694 2 0.22
565 8 0.91
158 6 0.77
730 1 0.8
343 8 0.2
486 8 0.98
401 4 0.5
713 4 0.12
407 8 0.1
575 3 0.79
464 9 0.1
156 7 0.52
255 2 0.85
930 0 0.86
859 9 0.87
156 0 0.02
60 9 0.47
433 3 0.99
958 2 0.32
959 7 0.51
966 0 0.76
347 4 0.08
183 8 0.93
25 5 0.32
347 2 0.45
684 2 0.23
962 5 0.93
317 7 0.18
422 7 0.83
179 5 0.4
938 2 0.7
118 9 0.1
516 2 0.15
873 7 0.35
47 8 0.31
437 2 0.98
49 9 0.81
309 2 0.72
314 9 0.8
683 0 0.11
138 0 0.94
848 7 0.77
573 1 0.36
673 4 0.36
6 5 0.42
859 9 0.41
652 6 0.44
211 8 0.64
459 2 0.79
678 6 0.33
510 5 0.04
526 6 0.23
578 8 0.8
780 9 0.03
145 0 0.38
221 9 0.88
194 1 0.04
368 7 0.64
204 0 0.67
814 5 0.9
59 7 0.09
751 7 0.11
800 1 0.3
931 1 0.51
369 0 0.73
566 4 0.64
504 3 0.74
579 4 0.89
568 2 0.13
968 5 0.74
564 4 0.6
472 8 0.18
250 0 0.56
385 3 0.17
663 7 0.29
502 3 0.03
232 6 0.35
684 8 0.93
894 5 0.91
43 3 0.71
46 3 0.07
467 9 0.77
981 5 0.58
988 0 0.47
86 5 0.42
473 2 0.97
107 8 0.79
216 5 0.14
346 4 0.59
242 4 0.91
172 2 0.02
648 1 0.58
563 8 0.98
187 4 0.05
301 7 0.66
576 4 0.96
35 7 0.79
443 1 0.5
831 6 0.78
325 4 0.94
173 8 0.76
594 2 0.61
630 7 0.58
902 3 0.27
797 8 0.43
129 8 0.36
19 0 0.7
615 1 0.14
92 1 1.0
324 7 0.32
336 1 0.91
679 5 0.51
882 8 0.79
651 3 0.36
67 2 0.4
166 4 0.47
183 6 0.48
260 8 0.28
893 7 0.68
420 7 0.79
104 3 0.67
301 6 0.41
524 5 0.78
874 7 0.17
212 0 0.4
881 6 0.33
645 3 0.55
285 1 0.37
139 2 0.12
844 7 0.57
77 8 0.22
166 5 0.34
261 0 0.91
216 0 0.36
384 4 0.89
492 8 0.6
962 7 0.08
661 8 0.04
416 3 0.6
803 7 0.93
512 6 0.97
805 4 0.25
688 9 0.45
9 8 0.43
215 6 0.3
974 4 0.88
594 0 0.28
863 6 0.33
216 3 0.55
122 5 0.92
44 7 0.84
96 5 0.81
677 6 0.92
687 7 0.07
176 6 0.91
715 3 0.51
100 0 0.83
533 1 0.83
637 1 0.92
815 9 0.68
589 3 0.94
225 4 0.87
735 7 0.42
754 0 0.34
39 5 0.29
332 0 0.44
72 4 0.38
383 1 0.74
384 5 0.77
47 2 0.8
867 2 0.84
709 7 0.46
509 6 0.87
527 7 0.15
92 8 0.11
848 8 0.13
281 6 0.57
708 7 0.07
688 0 0.72
273 9 0.17
67 7 0.61
489 3 0.37
379 7 0.14
231 7 0.02
298 4 0.58
368 8 0.34
421 5 0.5
511 5 0.47
545 6 0.61
418 3 0.7
826 7 0.63
985 0 0.89
799 5 0.03
142 3 0.46
331 9 0.77
62 2 0.48
99 5 0.15
845 9 0.51
429 5 0.95
933 6 0.9
885 6 0.46
484 8 0.04
413 8 0.78
84 6 0.13
47 6 0.05
59 7 0.55
759 4 0.61
878 3 0.78
641 0 0.49
978 1 0.92
826 9 0.31
836 6 0.21
759 2 0.86
505 1 0.21
542 9 0.73
978 8 0.93
527 9 0.84
646 4 0.2
375 9 0.46
329 2 0.74
741 5 0.02
999 0 0.64
889 3 0.56
540 7 0.76
552 8 0.01
279 0 0.13
229 0 0.16
554 5 0.83
303 8 0.24
468 6 0.44
744 0 0.96
988 9 0.4
291 3 0.14
401 9 0.1
920 7 0.4
649 2 0.62
797 9 0.3
373 3 0.92
638 9 0.43
163 6 0.21
546 7 0.55
136 1 0.49
579 0 0.39
695 7 0.54
426 7 0.91
953 2 0.6
514 8 0.6
642 9 0.81
264 2 0.68
981 8 0.43
442 9 0.01
166 6 0.52
93 5 0.27
638 9 0.09
125 1 0.45
378 0 0.29
430 8 0.93
371 6 0.65
985 0 0.15
29 0 0.27
849 2 0.8
867 2 0.56
465 3 0.63
983 3 0.75
750 9 0.92
632 8 0.85
846 5 0.61
66 2 0.95
725 7 0.12
133 7 0.39
620 0 1.0
84 5 0.97
292 0 0.42
782 0 0.01
644 5 0.98
633 3 0.54
616 8 0.29
53 6 0.11
265 4 0.36
227 4 0.25
676 6 0.73
442 2 0.78
653 0 0.13
881 9 0.15
404 0 0.5
681 4 0.45
936 5 0.86
293 8 0.92
845 9 0.62
28 2 0.4
20 2 0.5
362 0 0.63
287 0 0.4
799 3 0.58
764 7 0.24
600 9 0.49
993 4 0.14
663 9 0.01
128 5 0.31
791 0 0.01
874 0 0.5
741 0 1.0
327 2 0.46
986 6 0.31
725 7 0.16
785 3 0.89
784 3 0.67
15 7 0.99
677 0 0.39
559 2 0.89
544 5 0.86
539 5 0.77
768 0 1.0
367 0 0.31
627 8 0.26
919 9 0.12
309 1 0.28
932 7 0.54
568 7 0.11
547 6 0.0
278 3 0.02
678 3 0.61
652 4 0.94
166 7 0.6
305 2 0.71
116 4 0.57
710 9 0.17
580 6 0.73
120 7 0.15
543 0 0.1
564 5 0.12
893 7 0.66
330 7 0.54
398 6 0.46
920 8 0.76
259 1 0.74
888 8 0.41
734 5 0.85
828 4 0.92
879 1 0.69
11 4 0.67
769 1 0.8
654 8 0.54
781 2 0.66
62 7 0.25
656 3 0.03
120 8 0.95
475 3 0.41
197 5 0.98
824 3 0.95
527 6 0.73
937 5 0.8
567 2 0.66
407 7 0.28
561 9 0.44
227 4 0.49
89 1 0.48
451 4 0.62
379 6 0.73
196 1 0.49
75 2 0.04
998 7 0.68
917 6 0.13
161 0 0.74
366 1 0.88
28 3 0.16
89 3 0.94
486 9 0.43
61 8 0.29
647 0 0.62
996 0 0.43
508 8 0.83
903 0 0.28
155 6 0.13
733 4 0.79
294 6 0.42
988 8 0.44
118 7 0.11
322 3 0.72
54 9 0.67
378 1 0.99
805 8 0.82
847 8 0.29
732 6 0.18
45 6 0.79
318 5 0.7
388 3 0.48
669 8 0.53
622 7 0.06
364 3 0.93
138 7 0.47
120 8 0.92
162 0 0.22
312 6 0.9
712 0 0.89
789 3 0.71
302 6 0.78
250 0 0.59
800 6 0.61
961 5 0.57
118 4 0.64
402 4 0.25
114 5 0.84
425 2 0.8
279 9 0.48
205 2 0.54
295 2 0.22
608 9 0.73
136 3 0.49
122 2 0.11
510 7 0.44
189 3 0.03
841 7 0.22
734 8 0.19
820 3 0.92
697 3 0.13
873 2 0.62
753 4 0.43
888 8 0.01
913 8 0.28
339 1 0.55
523 5 0.7
20 1 0.78
579 0 0.27
687 8 0.41
259 9 0.32
721 9 0.16
692 2 0.91
455 5 0.93
924 3 0.98
714 6 0.85
199 1 0.46
543 3 0.19
403 7 0.66
594 6 0.51
516 2 0.45
530 8 0.29
320 4 0.74
71 2 0.25
313 7 0.19
989 0 0.52
65 7 0.48
15 1 0.8
545 1 0.48
30 1 0.77
228 1 0.82
309 3 0.72
154 7 0.34
989 2 0.62
584 0 0.29
385 5 0.48
714 5 0.19
327 7 0.71
959 9 0.72
824 3 0.36
622 9 0.04
559 2 0.81
932 6 0.94
351 3 0.32
766 8 0.49
928 3 0.01
477 6 0.7
657 4 0.62
782 8 0.24
388 9 0.31
674 0 0.38
114 5 0.22
940 6 0.86
765 4 0.8
257 9 0.83
340 0 0.55
250 3 0.95
630 1 0.59
210 5 0.07
857 4 0.71
278 1 0.88
225 2 0.76
24 0 0.31
134 4 0.39
591 6 0.25
148 3 0.4
540 9 0.75
993 0 0.2
330 3 0.11
490 6 0.56
587 2 0.7
163 0 0.29
890 0 0.83
974 1 0.19
199 6 0.67
178 9 0.21
38 4 0.06
196 6 0.21
485 4 0.35
415 7 0.82
313 1 0.7
286 5 0.44
491 9 0.73
228 8 0.31
539 3 0.53
741 7 0.61
624 0 0.57
173 5 0.96
875 4 0.02
306 7 0.26
534 2 0.25
386 2 0.28
977 0 0.29
598 8 0.37
482 5 0.92
175 4 0.14
102 7 0.44
398 3 0.69
757 1 0.72
670 0 0.69
403 8 0.95
965 2 0.63
619 9 0.94
750 2 0.72
758 0 0.8
174 0 0.75
646 8 1.0
748 9 0.38
220 4 0.09
773 8 0.53
327 0 0.69
912 0 0.99
864 7 0.86
777 3 0.5
33 0 0.83
456 5 0.01
409 3 0.92
34 0 0.62
968 6 0.63
654 7 0.72
399 1 0.8
621 0 0.72
669 2 0.59
60 3 0.07
146 7 0.37
5 4 0.65
442 4 0.84
374 7 0.51
334 3 0.22
392 5 0.85
518 9 0.81
544 4 0.28
196 1 0.93
927 1 0.3
473 0 0.05
924 8 0.11
753 4 0.31
862 3 0.91
438 2 0.08
890 1 0.05
160 0 0.88
132 9 0.41
647 8 1.0
76 5 0.05
682 9 0.66
627 5 0.46
693 2 0.5
35 8 0.54
951 5 0.61
534 6 0.98
369 6 0.17
610 4 0.29
887 8 0.69
206 7 0.4
36 7 0.5
563 2 0.36
42 8 0.39
564 8 0.3
71 9 0.02
884 5 0.65
567 4 0.57
542 0 0.97
628 7 0.05
2 6 0.28
909 0 0.73
716 5 0.49
328 9 0.13
93 4 0.08
870 8 0.38
17 2 0.67
735 0 0.41
450 0 0.67
91 7 0.56
447 3 0.45
473 9 0.7
738 9 0.76
969 9 0.76
669 7 0.76
302 8 0.83
457 1 0.7
434 8 0.06
118 2 0.51
5 7 0.11
886 3 0.71
139 9 0.39
281 8 0.79
124 0 0.83
633 8 0.37
342 1 0.27
245 6 0.61
818 3 0.92
519 6 0.29
129 2 0.66
678 7 0.96
930 2 0.25
835 7 0.24
938 3 0.69
805 4 0.21
68 0 0.33
442 1 0.88
572 0 0.39
121 9 0.26
420 9 0.15
315 7 0.46
387 0 0.28
815 7 0.69
894 3 0.01
417 6 0.35
352 3 0.45
123 4 0.61
911 0 0.81
429 4 0.26
344 3 0.66
189 5 0.15
515 6 0.46
33 5 0.82
917 0 0.44
798 8 0.09
408 3 0.79
668 7 0.32
322 8 0.71
782 1 0.37
259 6 0.3
127 8 0.9
983 1 0.24
126 7 0.73
337 7 0.18
726 1 0.44
749 8 0.93
886 3 0.33
897 9 0.14
622 8 0.99
682 9 0.49
105 8 0.36
988 3 0.21
142 5 0.6
856 3 0.56
434 2 0.97
515 4 0.83
656 9 0.27
10 6 0.84
814 5 0.81
898 1 0.07
585 8 0.89
368 4 0.74
581 7 0.08
533 0 0.69
41 6 0.12
643 5 0.46
765 2 0.97
297 9 0.59
847 1 0.12
17 0 0.73
54 7 0.49
749 2 0.29
265 5 0.15
149 5 0.15
933 3 0.25
398 7 0.0
292 8 0.88
102 1 0.55
781 1 0.72
787 4 0.81
961 9 0.46
574 9 0.01
479 0 0.87
233 1 0.23
546 4 0.73
651 5 0.09
769 1 0.89
16 4 0.74
814 7 0.76
17 1 0.68
563 6 0.74
577 4 0.46
152 8 0.57
822 3 0.1
718 1 0.0
0 9 0.2
334 0 0.59
882 8 0.31
936 4 0.72
997 7 0.57
913 2 0.65
175 3 0.08
50 8 0.4
786 5 0.09
447 4 0.13
895 9 0.57
785 6 0.44
280 0 0.73
820 7 0.14
374 6 0.84
852 9 0.7
446 1 0.58
343 8 0.3
312 1 0.53
338 7 0.67
725 9 0.02
610 2 0.53
17 5 0.43
467 9 0.02
657 4 0.72
158 8 0.29
30 6 0.79
899 7 0.35
309 4 0.25
922 6 0.7
592 4 0.81
904 8 0.27
405 1 0.4
415 7 0.84
594 0 0.65
504 8 0.29
336 7 0.08
907 8 0.32
724 2 0.53
73 3 0.8
130 6 0.09
818 8 0.27
268 0 0.77
404 9 0.29
89 2 0.51
281 6 0.16
632 4 0.16
50 8 0.06
401 1 0.41
618 8 0.81
791 4 0.99
990 6 0.62
13 0 0.01
645 5 0.36
660 7 0.83
406 1 0.87
186 1 0.78
328 8 0.45
323 7 0.64
334 5 0.75
891 9 0.77
950 4 0.81
345 9 0.56
771 3 0.07
195 9 0.07
694 7 0.29
280 0 0.58
657 8 0.93
822 6 0.48
458 4 0.11
677 4 0.42
712 4 0.16
246 7 0.69
502 7 0.58
989 2 0.58
285 0 0.47
833 1 0.02
468 4 0.8
492 6 0.39
857 4 0.72
734 3 0.37
541 3 0.38
640 1 0.49
53 5 0.46
354 9 0.07
367 9 0.77
845 4 0.75
283 1 0.02
517 1 0.54
843 1 0.95
180 0 0.85
961 7 0.57
734 1 0.28
103 9 0.98
768 3 0.32
711 0 0.05
262 1 0.39
723 8 0.01
58 2 0.47
164 6 0.24
392 7 0.51
598 0 0.48
318 2 0.99
898 2 0.57
828 6 0.06
694 2 0.29
986 9 0.93
931 7 0.19
96 2 0.71
388 2 0.47
818 2 0.06
951 8 0.38
293 3 0.62
583 0 0.12
931 7 0.66
270 7 0.09
18 0 0.26
235 1 0.42
743 5 0.96
810 1 0.5
879 8 0.85
265 7 0.74
531 8 0.6
69 2 0.62
17 5 0.71
229 2 0.99
487 9 0.64
601 9 0.11
460 6 0.8
714 7 0.99
135 0 0.66
626 6 0.7
741 6 0.77
643 2 0.22
322 0 0.31
765 7 0.92
313 1 0.65
536 9 0.61
458 5 0.07
186 9 0.66
535 0 0.27
966 5 0.66
864 0 0.05
798 3 0.02
245 9 0.43
181 7 0.63
345 7 0.43
837 1 0.88
201 7 0.1
932 1 0.43
404 1 0.08
905 8 0.83
872 6 0.02
130 7 0.46
760 0 0.89
347 6 0.84
496 6 0.67
103 5 0.74
945 3 1.0
756 8 0.07
861 0 0.16
103 2 0.69
953 5 0.64
285 0 0.63
277 6 0.38
941 4 0.72
293 6 0.88
505 3 0.81
481 9 0.43
926 8 0.28
28 3 0.76
908 8 0.11
952 6 0.21
833 1 0.85
835 8 0.01
575 4 0.47
396 9 0.39
32 0 0.59
619 8 0.35
213 9 0.83
717 3 0.65
338 2 0.09
874 0 0.97
819 3 0.35
312 5 0.03
98 7 0.14
197 6 0.76
516 6 0.0
447 6 0.02
688 1 0.9
34 3 0.15
507 2 0.31
681 0 0.97
907 8 0.93
949 3 0.87
417 3 0.6
634 8 0.76
619 5 0.51
586 9 0.61
103 1 0.12
400 4 0.01
659 2 0.89
657 4 0.84
381 4 0.82
552 3 0.6
412 8 0.32
819 2 0.52
65 6 0.61
882 5 0.93
139 3 0.04
514 5 0.59
594 6 0.19
452 5 0.42
27 6 0.54
6 0 0.29
777 9 0.52
552 7 0.96
714 4 0.62
132 7 0.02
479 3 0.31
740 1 0.61
456 1 0.99
607 0 0.98
502 2 0.9
474 0 0.08
961 0 0.04
112 8 0.88
231 8 0.91
3 5 0.21
116 0 0.97
288 3 0.11
19 1 0.65
21 8 0.26
589 5 0.08
108 0 0.54
999 1 0.34
69 4 0.78
778 0 0.58
871 8 0.95
776 7 0.49
894 1 0.46
703 1 0.68
426 8 0.19
783 8 0.7
805 2 0.19
128 9 0.03
113 3 0.41
467 3 0.54
358 8 0.94
585 6 0.22
705 1 0.57
153 3 0.17
555 5 0.14
729 8 0.51
946 9 0.2
393 4 0.86
204 4 0.2
633 4 0.55
589 5 0.11
536 8 0.2
134 7 0.53
781 5 0.68
964 0 0.17
186 0 0.32
801 1 0.65
497 3 0.03
590 9 0.71
265 1 0.73
44 2 0.19
738 1 0.04
283 5 0.51
745 6 0.02
411 5 0.25
565 9 0.59
499 9 0.66
748 2 0.77
643 3 0.6
394 6 0.57
896 0 0.16
142 4 0.9
468 3 0.21
426 2 0.49
868 7 0.39
605 5 0.92
662 1 0.05
144 1 0.58
737 6 0.56
959 8 0.05
769 4 0.74
961 4 0.77
330 9 0.49
710 8 0.31
428 6 0.27
520 8 0.1
65 8 0.91
121 8 0.69
415 3 0.52
617 6 0.45
698 4 0.88
206 8 0.69
589 2 0.41
906 0 0.48
422 0 0.64
396 1 0.25
865 0 0.1
852 3 0.73
166 1 0.32
316 6 0.54
835 4 0.49
587 1 0.92
749 0 0.24
428 4 0.76
576 9 0.23
291 5 0.97
661 6 0.57
235 1 0.53
845 6 0.77
194 4 0.06
775 0 0.07
375 3 0.44
277 2 0.79
370 8 0.78
69 0 0.93
49 6 0.12
246 8 0.1
378 8 0.31
785 9 0.18
598 3 0.81
34 5 0.88
716 0 0.25
663 5 0.78
552 4 0.49
911 0 0.53
969 2 0.57
37 6 0.42
448 3 0.74
680 4 0.03
886 3 0.52
523 5 0.3
22 1 0.14
787 1 0.5
809 5 0.92
998 8 0.42
508 6 0.45
223 3 0.27
111 7 0.4
131 4 0.78
899 8 0.37
697 6 0.34
245 5 0.5
522 6 0.58
813 3 0.12
301 1 0.27
738 1 0.56
284 8 0.37
54 4 0.31
710 0 0.53
354 4 0.97
278 0 0.12
150 5 0.33
942 5 0.61
177 8 0.33
582 4 0.05
440 3 0.06
197 3 0.82
702 6 0.04
36 9 0.69
472 6 0.15
389 5 0.14
49 2 0.03
104 7 0.42
344 7 0.46
524 6 0.73
341 0 0.92
331 3 0.11
0 8 0.86
523 7 0.86
131 9 0.2
290 2 0.43
492 2 0.2
842 7 0.04
726 3 0.68
942 4 0.98
238 6 0.24
435 1 0.22
793 0 0.35
404 6 0.1
635 9 0.34
386 0 0.23
541 7 0.08
25 5 0.6
419 3 0.16
584 7 0.28
555 2 0.95
611 0 0.69
582 6 0.73
672 5 0.48
814 5 0.74
329 6 0.54
519 4 0.14
642 6 0.62
177 4 0.73
890 2 0.48
42 2 0.71
188 7 0.53
384 3 0.78
310 3 0.61
572 8 0.45
607 3 0.97
26 4 0.9
203 2 0.57
461 4 0.47
655 0 0.49
446 7 0.18
982 7 0.5
870 7 0.18
163 8 0.58
141 8 0.56
308 6 0.2
331 7 0.12
112 1 0.06
355 8 0.81
358 2 0.52
917 2 0.14
668 4 0.1
586 0 0.01
754 8 0.21
869 1 0.83
923 0 0.86
839 0 0.68
124 2 0.28
342 4 0.31
315 0 0.16
600 9 0.77
45 8 0.74
4 8 0.67
889 1 0.92
734 5 0.55
294 6 0.0
791 6 0.15
750 2 0.52
776 7 0.54
58 0 0.42
423 9 0.37
157 5 0.62
597 1 0.78
829 0 0.65
439 2 0.66
378 3 0.17
453 7 0.47
30 4 0.53
43 5 0.29
396 7 0.98
920 6 0.96
708 3 0.14
957 2 1.0
653 8 0.37
836 5 0.67
288 9 0.68
995 9 0.38
833 6 0.56
537 7 0.26
307 7 0.66
557 1 0.34
937 6 0.75
384 9 0.93
769 1 0.23
150 3 0.6
493 3 0.62
100 0 0.93
835 8 0.67
83 5 0.33
692 8 0.66
592 1 0.42
585 5 0.15
290 8 0.51
464 7 0.94
298 0 0.9
374 6 0.97
578 0 0.7
715 3 0.7
42 1 0.11
986 0 0.4
178 5 0.28
360 2 0.8
214 6 0.13
636 2 0.8
459 7 0.03
569 8 0.33
226 9 0.53
439 6 0.25
260 4 0.37
407 0 0.8
353 9 0.59
576 6 0.29
366 5 0.15
122 7 0.44
229 7 0.22
954 3 0.69
35 9 0.2
449 2 0.63
526 8 0.18
262 1 0.55
375 7 0.41
879 4 0.54
952 3 0.65
285 6 0.51
409 4 0.61
957 0 0.36
107 7 0.4
93 3 0.39
78 1 0.57
638 3 0.41
633 9 0.26
701 2 0.52
348 8 0.41
619 4 0.05
277 7 0.75
763 6 0.62
809 8 0.05
468 8 0.12
978 5 0.92
837 7 0.98
114 8 0.21
332 4 0.49
861 6 0.36
143 4 0.23
578 3 0.53
416 3 0.46
125 5 0.96
176 2 0.81
46 7 0.84
708 7 0.49
40 4 0.29
851 7 0.32
765 3 0.71
653 5 0.02
539 9 0.95
259 5 0.31
597 9 0.79
87 9 0.63
588 3 0.98
779 6 0.32
239 4 0.4
326 4 0.14
286 8 0.79
74 5 0.34
164 3 0.84
372 0 0.4
759 6 0.2
38 2 0.5
275 2 0.39
577 9 0.4
918 5 0.57
483 8 0.33
731 9 0.87
846 9 0.57
693 7 0.87
64 5 0.97
610 8 0.42
799 2 0.58
829 3 0.36
647 9 0.84
889 9 0.56
230 9 0.76
722 9 0.03
635 6 0.28
463 1 0.45
134 1 0.96
308 5 0.82
689 2 0.52
846 5 0.77
410 7 0.93
677 0 0.64
66 7 0.82
393 7 0.94
242 6 0.22
595 2 0.75
403 9 0.47
50 8 0.46
256 0 0.89
122 2 0.2
827 1 0.5
38 8 0.85
202 9 0.65
709 8 0.73
983 6 0.99
727 8 0.75
609 9 0.11
882 4 0.5
231 0 0.46
432 8 0.29
213 3 0.73
205 8 0.88
102 6 0.02
321 9 0.04
879 8 0.35
142 0 0.44
83 5 0.86
229 9 0.23
859 9 0.18
685 8 0.9
624 5 0.94
43 8 0.23
807 2 0.13
56 1 0.31
695 4 0.14
586 1 0.16
891 0 0.93
222 5 0.03
600 4 0.36
872 8 0.57
57 3 0.01
275 8 0.64
56 3 0.27
708 3 0.03
542 3 0.58
554 8 0.82
807 9 0.83
615 9 0.83
332 5 0.09
582 3 0.11
360 3 0.43
636 9 0.09
56 1 0.03
655 0 0.75
938 2 0.71
861 3 0.13
202 1 0.25
718 4 0.74
801 1 0.22
698 0 0.08
482 9 0.95
869 5 0.19
660 6 0.62
373 3 0.55
231 4 0.28
628 4 0.05
338 3 0.69
854 3 0.42
296 8 0.4
898 6 0.88
164 7 0.68
134 7 0.38
184 0 0.12
940 3 0.87
292 3 0.42
276 0 0.37
988 0 0.92
731 8 0.41
345 3 0.17
43 1 0.41
606 1 0.85
207 3 0.89
267 1 0.42
524 6 1.0
298 6 0.86
296 5 0.5
963 2 0.75
160 9 0.0
928 6 0.88
342 9 0.13
428 3 0.0
600 3 0.84
532 2 0.34
178 0 0.11
801 4 0.33
808 5 0.64
167 2 0.81
467 4 0.96
28 9 0.99
124 5 0.51
45 7 0.6
308 5 0.78
693 3 0.94
138 6 0.8
988 9 0.18
151 6 0.28
1 6 0.53
619 9 0.03
579 0 0.48
639 3 0.44
68 8 0.17
9 7 0.49
188 5 0.15
368 9 0.6
824 8 0.05
170 7 0.25
74 5 0.23
267 8 0.67
228 5 0.24
490 0 0.97
839 8 0.45
688 2 0.06
259 6 0.71
823 6 0.2
898 1 0.89
820 6 0.67
200 9 0.94
941 1 0.64
850 5 0.25
39 8 0.33
637 3 0.19
215 1 0.78
688 8 0.83
522 6 0.85
831 1 0.69
345 3 0.52
783 0 0.88
546 7 0.54
822 5 0.14
779 7 0.55
842 2 0.73
689 4 0.75
699 3 0.69
243 0 0.06
829 5 0.15
291 0 0.94
565 3 0.34
617 6 0.66
865 9 0.82
962 6 0.47
189 2 0.92
628 1 0.36
700 4 0.0
613 0 0.35
37 6 0.02
690 8 0.92
283 4 0.44
224 1 0.63
264 0 0.32
799 7 0.02
314 3 0.84
26 2 0.64
74 3 0.17
428 5 0.64
630 7 0.61
199 7 0.39
269 1 0.58
749 9 0.57
625 6 0.04
996 4 0.47
221 6 0.51
670 1 0.29
368 8 0.92
864 3 0.59
872 0 0.46
943 4 0.57
73 0 0.02
939 7 0.66
985 0 0.32
523 6 0.92
581 9 0.4
716 7 0.4
653 2 0.65
458 0 0.04
932 0 0.14
424 5 0.91
825 2 0.31
705 3 0.32
865 4 0.75
393 8 0.97
236 8 0.73
183 9 0.4
475 6 0.79
965 5 0.62
617 7 0.69
64 0 0.27
94 8 0.9
38 6 0.37
128 2 0.22
622 7 0.64
477 2 0.94
10 8 0.17
430 7 0.18
948 4 0.46
289 2 0.36
965 2 0.24
92 6 0.57
126 0 0.19
196 6 0.38
742 4 0.01
77 2 0.11
584 2 0.97
799 6 0.39
806 1 0.54
422 1 0.31
502 7 0.46
717 4 0.73
719 7 0.03
299 7 0.74
411 3 0.59
180 8 0.93
399 9 0.02
239 1 0.63
94 8 0.18
713 7 0.62
993 0 0.89
464 0 0.34
655 9 0.3
628 9 0.83
350 6 0.61
949 7 0.83
95 5 0.56
722 1 0.45
647 3 0.15
795 5 0.98
518 2 0.53
336 9 0.35
341 9 0.71
24 2 0.04
271 3 0.13
488 4 0.53
833 3 0.83
595 8 0.08
647 4 0.77
990 7 0.91
457 7 0.08
83 9 0.86
563 2 0.84
525 6 0.56
289 6 0.26
848 3 0.22
956 7 0.37
850 8 0.35
389 8 0.22
271 1 0.27
588 2 0.95
200 5 0.35
441 3 0.37
526 6 0.61
277 6 0.69
610 8 0.39
308 9 0.51
840 4 0.48
512 6 0.73
141 3 0.39
244 9 1.0
930 4 0.43
887 0 0.22
973 1 0.19
880 0 0.26
305 6 0.22
907 3 0.83
801 5 0.82
77 4 0.11
505 1 0.0
89 3 0.71
387 7 0.32
85 8 0.71
13 3 0.27
141 5 0.38
471 6 0.29
623 6 0.33
90 3 0.55
723 3 0.84
915 6 0.03
329 9 0.24
410 1 0.96
92 7 0.65
324 3 0.44
213 0 0.9
998 2 0.35
462 5 0.44
759 7 0.12
453 2 0.37
739 2 0.09
869 7 0.44
158 9 0.7
170 2 0.27
967 5 0.59
412 9 0.38
564 8 0.82
215 8 0.32
53 7 0.25
30 5 0.66
733 3 0.44
802 2 0.11
407 2 0.06
216 0 0.91
250 9 0.97
596 2 0.01
420 7 0.3
391 8 0.69
509 4 0.94
667 2 0.78
829 7 0.93
217 1 0.88
107 0 0.18
506 2 0.59
273 0 0.98
886 7 0.93
215 7 0.16
164 2 0.84
888 3 0.76
667 3 0.92
88 8 0.86
568 9 0.03
447 6 0.25
359 1 0.52
158 6 0.15
848 5 0.56
742 5 0.34
247 7 0.31
115 2 0.5
626 4 0.51
90 8 0.93
673 0 0.15
471 6 0.75
55 3 0.27
888 3 0.49
243 3 0.1
376 2 0.64
683 5 0.54
430 2 0.29
504 0 0.1
435 9 0.6
222 2 0.6
240 5 0.65
463 7 0.65
603 5 0.51
665 8 0.13
86 3 0.55
757 3 0.27
421 2 0.7
18 0 0.0
565 6 0.94
444 9 0.57
128 8 0.16
114 5 0.85
186 6 0.54
454 1 0.1
875 6 0.78
425 6 0.61
123 8 0.53
872 1 0.85
344 9 0.19
912 6 0.79
823 7 0.67
885 4 0.92
90 4 0.62
688 3 0.46
810 7 0.79
345 7 0.61
49 2 0.08
559 1 0.74
116 1 0.19
549 3 0.91
447 3 0.91
644 1 0.92
409 6 0.85
192 6 0.66
840 2 0.31
576 2 0.75
806 8 0.28
384 2 0.47
714 4 0.91
684 4 0.55
378 6 0.57
378 3 0.78
38 6 0.47
36 2 0.76
369 2 0.03
277 0 0.12
170 7 0.13
324 4 0.01
989 7 0.36
632 3 0.39
848 7 0.73
795 4 0.48
291 6 0.35
538 7 0.94
172 2 0.36
692 8 0.44
834 1 0.68
146 0 0.97
307 8 0.49
120 1 0.25
870 3 0.7
294 0 0.21
520 6 0.82
313 7 0.64
865 6 0.8
735 1 0.7
811 0 0.01
702 4 0.72
881 6 0.63
16 6 0.06
597 0 0.17
604 6 0.42
898 2 0.08
81 9 0.86
235 1 0.45
968 3 0.93
466 3 0.46
123 5 0.9
202 2 0.6
842 6 0.21
874 1 0.31
624 7 0.0
560 5 0.32
104 5 0.04
137 8 0.27
14 8 0.83
18 2 0.34
546 9 0.66
145 3 0.06
909 4 0.25
895 5 0.66
613 8 0.64
139 2 0.4
172 8 0.63
299 7 0.13
51 4 0.25
392 9 0.93
227 0 0.52
857 6 0.16
622 3 0.51
63 6 0.42
753 5 0.4
747 6 0.05
993 7 0.65
91 7 0.72
50 5 0.43
603 8 0.73
619 1 0.69
791 8 0.13
267 7 0.62
153 5 0.33
764 7 0.86
880 8 0.91
453 6 0.23
443 5 0.32
786 3 0.74
871 0 0.89
671 2 0.91
555 9 0.92
809 4 0.1
679 5 0.46
811 0 0.79
439 6 0.42
160 3 0.61
338 7 0.6
996 3 0.9
176 9 0.84
706 0 0.2
348 4 0.82
465 2 0.44
239 6 0.07
628 8 0.54
817 1 0.35
789 6 0.91
480 6 0.09
710 7 0.88
445 2 0.11
277 6 0.79
827 9 0.54
821 5 0.78
49 7 0.35
540 8 0.8
642 5 0.25
934 8 0.35
122 1 0.97
780 1 0.1
349 0 0.34
482 2 0.5
417 7 0.31
519 6 0.29
589 1 0.43
361 6 0.89
691 4 0.74
164 9 0.05
389 4 0.41
952 2 0.99
408 2 0.62
333 0 0.56
795 1 0.46
547 1 0.5
423 8 0.62
513 9 0.15
469 7 0.57
626 5 0.49
527 6 0.05
963 6 0.79
510 4 0.66
824 4 0.79
287 6 0.72
154 5 0.16
471 7 0.16
514 2 0.78
758 0 0.31
73 8 0.94
21 8 0.4
907 6 0.82
580 1 0.06
395 3 0.16
339 9 0.76
665 9 0.07
698 9 0.2
893 3 0.76
78 6 0.26
582 1 0.07
780 9 0.74
356 8 0.24
873 4 0.55
136 9 0.75
266 3 0.38
619 7 0.62
418 2 0.9
378 8 0.14
289 0 0.5
939 0 0.82
765 1 0.59
170 2 0.73
8 3 0.28
827 2 0.74
803 1 0.97
436 2 0.03
945 7 0.92
85 9 0.93
328 1 0.06
147 2 0.79
876 0 0.39
632 1 0.67
185 0 0.86
350 0 0.16
708 4 0.21
647 5 0.83
844 4 0.56
349 7 0.51
335 5 0.63
114 8 0.14
248 2 0.98
528 2 0.35
319 2 0.53
905 7 0.36
919 3 0.32
503 7 0.82
36 4 0.04
19 4 0.51
153 6 0.43
958 5 0.68
383 5 0.91
741 4 0.78
316 7 0.44
40 2 0.89
377 8 0.13
700 5 0.14
638 7 0.84
34 3 0.96
633 2 0.25
238 4 0.64
181 5 0.84
785 8 0.28
681 3 0.03
371 4 0.94
355 1 0.99
565 6 0.04
54 4 0.48
79 3 0.85
208 3 0.24
468 4 0.72
24 4 0.51
34 5 0.13
694 9 0.31
675 6 0.14
457 9 0.02
11 0 0.11
193 7 0.54
136 0 0.61
783 7 0.52
516 2 0.01
114 4 0.37
654 6 0.79
59 7 0.88
218 7 0.37
261 2 0.59
291 8 0.1
240 0 0.84
779 9 0.61
111 5 0.38
744 4 0.54
641 4 0.34
951 9 0.98
762 9 0.74
805 8 0.1
956 5 0.47
323 8 0.7
85 0 0.37
724 6 0.43
534 5 0.05
728 4 0.78
946 3 0.94
331 1 0.59
132 1 0.55
190 2 0.43
733 6 0.42
210 4 0.57
981 9 0.13
889 8 0.37
504 6 1.0
959 7 0.2
641 1 0.54
552 2 0.56
974 0 0.76
266 8 0.43
945 8 0.93
299 2 0.07
894 5 0.71
368 4 0.64
595 1 0.35
620 7 0.76
72 4 0.79
493 9 0.8
655 5 0.94
690 2 0.18
131 1 0.58
235 4 0.57
466 4 0.96
251 4 0.12
235 7 0.8
21 0 0.41
305 5 0.85
757 2 0.1
439 8 0.85
876 5 0.63
917 3 0.09
660 9 0.45
684 4 0.51
178 5 0.17
926 6 0.76
369 1 0.63
248 9 0.25
186 9 0.61
798 0 0.62
188 1 0.81
584 5 0.73
880 0 0.59
109 2 0.04
820 8 0.91
56 2 0.12
498 1 0.86
873 0 0.48
274 5 0.41
637 3 0.34
172 8 0.66
62 1 0.98
691 0 0.32
604 5 0.28
356 5 0.29
290 3 0.93
289 0 0.81
676 8 0.0
306 0 0.7
113 6 0.85
281 4 0.61
898 6 0.23
222 3 0.55
25 1 0.19
401 5 0.52
698 2 0.3
109 4 0.7
23 3 0.81
982 0 0.33
732 2 0.34
302 0 0.18
584 4 0.34
332 8 0.01
51 6 0.59
195 9 0.45
333 9 0.52
305 1 0.14
180 9 0.52
963 5 0.84
52 2 0.36
991 3 0.84
247 4 0.4
583 9 0.86
162 2 0.66
427 4 0.7
589 9 0.63
107 9 0.74
922 2 0.26
26 4 0.75
260 7 0.65
809 1 0.01
552 0 0.47
745 9 0.44
985 6 0.01
825 0 0.12
285 5 0.32
987 2 0.2
197 0 0.71
680 8 0.31
451 1 0.98
689 2 0.38
254 9 0.31
826 6 0.14
45 2 0.52
384 9 0.5
521 2 0.07
734 6 0.5
353 1 0.41
990 9 1.0
892 0 0.43
846 3 0.21
62 3 0.8
368 4 0.35
374 1 0.16
316 1 0.19
765 2 0.32
905 7 0.83
847 1 0.55
90 6 0.51
182 1 0.72
10 9 0.81
296 6 0.26
250 9 0.21
499 9 0.12
816 8 0.29
106 8 0.42
375 7 0.54
473 8 0.3
343 8 0.87
325 6 0.75
593 2 0.89
968 2 0.34
558 9 0.26
358 9 0.97
26 5 0.91
264 5 0.04
279 2 0.62
424 1 0.48
344 6 0.04
411 0 0.25
536 2 0.19
992 3 0.6
978 3 0.69
770 9 0.24
707 8 0.29
675 7 0.95
443 6 0.73
309 4 0.04
590 5 0.99
478 2 0.16
592 7 0.31
887 4 0.57
436 4 0.58
1 2 0.87
847 6 0.88
598 6 0.61
840 3 0.21
277 6 0.4
991 9 0.1
556 9 0.85
659 6 0.01
703 8 0.46
733 2 0.74
545 1 0.65
534 2 0.45
124 0 0.64
276 0 0.25
915 4 0.31
368 7 0.33
225 4 0.41
267 1 0.48
140 6 0.27
906 8 0.03
44 5 0.42
89 6 0.62
247 9 0.48
316 3 0.92
107 4 0.22
569 4 0.17
416 8 0.34
115 4 0.62
511 0 0.79
373 0 0.62
651 1 0.66
487 1 0.23
451 0 0.45
776 3 0.93
397 6 0.93
867 3 0.35
337 3 0.82
33 2 0.5
157 1 0.11
100 7 0.99
664 0 0.55
983 0 0.09
347 3 0.99
559 8 0.89
630 3 0.65
942 0 0.42
577 3 0.87
414 9 0.79
17 6 0.8
647 1 0.31
414 3 0.45
980 7 0.96
465 9 0.64
602 1 0.08
395 8 0.66
286 7 0.17
306 2 0.91
330 3 0.13
245 7 0.28
781 6 0.98
495 7 0.81
55 1 0.05
167 7 0.04
874 2 0.21
845 5 0.33
286 5 0.76
143 0 0.44
764 9 0.16
792 9 0.14
221 1 0.28
158 2 0.93
719 6 0.27
373 4 0.61
861 7 0.66
694 4 0.28
347 2 0.62
108 5 0.08
146 4 0.02
540 7 0.25
50 2 0.17
572 2 0.64
32 9 0.46
53 4 0.38
349 4 0.82
989 1 0.4
742 4 0.29
546 1 0.84
278 5 0.58
867 8 0.91
71 3 0.9
309 2 0.39
401 8 0.54
413 0 0.43
939 5 0.3
371 9 0.8
554 9 0.99
476 2 0.58
41 1 0.22
955 8 0.54
280 6 0.87
350 3 0.52
647 2 0.81
24 7 0.98
998 8 0.86
504 7 0.26
330 1 0.96
914 9 0.99
756 1 0.99
757 3 0.09
555 4 0.52
49 1 0.93
955 5 0.05
746 2 0.2
18 4 0.03
196 7 0.61
213 7 0.42
818 8 0.61
159 1 0.35
751 4 0.64
358 3 0.86
184 3 0.14
175 3 0.61
753 1 0.98
191 2 0.94
367 6 0.3
167 7 0.68
123 1 0.72
362 9 0.16
330 7 0.54
610 8 0.03
81 2 0.41
592 7 0.67
25 4 0.35
149 9 0.45
727 6 0.59
948 1 0.27
272 2 0.45
291 8 0.82
261 2 0.07
356 7 0.0
787 5 0.66
311 2 0.39
707 4 0.06
798 9 0.83
114 6 0.5
836 2 0.26
210 3 0.53
969 4 0.48
417 0 0.93
795 9 0.96
536 8 0.47
342 6 0.19
66 0 0.43
256 8 0.57
266 8 0.95
37 7 0.07
481 3 0.7
844 9 0.21
277 5 0.39
370 6 0.66
235 0 0.76
333 8 0.33
625 0 0.84
767 9 0.31
169 3 0.41
261 4 0.7
106 8 0.48
865 8 0.97
941 5 1.0
42 3 0.22
580 3 0.64
964 4 0.8
253 2 0.67
411 8 0.92
925 4 0.39
928 0 0.45
391 4 0.63
362 3 0.84
148 0 0.01
775 8 0.71
522 8 0.8
505 3 0.2
511 1 0.3
592 0 0.16
109 1 0.58
40 9 0.47
122 5 0.84
346 0 0.46
688 3 0.47
191 5 0.09
33 1 0.47
586 4 0.65
624 5 0.05
748 3 0.18
674 1 0.26
335 6 0.91
465 3 0.65
460 9 0.59
810 1 0.22
678 4 0.65
432 2 0.96
196 0 0.3
655 7 0.12
222 5 0.73
603 1 0.63
507 7 0.85
642 9 0.39
615 1 0.93
237 6 0.36
927 8 0.71
265 0 0.17
851 9 0.24
657 6 0.6
95 8 0.82
158 8 0.88
56 5 0.99
299 8 0.82
541 0 0.79
124 3 0.48
543 2 0.25
506 4 0.58
885 1 0.1
585 9 0.61
693 2 0.89
797 1 0.97
539 2 0.9
315 0 0.72
175 7 0.83
235 4 0.91
277 2 0.61
200 8 0.92
426 7 0.68
513 4 0.62
279 5 0.08
950 1 0.87
265 5 0.41
10 7 0.23
834 4 0.88
255 5 0.87
506 7 0.39
554 1 0.51
121 4 0.21
424 2 0.87
316 1 0.05
27 5 0.37
345 1 0.04
110 2 0.99
868 0 0.15
591 5 0.22
222 6 0.05
101 1 0.11
559 3 0.32
559 8 0.33
516 2 0.19
354 5 0.78
636 1 0.67
222 1 0.89
91 9 0.74
875 9 0.41
643 5 0.49
481 1 0.67
834 5 0.25
395 4 0.94
459 7 0.42
123 5 0.51
924 0 0.77
754 8 0.92
640 9 0.99
44 9 0.95
777 6 0.11
501 1 0.48
912 4 0.04
668 0 0.25
175 4 0.34
876 2 0.58
844 7 0.32
175 8 0.46
908 5 0.41
634 4 0.44
580 5 0.17
724 5 0.61
15 9 0.67
409 9 0.35
908 3 0.85
970 1 0.98
996 5 0.32
906 7 0.96
582 1 0.32
871 8 0.48
370 0 0.86
769 5 0.11
64 4 0.09
279 9 0.57
971 3 0.36
179 0 0.44
968 6 0.61
610 9 0.69
186 0 0.83
693 1 0.35
176 7 0.6
649 4 0.92
724 7 0.83
566 0 0.64
688 4 0.91
742 6 0.45
121 4 0.54
923 9 0.48
108 8 0.33
797 5 0.71
323 2 0.76
440 6 0.3
290 9 0.11
860 4 0.64
626 8 0.47
241 8 0.32
478 3 0.64
453 5 0.93
980 3 0.18
326 3 0.7
677 4 0.06
739 7 0.63
301 6 0.47
383 1 0.83
592 1 0.78
391 5 0.02
855 7 0.2
714 5 0.1
30 8 0.98
49 6 0.15
657 6 0.9
723 9 0.73
613 2 0.13
686 3 0.55
152 1 0.62
55 4 0.64
494 5 0.62
584 8 0.26
937 7 0.06
939 9 0.75
676 1 0.43
17 1 0.83
783 6 0.87
462 3 0.42
267 4 0.96
391 9 0.4
552 5 0.7
992 1 0.09
321 6 0.98
281 8 0.0
617 4 0.14
18 4 0.89
232 3 0.53
619 9 0.61
945 1 0.4
765 8 0.06
709 5 0.61
661 7 0.4
412 8 0.12
381 6 0.22
556 6 0.04
736 5 0.92
830 2 0.38
957 3 0.64
0 4 0.42
633 6 0.6
132 3 0.51
38 6 0.53
792 6 0.92
58 9 0.37
700 8 0.88
229 9 0.84
229 4 0.59
481 8 0.29
193 6 0.52
812 9 0.05
24 5 0.17
458 8 0.77
367 6 0.09
973 7 0.1
103 2 0.56
546 4 0.9
172 0 0.91
250 6 0.27
421 8 0.51
479 6 0.66
276 7 0.57
728 9 0.61
888 2 0.56
102 8 0.36
449 9 0.16
527 4 0.03
177 7 0.72
480 3 0.2
13 4 0.79
543 3 0.8
327 4 0.43
769 8 0.87
64 1 0.25
418 9 0.14
361 5 0.18
220 7 0.32
590 4 0.83
141 8 0.53
38 5 0.55
340 8 0.37
532 6 1.0
322 0 0.89
871 0 0.73
962 9 0.53
120 7 0.27
572 0 0.68
846 9 0.58
37 2 0.16
840 2 0.26
668 7 0.44
900 8 0.01
128 7 0.81
653 1 0.42
254 3 0.14
650 5 0.89
82 4 0.33
966 0 0.15
354 2 0.36
835 7 0.23
329 3 0.05
112 4 0.66
791 8 0.6
590 0 0.19
419 3 0.75
963 9 0.2
257 3 0.12
779 9 0.68
4 7 0.09
684 5 0.9
804 7 0.59
517 2 0.99
931 2 0.06
766 9 0.26
816 2 0.14
849 2 0.07
257 0 0.43
970 8 0.51
734 1 0.2
513 3 0.41
29 4 0.52
857 2 0.51
520 2 0.89
702 1 0.41
664 2 0.47
893 8 0.57
133 4 0.4
326 9 0.27
116 9 0.6
4 5 0.7
706 4 0.4
98 0 0.92
622 0 0.12
440 2 0.61
622 1 0.79
172 0 0.25
246 0 0.4
432 3 0.6
878 6 0.18
80 5 0.59
63 6 0.7
198 9 0.91
925 9 0.72
828 2 0.04
26 0 0.25
768 9 0.26
225 4 0.33
692 4 0.0
659 0 0.78
651 6 0.2
789 5 0.37
10 2 0.97
39 6 0.05
650 3 0.88
725 4 0.59
357 9 0.68
201 8 0.25
401 4 0.46
823 5 0.01
515 5 0.14
202 1 0.74
430 5 0.14
279 1 0.9
248 3 0.5
357 2 0.14
179 3 0.77
843 0 0.78
933 7 0.54
624 5 0.62
8 5 0.39
219 6 0.0
115 6 0.82
26 5 0.38
405 2 0.09
931 0 0.11
582 5 0.48
183 8 0.51
975 1 0.62
926 2 0.67
680 4 0.15
453 0 0.37
800 3 0.69
49 0 0.17
158 4 0.9
375 8 0.39
128 6 0.89
964 4 0.01
335 2 0.09
328 5 0.77
172 5 0.95
487 4 1.0
873 6 0.58
458 8 0.48
808 0 0.91
407 6 0.62
69 8 0.32
53 4 0.04
567 7 0.68
823 7 0.03
969 5 0.54
437 6 0.09
57 4 0.75
424 7 0.39
556 5 0.51
84 6 0.48
136 9 0.8
477 6 0.38
711 3 0.04
854 4 0.02
423 6 0.65
468 2 0.12
416 5 0.89
934 8 0.71
519 6 0.38
532 9 0.16
233 7 0.25
251 5 0.34
425 1 0.38
865 8 0.57
674 1 0.32
333 4 0.42
271 0 0.74
863 7 0.54
698 6 0.6
762 4 0.51
780 2 0.46
589 6 0.27
162 8 0.77
949 2 0.62
744 2 0.71
908 0 0.27
599 0 0.75
518 3 0.59
418 5 0.12
488 9 0.85
509 2 0.71
510 2 0.19
901 5 0.97
79 8 0.02
14 4 0.81
112 0 0.91
829 7 0.32
197 1 0.25
872 6 0.24
743 4 0.63
392 8 0.27
655 7 0.65
304 5 0.73
305 6 0.72
12 7 0.51
670 1 0.57
308 9 0.03
788 7 0.56
327 9 0.46
499 3 0.13
870 5 0.57
744 1 0.61
598 0 0.72
671 9 0.37
126 9 0.22
281 8 0.13
93 2 0.57
276 9 0.24
961 7 0.7
840 9 0.98
287 7 0.41
729 0 0.61
167 5 0.5
455 9 0.28
711 9 0.79
709 9 0.53
572 7 0.64
957 1 0.6
345 1 0.04
443 4 0.22
97 4 0.56
103 3 0.22
815 8 0.13
785 7 0.15
335 3 0.04
378 5 0.83
777 9 0.7
793 5 0.13
51 9 0.52
96 5 0.14
879 5 0.06
776 4 0.9
990 5 0.4
651 3 0.09
876 5 0.34
448 8 0.98
356 3 0.53
149 1 0.67
887 9 0.96
394 0 0.09
30 5 0.68
392 8 0.88
948 4 0.56
985 1 0.99
218 5 0.1
688 6 0.31
667 6 0.49
730 0 0.61
733 7 0.57
861 6 0.87
866 4 0.35
23 9 0.28
363 4 0.49
158 2 0.71
830 4 0.24
426 7 0.45
449 9 0.85
176 4 0.33
701 7 0.05
857 1 0.96
587 9 0.46
347 4 0.06
664 7 0.96
884 8 0.46
428 6 0.28
277 6 0.02
212 1 0.37
816 9 0.52
477 7 0.09
516 0 0.07
908 3 0.53
736 7 0.45
957 9 0.57
146 2 0.47
645 2 0.69
577 8 0.5
222 2 0.48
594 6 0.38
863 6 0.86
273 7 0.54
827 7 0.37
820 1 0.69
118 0 0.18
634 5 0.27
681 8 0.22
990 1 0.63
986 2 0.69
496 5 0.61
232 8 0.31
106 2 0.67
176 8 0.29
144 5 0.4
444 5 0.94
654 5 0.02
927 1 0.79
987 4 0.14
486 8 0.11
282 9 0.14
893 9 0.32
1 3 0.77
903 9 0.16
520 8 0.07
67 1 0.19
897 6 0.81
758 5 0.72
746 3 0.5
408 4 0.06
630 6 0.71
327 3 0.74
910 8 0.25
68 2 0.29
765 6 0.47
534 1 0.94
279 1 0.73
843 0 0.78
452 5 0.29
248 2 0.86
90 0 0.91
11 8 0.18
50 4 0.61
956 8 0.26
976 1 0.87
829 0 0.43
70 5 0.38
706 7 0.96
20 0 0.58
533 2 0.96
401 9 0.79
381 8 0.25
795 6 0.36
102 0 0.44
970 0 0.13
723 0 0.07
486 5 0.64
976 9 0.68
108 2 0.74
809 2 0.15
563 8 0.02
94 7 0.69
856 6 0.22
848 2 0.71
58 9 0.22
318 2 0.68
32 5 0.63
298 8 0.78
86 0 0.5
94 2 0.42
196 0 0.68
449 5 0.74
805 3 0.99
697 1 0.89
923 5 0.22
628 1 0.29
666 6 0.14
457 1 0.61
377 0 0.61
152 2 0.55
225 1 0.49
643 6 0.76
304 1 0.18
286 0 0.16
427 2 0.36
754 9 0.25
558 8 0.22
750 0 0.89
142 0 0.51
908 6 0.31
294 9 0.38
541 6 0.07
974 5 0.69
432 6 0.38
208 4 0.93
488 9 0.61
745 4 0.15
691 4 0.98
309 6 0.37
202 2 0.38
453 3 0.69
391 9 0.17
916 8 0.71
764 6 0.92
965 8 0.28
558 2 0.1
215 4 0.84
978 7 0.62
39 4 0.01
894 1 0.45
95 2 0.22
880 6 0.43
726 4 0.02
93 7 0.13
232 2 0.58
813 4 0.78
911 0 0.18
91 9 0.05
301 0 0.32
296 5 0.04
99 4 0.31
89 8 0.71
720 7 0.99
312 1 0.76
189 1 0.89
16 7 0.78
141 0 0.38
89 2 0.55
390 9 0.28
646 4 0.15
220 8 0.3
758 6 0.05
164 2 0.63
984 5 0.64
233 7 0.55
342 1 0.47
737 5 0.8
934 4 0.87
878 4 0.97
933 4 0.53
241 7 0.79
34 3 0.48
64 3 0.08
629 6 0.49
45 0 0.71
863 3 0.67
67 9 0.94
527 4 0.64
570 0 0.12
563 9 0.67
283 0 0.71
675 9 0.72
490 2 0.83
935 8 0.03
270 6 0.36
662 1 0.27
119 3 0.23
808 3 0.07
501 9 0.51
15 7 0.48
870 7 0.42
91 7 0.32
950 5 0.03
596 5 0.93
908 9 0.41
775 4 0.15
438 0 0.19
748 7 0.33
273 5 0.61
500 8 0.81
41 7 0.88
822 0 0.5
304 8 0.95
359 2 0.95
648 0 0.66
57 5 0.54
297 3 0.73
624 7 0.21
896 6 0.78
388 4 0.36
170 8 0.04
823 2 0.51
903 8 0.12
115 1 0.64
863 5 0.38
952 6 0.34
589 8 0.58
905 3 0.66
403 3 0.94
5 0 0.27
478 9 0.57
236 2 0.07
691 5 0.73
874 7 0.99
19 4 0.31
80 1 0.15
606 7 0.33
972 3 0.24
828 9 0.49
38 2 0.95
807 9 0.81
172 1 0.01
534 5 0.09
609 6 0.69
896 7 0.77
888 8 0.15
339 9 0.96
988 8 0.5
544 0 0.5
259 0 0.85
838 8 0.66
535 6 0.22
118 0 0.87
566 2 0.42
648 5 0.83
639 9 0.96
878 3 0.17
574 0 0.62
543 7 0.09
278 6 0.28
323 6 0.27
175 1 0.74
884 4 0.35
70 4 0.28
685 8 0.51
691 5 0.81
563 3 0.94
581 4 0.26
709 3 0.22
493 3 0.29
123 4 0.35
296 7 0.35
5 9 0.95
646 2 0.76
566 7 0.67
608 9 0.74
786 0 0.81
529 7 0.25
438 2 0.55
650 1 0.76
715 7 0.75
712 9 0.48
778 8 0.32
943 6 0.33
621 3 0.67
189 0 0.03
594 4 0.25
484 5 0.91
348 0 0.4
879 9 0.49
750 4 0.16
264 5 0.43
867 4 0.85
762 0 0.74
930 1 0.47
685 6 0.27
777 8 0.08
668 7 0.43
542 6 0.34
798 7 0.19
695 7 0.11
82 3 0.99
307 3 0.87
180 1 0.69
202 5 0.01
663 0 0.27
168 8 0.31
348 3 0.37
135 7 0.43
27 4 0.53
79 8 0.0
680 9 0.26
931 6 0.34
437 2 0.43
227 2 0.65
16 2 0.84
667 8 0.8
21 2 0.26
133 3 0.12
326 3 0.28
193 1 0.08
254 1 0.33
179 6 0.68
73 4 0.85
210 0 0.37
652 2 0.01
354 5 0.33
674 3 0.85
748 8 0.69
198 2 0.75
483 6 0.67
123 8 0.51
691 2 0.87
219 4 0.06
515 6 0.17
900 6 0.23
915 4 0.1
886 5 0.12
884 8 0.15
939 8 0.58
870 8 0.36
987 7 0.54
880 6 0.75
415 8 0.64
261 7 0.39
440 0 0.16
63 9 0.58
42 6 0.13
881 7 0.4
269 0 0.25
44 9 0.76
463 4 0.25
661 4 0.22
301 1 0.75
174 4 0.15
890 2 0.5
997 0 0.41
615 0 0.16
102 9 0.38
761 1 0.82
707 8 0.4
635 4 0.02
25 9 0.2
937 3 0.26
780 6 0.95
86 3 0.97
395 1 0.49
173 7 0.31
375 2 0.79
368 9 0.5
302 4 0.29
980 0 0.68
332 5 0.33
169 6 0.92
153 9 0.9
13 7 0.89
66 0 0.11
649 7 0.46
566 1 0.61
811 7 0.22
745 3 0.82
437 7 0.94
309 3 0.98
637 5 0.04
308 3 0.02
688 2 0.04
32 8 0.86
226 4 0.93
156 0 0.87
402 9 0.19
883 8 0.9
921 6 0.93
141 1 0.01
280 4 0.79
973 0 0.1
467 0 0.44
681 0 0.78
212 6 0.36
517 2 0.8
774 4 0.24
202 9 0.75
817 5 0.27
451 3 0.23
721 6 0.7
269 3 0.79
778 1 1.0
678 4 0.76
895 8 0.05
224 8 0.51
972 7 0.05
871 5 0.81
515 9 0.5
764 2 0.49
349 0 0.94
454 4 0.73
585 2 0.67
360 3 0.72
743 4 0.65
875 1 0.24
288 8 0.22
844 9 0.4
990 1 0.12
923 7 0.86
735 8 0.54
7 6 0.13
189 9 0.07
439 2 0.2
526 7 0.5
852 9 0.4
810 7 0.15
581 8 0.33
102 1 0.42
582 8 0.77
719 8 0.58
227 0 0.4
898 9 0.57
754 8 0.77
353 5 0.61
804 7 0.75
852 8 0.92
138 3 0.54
987 5 0.29
802 6 0.86
131 0 0.21
217 2 0.36
452 7 0.48
460 2 0.59
497 5 0.55
796 5 0.68
761 1 0.31
168 2 0.8
303 5 0.32
548 2 0.56
101 1 0.15
582 0 0.25
433 6 0.73
7 7 0.29
277 9 0.68
195 7 0.23
66 7 0.35
550 7 0.02
115 4 0.14
533 0 0.08
71 3 0.93
295 9 0.2
255 2 0.15
420 8 0.64
149 1 0.07
704 0 0.41
931 0 0.47
216 2 0.07
580 2 0.57
598 6 0.83
319 3 0.57
954 5 0.67
123 6 0.21
532 7 0.25
100 9 0.08
646 4 0.24
741 4 0.9
227 6 0.59
821 6 0.25
222 6 0.79
624 9 0.68
427 5 0.48
14 8 0.08
357 9 0.49
52 8 0.31
784 5 0.02
769 0 0.42
692 6 0.16
554 9 0.5
421 1 0.78
942 8 0.46
78 8 0.81
847 4 0.45
935 7 0.58
803 0 0.99
433 5 0.12
498 2 0.98
383 1 0.22
563 2 0.54
268 5 0.39
781 6 0.18
827 4 0.66
649 5 0.25
627 7 0.81
335 6 0.25
454 0 0.43
122 9 0.07
43 2 0.59
513 8 0.52
674 5 0.65
310 8 0.3
665 8 0.17
917 5 0.69
31 7 0.42
912 4 0.19
385 9 0.47
279 9 0.95
919 7 0.39
505 0 0.91
975 5 0.83
588 7 0.88
166 6 0.03
801 5 0.02
930 9 0.9
781 7 0.49
968 3 0.89
155 6 0.44
821 8 0.91
260 3 0.37
62 9 0.31
589 4 0.96
601 4 0.99
69 8 0.87
882 0 0.1
747 9 0.03
184 4 0.76
798 4 0.99
771 7 0.63
641 3 0.96
531 9 0.57
46 4 0.44
974 0 1.0
710 3 0.41
498 6 0.27
198 3 0.14
496 3 0.06
562 8 0.89
424 4 0.29
634 8 0.84
901 3 0.98
522 8 0.39
403 5 0.37
795 8 0.76
842 7 0.46
53 2 0.32
425 5 0.93
681 1 0.36
186 4 0.6
90 8 0.79
900 4 0.62
522 0 0.07
666 3 0.56
132 3 0.83
425 7 0.96
260 8 0.95
324 8 0.43
698 7 0.44
789 1 0.06
62 8 0.28
109 4 0.26
135 5 0.14
941 4 0.09
288 5 0.28
801 6 0.35
173 0 0.11
69 1 0.07
913 2 0.91
730 4 0.02
161 9 0.84
886 2 0.97
405 7 0.07
161 4 0.86
919 2 0.58
640 6 0.53
221 6 0.03
345 1 0.51
734 9 0.87
105 0 0.92
232 6 0.96
817 3 0.66
843 8 0.97
636 8 0.4
538 4 0.28
292 0 0.21
49 9 0.58
669 5 0.86
505 3 0.98
97 5 0.71
860 3 0.63
269 4 0.57
669 0 0.39
9 1 0.12
436 8 0.83
283 2 0.28
975 7 0.28
423 9 0.65
411 8 0.31
460 4 0.64
855 7 0.93
245 2 0.02
569 0 0.86
510 2 0.18
906 6 0.7
310 3 0.61
521 1 0.7
770 7 0.87
665 1 0.87
99 3 0.66
165 5 0.53
545 8 0.48
970 6 0.84
890 8 0.17
644 2 0.42
714 9 0.46
11 5 0.74
404 1 0.66
655 9 0.84
514 8 0.78
755 3 0.79
490 9 0.47
673 0 0.7
847 2 0.75
471 2 0.85
890 2 0.46
693 9 0.04
39 5 0.72
191 0 0.4
901 0 0.13
79 7 0.69
345 8 0.97
151 2 0.02
844 6 0.71
705 6 0.63
481 8 0.32
748 0 0.33
429 6 0.98
51 0 0.71
16 3 0.74
240 8 0.61
269 9 0.46
225 4 0.63
914 9 0.18
248 9 0.16
903 8 0.11
938 4 0.12
821 0 0.33
183 8 0.18
228 3 0.4
437 4 0.81
2 6 0.59
495 1 0.04
557 2 0.24
740 8 0.57
794 5 0.16
160 5 0.66
397 0 0.18
46 9 0.41
150 8 0.01
677 9 0.01
979 6 0.73
213 6 0.63
35 6 0.24
907 5 0.0
707 7 0.91
139 1 0.03
30 7 0.06
228 7 0.41
612 8 0.43
132 6 0.3
443 3 0.41
387 1 0.3
841 7 0.73
387 3 0.74
485 2 0.64
830 1 0.73
833 1 0.17
323 2 0.72
356 8 0.7
666 9 0.12
39 1 0.03
131 1 0.81
148 1 0.5
488 8 0.68
788 1 0.82
632 3 0.22
117 3 0.19
41 3 0.53
210 5 0.5
46 4 0.28
785 7 0.37
544 3 0.4
979 9 0.98
547 8 0.58
219 8 0.78
168 4 0.86
694 6 0.14
609 5 0.29
335 7 0.0
898 5 0.75
955 1 0.24
142 7 0.21
427 3 0.29
876 4 0.63
648 0 0.39
570 9 0.1
561 2 0.16
474 5 0.51
155 8 0.35
500 0 0.0
199 2 0.7
92 9 0.04
664 5 0.65
933 9 0.9
913 9 0.64
953 1 0.56
991 0 0.49
384 0 0.84
868 9 0.6
66 5 0.28
199 2 0.8
972 6 0.15
185 2 0.84
322 5 0.83
804 6 0.03
594 4 0.53
114 5 0.96
160 2 0.93
108 6 0.54
753 6 0.85
537 3 0.56
954 3 0.09
482 0 0.23
990 3 0.71
196 4 0.24
293 1 0.05
811 6 0.13
536 0 0.32
222 3 0.3
555 0 0.41
227 9 0.01
825 9 0.18
65 3 0.64
823 9 0.31
439 3 0.67
814 4 0.93
775 7 0.08
648 1 0.75
712 0 0.7
343 6 0.82
912 3 0.67
268 7 0.59
526 5 0.05
546 7 0.9
155 6 0.13
977 2 0.2
917 4 0.08
24 0 0.63
916 9 0.16
962 1 0.92
145 8 0.39
273 4 0.35
616 8 0.33
406 8 0.49
231 0 0.29
383 2 0.68
865 5 0.88
36 4 0.63
237 7 0.02
508 0 0.9
263 7 0.74
93 0 0.7
109 3 0.32
854 3 0.79
636 8 0.53
196 4 0.74
716 9 0.43
505 0 0.29
326 1 0.9
437 3 0.07
646 7 0.69
553 3 0.59
161 6 0.61
179 0 0.8
966 8 0.53
872 9 0.3
283 8 0.3
690 6 0.83
335 5 0.88
482 8 0.36
784 0 0.2
800 0 0.47
392 4 0.78
631 9 0.7
518 6 0.81
232 0 0.48
197 8 0.13
829 0 0.63
547 2 0.99
426 0 0.09
291 2 0.54
208 9 0.02
774 9 0.46
580 0 0.56
485 0 0.63
296 1 0.83
170 7 0.21
723 6 0.14
857 0 0.94
999 3 0.28
636 0 0.93
978 2 0.79
936 6 0.39
385 9 0.32
778 4 0.37
395 6 0.84
845 6 0.66
137 3 0.45
936 9 0.64
382 4 0.47
941 1 0.7
905 6 0.83
9 4 0.37
583 2 0.75
50 1 0.86
971 6 0.12
242 6 0.69
392 9 0.82
488 3 0.8
302 7 0.99
603 8 0.61
6 0 0.96
273 9 0.86
758 0 0.12
926 7 0.36
696 9 0.64
787 7 0.38
123 6 0.33
950 4 0.04
19 3 0.91
411 7 0.42
41 1 0.76
211 0 0.27
847 8 0.83
837 5 0.04
443 2 0.65
34 9 0.08
530 5 0.4
299 1 0.73
906 3 0.32
100 7 0.54
248 2 0.73
830 8 0.62
503 8 0.2
509 8 0.92
450 8 0.26
916 5 0.34
360 2 0.97
554 2 0.81
791 8 0.61
187 1 0.34
471 4 0.75
469 6 0.56
788 7 0.86
535 9 0.45
479 2 0.37
794 6 0.98
231 3 0.5
592 8 0.01
3 9 0.28
619 5 0.28
744 0 0.53
428 9 0.11
972 0 1.0
533 0 0.88
963 2 0.06
291 8 0.9
141 2 0.27
929 5 0.05
266 5 0.41
448 5 0.62
313 5 0.07
528 3 0.64
550 8 0.96
700 0 0.8
215 1 0.45
8 1 0.88
712 7 0.73
889 2 0.24
214 9 0.5
238 7 0.1
804 0 0.78
849 3 0.83
791 3 0.3
753 2 0.01
613 6 0.63
19 4 0.31
529 0 0.24
467 6 0.5
427 8 0.19
876 3 0.79
868 7 0.86
115 4 0.32
354 7 0.37
145 7 0.93
19 3 0.35
201 3 0.65
324 4 0.79
307 1 0.82
474 8 0.66
766 0 0.41
374 3 0.96
578 0 0.3
604 2 0.96
623 8 0.99
889 8 0.07
731 6 0.27
441 2 0.86
903 3 0.86
991 3 0.48
737 5 0.4
840 4 0.16
664 3 0.96
445 8 0.34
631 5 0.09
149 2 0.34
697 4 0.49
348 9 0.92
297 7 0.17
667 9 0.5
290 0 0.55
268 8 0.16
833 7 0.33
862 7 0.52
326 6 0.15
982 0 0.92
270 2 0.16
412 9 0.51
184 2 0.39
174 2 0.29
744 8 0.54
139 9 0.79
695 5 0.83
525 8 0.81
163 8 0.62
506 4 0.11
517 0 0.91
267 9 0.19
129 7 0.86
804 4 0.33
159 7 0.35
641 3 0.83
679 6 0.75
312 7 0.26
928 9 0.33
98 5 1.0
91 9 0.85
557 6 0.85
116 8 0.19
13 5 0.57
117 6 0.06
758 5 0.84
330 4 0.07
782 8 0.3
186 6 0.95
499 8 0.03
469 3 0.32
41 1 0.8
958 7 0.88
649 3 0.2
915 6 0.13
438 7 0.89
801 7 0.84
652 8 0.62
282 5 0.67
109 1 0.11
146 9 0.74
625 7 0.41
430 4 0.4
358 2 0.93
964 2 0.35
19 4 0.89
31 4 0.39
652 2 0.84
196 9 0.17
444 6 0.4
574 5 0.76
754 0 0.52
35 2 0.44
250 4 0.29
538 5 0.29
281 6 0.13
558 2 0.85
318 7 0.99
986 4 0.96
663 1 0.18
304 1 0.48
75 4 0.16
858 4 0.24
396 9 0.45
853 1 0.54
408 8 1.0
373 1 0.27
482 1 0.17
95 1 0.48
646 9 0.3
577 4 0.86
451 6 0.91
712 6 0.41
694 2 0.08
227 9 0.6
14 5 0.31
249 0 0.99
519 6 0.34
772 1 0.9
717 8 0.5
906 6 0.32
833 3 0.59
998 3 0.88
863 7 0.44
656 6 0.4
275 2 0.91
558 2 0.69
868 5 0.51
989 4 0.46
666 0 0.37
835 9 0.27
95 1 0.15
347 1 0.48
622 1 0.92
553 1 0.88
969 9 0.62
125 7 0.94
743 6 0.07
938 1 0.46
940 8 0.39
213 2 0.89
666 2 0.43
743 2 0.64
680 9 0.13
134 8 0.73
556 6 0.91
181 2 0.16
730 9 0.13
199 1 0.16
118 9 0.02
10 1 0.83
322 5 0.94
924 0 0.57
196 5 0.31
444 3 0.65
358 3 0.78
700 4 0.69
415 8 0.19
887 7 0.35
260 8 0.4
737 4 0.21
104 6 0.23
679 1 0.09
840 5 0.0
704 1 0.38
596 1 0.43
802 7 0.47
6 5 0.43
449 3 0.32
936 6 0.07
133 9 0.5
945 6 0.69
265 9 0.43
596 8 0.05
605 0 0.48
855 7 0.14
25 7 0.87
55 3 0.24
767 1 0.49
739 0 0.92
13 4 0.34
250 0 0.51
115 9 0.58
294 2 0.61
634 6 0.89
240 2 0.7
584 6 0.51
173 2 0.31
867 7 0.36
182 6 0.48
249 3 0.92
854 9 0.71
537 8 0.22
779 2 0.26
627 4 0.14
966 4 0.06
694 5 0.74
882 7 0.97
274 5 0.22
554 4 0.21
360 7 0.45
508 9 1.0
696 2 0.87
613 8 0.47
575 7 0.69
337 8 0.01
378 3 0.84
687 6 0.86
944 1 0.82
237 7 0.28
181 1 0.14
998 9 0.28
583 2 0.02
886 9 0.62
88 7 0.9
798 8 0.65
620 6 0.65
81 5 0.54
45 3 0.48
521 8 0.64
649 1 0.04
391 5 0.86
818 3 0.83
648 0 0.22
422 8 0.3
211 0 0.88
654 7 0.16
399 8 0.72
122 3 0.26
47 8 0.09
717 2 0.54
948 9 0.8
846 8 0.02
880 3 0.85
715 5 0.01
999 5 1.0
185 2 0.58
718 1 0.23
710 2 0.56
116 2 0.69
114 6 0.36
796 2 0.71
360 8 0.54
918 2 0.2
745 6 0.92
70 7 0.07
388 1 0.38
102 2 0.66
936 2 0.8
629 3 0.31
427 3 0.42
828 3 0.51
691 9 0.9
145 9 0.8
922 3 0.55
848 5 0.49
327 7 0.94
352 7 0.85
51 0 0.71
924 7 0.16
849 8 0.92
900 0 0.95
505 0 0.08
106 4 0.93
663 1 0.13
260 1 0.85
264 9 0.9
904 1 0.24
146 4 0.05
749 9 0.47
323 1 0.6
236 1 0.92
589 4 0.99
915 8 0.5
371 1 0.51
483 2 0.42
871 2 0.21
11 8 0.74
228 5 0.75
177 6 0.11
687 5 0.63
837 1 0.21
833 4 0.95
371 9 0.17
106 7 0.53
624 4 0.18
301 5 0.15
864 6 0.91
488 4 0.89
225 3 0.41
204 3 0.7
610 5 0.89
357 1 0.03
545 9 0.09
695 2 0.77
761 8 0.68
128 0 0.02
607 0 0.64
749 5 0.47
152 9 0.75
971 3 0.66
977 4 0.65
502 5 0.37
135 0 0.38
547 3 0.79
98 3 0.01
902 7 0.1
960 5 0.2
955 5 0.91
657 4 0.64
350 4 0.17
499 0 0.08
258 4 0.41
301 8 0.63
924 9 0.98
975 1 0.01
11 0 0.21
548 6 0.25
213 9 0.4
104 0 0.43
841 4 0.51
713 5 0.46
507 1 0.74
318 5 0.58
773 4 0.85
726 2 0.17
961 7 0.56
245 5 0.55
153 5 1.0
228 2 0.57
180 2 0.24
299 9 0.03
807 4 0.62
961 6 0.49
836 4 0.52
724 1 0.83
460 4 0.64
32 9 0.08
404 1 0.43
268 2 0.04
873 2 0.56
681 5 0.16
47 8 0.53
176 8 0.62
786 4 0.79
656 3 0.49
40 0 0.43
420 7 0.17
826 8 0.12
660 3 0.74
898 8 0.49
10 1 0.01
939 2 0.81
980 1 0.82
866 3 0.77
765 3 0.24
168 2 0.92
283 0 0.8
598 7 0.13
463 4 0.79
479 9 0.43
413 4 0.3
798 2 0.16
774 9 0.29
537 0 0.55
876 3 0.71
730 7 0.14
807 7 0.56
509 6 0.32
177 4 0.58
163 3 0.75
506 4 0.73
20 9 0.12
796 5 0.89
913 8 0.04
646 8 0.52
622 0 0.25
231 3 0.18
456 8 0.86
629 6 0.55
94 7 0.31
928 4 0.91
209 7 0.15
357 5 0.33
901 4 0.6
332 5 0.34
540 5 0.18
224 6 0.21
788 6 0.86
317 5 0.76
359 7 0.21
33 7 0.45
466 1 0.98
163 8 0.24
438 8 0.44
766 1 0.54
851 2 0.04
285 7 0.58
281 4 0.91
223 2 0.58
506 3 0.47
857 2 0.24
657 3 0.69
876 3 0.67
732 8 0.92
836 5 0.8
718 0 0.07
158 7 0.29
541 2 0.89
402 0 0.53
493 6 0.11
678 5 0.53
103 0 0.88
781 4 0.67
170 9 0.32
897 4 0.51
821 0 0.1
9 9 0.71
632 4 0.72
260 5 0.32
295 0 0.77
838 8 0.65
186 0 0.09
967 7 0.22
322 1 0.06
699 5 0.73
665 8 0.41
488 0 0.96
258 5 0.85
76 0 0.17
430 0 0.23
459 1 0.07
989 3 0.33
314 7 0.4
606 1 0.08
696 6 0.15
606 9 0.15
160 1 0.01
285 0 0.11
811 9 0.15
630 4 0.04
562 9 0.25
851 1 0.46
190 4 0.64
607 6 0.75
105 2 0.73
987 2 0.53
585 1 0.86
967 1 0.22
318 2 0.15
892 3 0.44
627 0 0.71
145 5 0.98
236 9 0.43
317 5 0.62
187 4 0.5
282 9 0.42
183 3 0.77
944 7 0.06
194 8 0.69
879 1 0.67
296 7 0.86
123 1 0.73
218 4 0.19
360 1 0.66
998 8 0.98
729 2 0.51
133 3 0.58
339 9 0.4
153 7 0.17
994 2 0.57
693 5 0.74
535 0 0.24
877 8 0.81
654 5 0.27
706 7 0.25
747 0 0.9
434 9 0.74
782 6 0.35
525 9 0.61
491 3 0.04
3 5 0.84
35 3 0.23
189 0 0.82
35 5 0.33
343 3 0.95
630 9 0.41
192 7 0.94
699 2 0.51
406 5 0.12
398 0 0.93
711 2 0.12
386 4 0.98
434 1 0.46
318 0 0.27
643 4 0.06
897 5 0.64
181 7 0.32
955 4 0.44
714 2 0.43
673 9 0.89
846 7 0.17
726 4 0.12
237 8 0.53
301 8 0.68
856 3 0.94
797 2 0.49
359 1 0.73
266 9 0.72
556 8 0.28
147 9 0.49
339 0 0.68
725 2 0.02
56 1 0.34
588 0 0.82
616 0 0.63
696 0 0.71
469 0 0.51
633 0 0.19
370 8 0.12
175 2 0.72
517 6 0.26
141 5 0.26
991 1 0.54
329 7 0.6
808 7 0.15
487 3 0.14
738 9 0.85
256 9 0.06
616 6 0.54
934 0 0.34
891 9 0.3
88 5 0.22
232 9 0.2
454 4 0.78
467 3 0.19
408 9 0.81
848 1 0.79
129 1 0.18
279 0 0.09
553 2 0.87
432 5 0.51
587 2 0.23
193 9 0.17
433 1 0.18
617 0 0.23
472 1 0.98
66 3 0.15
291 2 0.26
794 3 0.54
697 8 0.33
58 4 0.94
774 8 0.31
4 9 0.06
776 0 0.31
346 8 0.12
944 7 0.13
458 9 0.6
822 2 0.38
699 0 0.6
227 6 0.32
839 2 0.72
273 3 0.13
615 0 0.8
775 4 0.24
721 8 0.2
584 9 0.22
237 6 0.38
114 1 0.2
262 5 0.38
395 1 0.28
225 9 0.34
810 0 0.8
477 6 0.02
661 9 0.87
692 6 0.07
558 5 0.09
282 0 0.35
287 3 0.38
607 4 0.11
461 6 0.21
923 6 0.97
730 8 0.57
496 4 0.57
420 0 0.96
193 6 0.73
243 8 0.35
432 5 0.26
475 5 0.0
469 1 0.92
676 7 0.16
78 2 0.91
783 5 0.77
378 9 0.76
470 6 0.77
137 8 0.61
715 6 0.46
726 8 0.67
363 4 0.07
412 6 0.08
981 6 0.5
239 4 0.62
451 9 0.72
411 9 0.21
819 3 0.25
413 2 0.01
244 8 0.53
978 6 0.62
15 4 0.77
192 6 0.11
265 7 0.35
644 2 0.86
733 4 0.06
267 8 0.8
365 1 0.08
750 0 0.92
317 4 0.51
182 0 0.14
18 9 0.31
13 3 0.76
92 5 0.03
819 1 0.56
259 1 0.18
693 4 0.22
991 9 0.85
434 6 0.98
955 8 0.16
91 1 0.89
988 7 0.23
34 6 0.86
248 7 0.7
264 6 0.79
124 1 0.4
460 1 0.68
346 1 0.36
917 0 0.08
76 2 0.04
19 2 0.94
762 8 0.0
966 5 0.18
32 8 0.2
79 0 0.89
532 4 0.08
534 1 0.96
559 3 0.87
735 6 0.28
623 0 0.18
479 6 0.54
561 8 0.83
237 5 0.78
338 4 0.82
546 3 0.17
783 6 0.18
310 5 0.84
359 8 0.15
335 6 0.47
85 9 0.07
993 3 0.79
93 2 0.21
877 9 0.63
343 7 0.36
829 8 0.81
747 8 0.18
541 7 0.83
423 1 0.72
645 0 0.14
737 1 0.95
127 3 0.17
890 8 0.22
349 8 0.68
732 9 0.84
139 0 0.99
817 8 0.76
561 2 0.68
798 8 0.26
22 8 0.5
421 4 0.83
380 8 0.53
555 3 0.21
68 7 0.73
644 3 0.09
997 3 0.63
839 2 0.51
755 7 0.23
782 3 0.79
37 9 0.23
184 0 0.73
434 8 0.82
276 2 0.39
81 5 0.66
360 8 0.53
347 9 0.93
547 8 0.13
133 9 0.32
55 0 0.84
724 7 0.27
769 8 0.85
511 0 0.19
462 9 0.02
491 8 0.25
366 8 0.01
890 6 0.03
44 4 0.62
678 4 0.52
725 7 0.53
645 1 0.8
566 3 0.59
179 9 0.65
635 3 0.13
721 7 0.25
981 9 0.84
204 4 0.03
641 8 0.3
173 9 0.81
420 0 0.54
926 0 0.2
371 6 0.67
642 9 0.94
137 2 0.21
748 9 0.41
428 3 0.18
145 8 0.57
222 9 0.28
488 6 0.41
574 4 0.67
14 1 0.43
382 4 0.5
954 3 0.64
831 5 0.3
717 3 0.07
226 6 0.96
218 4 0.43
947 4 0.42
808 5 0.31
569 5 0.08
708 3 0.22
543 4 0.74
531 0 0.13
87 8 0.35
794 3 0.78
111 5 0.32
330 1 0.88
197 7 0.19
598 2 0.76
673 3 0.29
544 1 0.27
43 3 0.95
476 9 0.91
739 3 0.27
628 9 0.14
55 5 0.18
508 6 0.16
937 1 0.09
581 7 0.85
881 0 0.68
519 6 0.73
728 8 0.8
973 6 0.25
269 0 0.38
887 6 0.6
508 5 0.28
125 7 0.46
211 0 0.98
245 2 0.23
201 9 0.19
285 4 0.05
915 3 0.76
76 3 0.97
421 5 0.58
207 9 0.23
698 7 0.34
268 4 0.78
566 2 0.4
924 8 0.7
657 2 0.0
566 6 0.92
111 1 0.89
958 0 0.26
142 0 0.5
242 3 0.93
365 5 0.56
334 7 0.67
593 3 0.7
396 2 0.99
825 9 0.31
141 3 0.43
94 5 0.1
641 7 0.71
554 1 0.72
944 1 0.47
792 9 0.99
583 1 0.44
629 3 0.76
772 2 0.69
293 9 0.32
884 5 0.11
500 6 0.21
540 7 0.48
87 0 0.36
951 8 0.5
100 2 0.89
584 7 0.56
703 3 0.11
109 1 0.63
463 6 0.95
661 6 0.4
168 0 0.53
538 8 0.32
432 0 0.15
577 9 0.79
318 3 0.82
371 8 0.07
661 7 0.05
685 0 0.57
649 9 0.31
543 1 0.4
859 3 0.3
314 3 0.0
895 4 0.2
131 8 0.26
379 0 0.84
875 9 0.4
637 7 0.99
583 6 0.14
728 5 0.27
789 6 0.6
789 3 0.99
109 5 0.61
815 0 0.44
2 8 0.21
754 3 0.27
52 2 0.36
209 5 0.31
838 1 0.73
627 3 0.13
26 8 0.55
734 7 0.1
262 6 0.95
464 2 0.4
555 9 0.77
816 7 0.22
513 5 0.99
797 5 0.26
795 0 0.86
455 7 0.57
282 7 0.51
375 1 0.33
571 1 0.19
326 5 0.37
82 5 0.76
902 1 0.47
888 0 0.27
144 7 0.8
992 0 0.34
197 5 0.01
897 2 0.77
426 6 0.09
36 9 0.33
946 3 0.21
777 4 0.18
275 3 0.73
370 3 0.29
117 5 0.02
839 3 0.4
175 9 0.78
672 7 0.85
271 1 0.55
768 5 0.88
814 7 0.63
134 5 0.01
833 2 0.43
656 5 0.38
348 7 0.73
906 0 0.59
151 0 0.36
733 2 0.17
850 9 0.45
952 8 0.04
379 2 0.15
438 5 0.98
739 5 0.56
881 1 0.02
99 8 0.85
661 6 0.87
391 3 0.71
111 9 0.26
543 5 0.31
562 1 0.76
478 9 0.04
950 3 0.23
740 1 0.92
924 2 0.68
379 5 0.62
891 8 0.11
555 0 0.91
132 8 0.65
821 3 0.13
904 3 0.15
397 9 0.99
974 3 0.68
856 0 0.23
702 4 0.16
633 0 0.38
958 1 0.07
370 9 0.3
372 6 0.47
530 1 0.57
343 1 0.08
569 8 0.84
865 9 1.0
645 8 0.39
824 3 0.41
73 0 0.56
279 5 0.6
79 6 0.45
791 3 0.16
348 5 0.84
311 5 0.0
397 1 0.56
285 5 0.42
513 8 0.67
861 3 0.76
310 2 0.62
793 6 0.48
520 4 0.18
890 2 0.79
708 2 0.28
712 1 0.28
353 1 0.0
860 9 0.81
849 7 0.37
464 3 0.81
444 9 0.92
565 5 0.13
234 1 0.49
674 3 0.84
627 7 0.83
506 7 0.41
854 1 0.12
833 7 0.12
