4 8 0.39
10 8 0.87
189 6 0.86
33 3 0.49
245 7 0.43
172 2 0.79
170 8 0.99
122 6 0.11
220 0 0.47
109 4 0.35
18 8 0.95
2 1 0.95
50 8 0.45
67 3 0.51
213 6 0.81
244 8 0.65
198 5 0.1
24 4 0.34
68 3 0.18
216 4 0.78
159 8 0.3
23 8 0.97
224 2 0.51
63 8 0.09
95 3 0.84
72 0 0.82
152 3 0.12
153 7 0.23
85 6 0.91
108 3 0.16
63 2 0.74
147 3 0.19
60 8 0.29
209 1 0.78
214 7 0.84
162 2 0.41
209 0 0.46
228 6 0.86
241 6 0.05
127 4 0.54
149 9 0.79
235 0 0.58
127 9 0.84
85 0 0.34
245 5 0.89
55 6 0.8
174 1 0.84
38 9 0.12
23 6 0.54
181 2 0.03
215 3 0.68
129 4 0.62
98 3 0.23
