844 5 0.63
1477 0 0.77
1003 1 0.72
1397 8 0.65
1405 3 0.58
2483 0 0.05
2444 6 0.39
1834 9 0.86
1066 7 0.34
1898 6 0.07
1528 7 0.93
2046 1 0.04
1605 0 0.26
885 0 0.06
865 6 0.84
778 7 0.54
401 7 0.3
1262 7 0.49
675 3 0.56
292 8 0.28
2171 9 0.98
294 8 0.95
561 3 0.65
1665 7 0.39
1712 1 0.3
1743 7 0.64
1829 1 0.06
93 3 0.7
2026 5 0.58
1543 9 0.98
1560 1 0.58
2023 3 0.2
2468 8 0.48
683 8 0.26
705 8 0.67
804 3 0.46
1192 5 0.77
2073 8 0.13
2221 4 0.26
132 4 0.92
475 0 0.68
246 5 0.18
328 9 0.13
1139 0 0.67
1673 6 0.13
1759 5 0.58
868 1 0.72
420 1 0.13
1914 0 0.48
53 0 0.91
2172 2 0.83
1581 7 0.58
2086 6 0.22
784 9 0.84
2435 7 0.79
684 5 0.32
2010 4 0.63
1157 3 0.7
262 7 0.74
1315 3 0.49
2413 5 0.2
1702 1 0.28
2226 5 0.78
723 2 0.6
2180 4 0.86
2380 3 0.72
2408 8 0.89
993 1 0.63
460 3 0.04
1711 2 0.68
1923 3 0.6
723 5 0.66
876 3 0.38
560 4 0.56
241 8 0.74
995 3 0.28
1798 9 0.85
862 3 0.65
1659 9 0.39
1837 1 0.43
1858 3 0.09
1593 0 0.25
2126 3 0.64
1189 6 0.61
2221 1 0.34
955 5 0.02
2316 1 0.21
1828 1 0.97
948 7 0.41
1952 1 0.85
780 9 0.25
954 3 0.51
1303 7 0.57
1450 2 0.69
489 5 0.5
224 0 0.71
1725 8 0.08
1042 4 0.45
2146 4 0.57
2235 1 0.71
1123 0 0.85
1076 7 0.9
1270 8 0.88
2101 2 0.68
1328 9 0.26
1221 2 0.64
658 2 0.41
2232 0 0.31
655 9 0.68
2324 7 0.52
2091 2 0.52
1457 7 0.47
605 6 0.55
1208 6 0.91
715 1 0.06
1068 9 0.83
1367 3 0.93
2229 5 0.4
879 8 0.75
2150 3 0.49
1496 6 0.29
913 4 0.45
91 2 0.24
1278 1 0.81
1565 5 0.88
2391 7 0.21
2008 9 0.01
594 7 0.54
1295 7 0.48
437 3 0.93
78 9 0.96
466 6 0.35
1869 2 0.49
20 9 0.93
650 2 0.3
1766 4 0.15
2074 6 0.12
1813 0 0.31
1611 1 0.65
1798 8 0.62
644 3 0.56
2337 3 0.88
2187 1 0.88
1723 5 0.5
1128 5 0.36
989 4 0.59
2016 8 0.16
160 0 0.67
1891 8 0.1
468 4 0.62
2431 4 0.9
657 0 0.43
2065 7 0.02
32 0 0.27
2238 2 0.43
1262 4 0.46
2365 7 0.63
260 2 0.03
106 7 0.33
2252 7 0.47
1648 3 0.23
2299 8 0.1
1558 0 0.64
996 0 0.45
898 0 0.07
2060 8 0.71
282 6 0.45
1143 7 0.9
2117 2 0.73
147 8 0.68
1595 5 0.31
1727 5 0.27
1986 7 0.73
380 0 0.25
1785 8 0.57
556 2 0.66
468 6 0.54
1156 7 0.13
2185 1 0.15
1094 3 0.18
2076 5 0.29
351 4 0.39
1561 9 0.89
2472 6 0.64
1501 2 0.33
1269 4 0.51
2264 3 0.46
404 9 0.33
1542 5 0.82
1117 5 0.72
582 8 0.86
473 7 0.64
1817 9 0.4
2313 4 0.01
2202 1 0.3
694 4 0.38
1139 1 0.11
2364 1 0.29
561 5 0.34
318 8 0.79
941 4 0.08
623 0 0.78
1704 5 0.76
1047 9 0.16
1766 7 0.55
961 1 0.87
10 5 0.88
2382 0 0.7
391 7 0.53
2212 1 0.37
846 4 0.95
2225 2 0.4
1389 9 0.91
2009 7 0.23
1885 8 0.03
307 1 0.78
2049 4 0.67
1395 7 0.57
1628 2 0.09
1719 9 0.12
2162 3 0.69
2349 0 0.81
1565 5 0.51
1045 2 0.71
889 1 0.55
2300 0 0.52
1877 3 0.44
2220 3 0.1
1929 1 0.24
1561 9 0.96
1438 0 0.14
1126 2 0.1
76 6 0.72
1339 7 0.67
147 2 0.73
1968 9 0.41
815 5 0.93
588 1 1.0
1800 8 0.68
810 6 0.93
1015 7 0.67
3 6 0.77
175 7 0.46
2184 0 0.9
2067 5 0.82
1124 8 0.93
1502 7 0.56
1544 0 0.62
2406 4 0.77
549 0 0.41
2228 7 0.44
1248 3 0.33
1620 4 0.38
737 8 1.0
436 0 0.45
474 4 0.2
21 8 0.76
134 1 0.09
2298 5 0.41
1727 3 0.18
1032 8 0.0
831 3 0.99
1663 3 0.21
969 3 0.92
2427 0 0.66
1026 7 0.72
1027 9 0.17
248 5 0.21
2099 5 0.79
343 6 0.47
2196 9 0.67
2204 9 0.79
765 2 0.76
254 7 0.36
124 1 0.02
1676 5 0.79
711 1 0.69
115 0 0.36
2366 7 0.41
1628 8 0.93
143 3 0.88
865 7 0.69
1860 3 0.46
280 5 0.87
1894 9 0.56
862 7 0.11
1465 3 0.77
111 3 0.21
172 2 0.66
414 1 0.14
2143 8 0.54
101 5 0.04
1304 6 0.71
1703 5 0.87
2211 6 0.51
1822 4 0.59
2163 2 0.9
1336 3 0.6
2009 1 0.96
57 9 0.47
2059 9 0.48
1190 4 0.23
1234 5 0.98
353 3 0.4
785 4 0.72
898 0 0.53
2333 1 0.24
2351 5 0.51
1861 5 0.67
814 6 0.05
1656 8 0.2
1401 8 0.85
2107 1 0.65
1507 2 0.08
1082 2 0.64
715 0 0.03
672 4 0.95
239 4 0.59
872 7 0.34
995 1 0.04
111 1 0.94
1697 1 0.78
1956 7 0.32
1797 1 0.05
1377 0 0.97
2075 4 0.06
1475 8 0.6
1147 6 0.56
1850 0 0.16
894 7 0.22
809 0 0.75
2458 8 0.28
2482 6 0.43
2183 1 0.86
2015 5 0.75
1060 1 0.29
684 3 0.15
2139 3 0.84
1964 7 0.15
347 3 0.98
937 3 0.69
1249 3 0.22
1355 3 0.1
1588 2 0.63
1975 1 0.03
626 4 0.98
2101 5 0.32
1534 5 0.58
1747 9 0.79
2309 2 0.04
772 0 0.1
1543 1 0.62
717 1 0.99
2085 3 0.07
435 7 0.63
1815 4 0.88
854 0 0.4
355 9 0.82
2361 3 0.37
1150 3 0.69
34 2 0.7
156 0 0.05
454 2 0.61
1043 9 0.17
353 8 0.59
1778 8 0.98
1676 8 0.46
2471 1 0.62
77 6 0.8
722 9 0.53
1957 4 0.13
2185 4 0.09
2275 4 0.27
326 3 0.75
2362 9 0.41
75 7 0.94
2373 2 0.87
1344 7 0.5
965 4 0.11
1557 9 0.42
525 5 0.08
1127 0 0.06
1168 9 0.46
859 3 0.7
1187 7 0.01
100 1 0.88
1661 0 0.19
722 5 0.39
581 9 0.46
913 2 0.09
2125 9 0.46
1177 0 0.62
164 3 0.72
492 2 0.96
694 4 0.89
594 1 0.45
66 6 0.16
205 2 0.21
1446 3 0.95
1268 2 0.5
1081 9 0.19
2387 8 0.9
1545 1 0.82
2088 3 0.56
113 2 0.32
157 7 0.51
1976 0 0.02
2090 7 0.93
1047 9 0.33
695 2 0.16
2344 9 0.85
767 9 0.79
2027 8 0.31
530 1 0.85
366 1 0.46
1615 3 0.05
1614 6 0.08
431 9 0.63
878 0 0.1
747 0 0.71
1409 7 0.08
2421 3 0.11
1075 1 0.72
1142 8 0.77
1458 6 0.96
838 2 0.87
1987 0 0.1
1616 0 0.68
1595 5 0.92
1670 9 0.26
2388 7 0.35
1535 6 0.4
1850 0 0.83
1430 2 0.58
1744 7 0.19
1062 9 0.2
1522 2 0.74
1774 4 0.89
2303 3 0.23
2282 4 0.11
380 8 0.3
2206 1 0.37
1730 9 0.93
216 2 0.14
2172 7 0.49
1905 4 0.99
2213 6 0.26
1914 9 0.53
886 3 0.43
1774 6 0.9
445 8 0.91
567 7 0.12
1479 2 0.73
982 1 0.17
2086 2 0.48
94 7 0.4
2430 2 0.72
1964 5 0.13
797 1 0.15
1255 7 0.22
1471 6 0.98
2256 9 0.28
1636 0 0.55
1109 6 0.65
599 6 0.83
332 9 0.17
276 2 0.69
1069 1 0.89
2344 7 0.18
1700 4 0.83
893 4 0.57
2392 0 0.62
1886 5 0.51
1039 1 0.77
805 8 0.64
2122 3 0.23
858 8 0.96
347 6 0.02
962 2 0.71
1493 8 0.11
2471 1 0.07
1471 0 0.21
78 7 0.36
2285 1 0.31
424 6 0.84
980 7 0.05
283 9 0.24
1110 8 0.09
1891 7 0.57
129 7 0.18
143 2 0.95
661 1 0.88
2044 8 0.05
924 2 0.56
1813 1 0.42
629 5 0.81
2439 4 0.01
2139 2 0.79
51 5 0.62
1813 1 0.6
2068 0 0.15
2149 8 0.95
160 3 0.54
1571 8 0.16
622 4 0.6
2449 3 0.22
2384 4 0.93
55 6 0.13
826 4 0.14
1252 7 0.16
2207 7 0.8
2241 2 0.74
915 2 0.08
1194 9 0.96
400 1 0.83
193 9 0.04
1123 3 0.37
1195 2 0.68
1678 6 0.83
1956 0 0.97
2190 1 0.79
2334 6 1.0
2388 9 0.93
1003 8 0.05
1762 0 0.79
2251 1 0.68
2092 0 0.07
624 8 0.99
1880 5 0.45
139 0 0.08
293 7 0.03
456 9 0.42
2125 7 0.64
728 4 0.46
94 6 0.16
717 3 0.21
463 9 0.73
355 8 0.28
514 8 0.24
1705 0 0.84
2467 9 0.49
1870 1 0.93
1331 0 0.96
81 5 0.44
1435 2 0.34
135 0 0.0
224 3 0.36
915 4 0.29
160 9 0.48
1670 7 0.13
1105 7 0.79
235 9 1.0
2087 3 0.37
1851 6 0.35
2388 4 0.45
1464 0 0.37
783 5 0.66
1272 8 0.47
1961 4 0.47
2441 3 0.59
484 1 1.0
423 3 0.89
638 2 0.66
1244 5 0.04
303 3 0.44
790 4 0.37
2011 3 0.35
627 1 0.8
2369 3 0.03
130 6 0.97
149 3 0.82
1545 6 0.23
194 0 0.92
1287 2 0.57
513 5 0.82
2427 0 0.67
2163 5 0.04
1208 3 0.02
1095 4 0.34
1267 0 0.43
2493 2 0.21
1871 4 0.87
664 7 0.78
2463 9 0.51
476 2 0.97
1781 4 0.32
1816 4 0.46
1652 3 0.22
540 7 0.17
1910 9 0.95
598 8 0.29
1714 8 0.57
993 5 0.86
682 4 0.22
394 3 0.24
440 7 0.66
2015 6 0.59
1013 2 0.95
972 1 0.83
1193 9 0.93
221 9 0.23
1085 1 0.35
1967 8 0.5
1134 6 0.21
2266 6 0.95
1936 6 0.5
2036 3 0.27
2124 4 0.96
871 5 0.97
503 3 0.44
2114 6 0.33
1513 1 0.19
1219 4 0.62
861 0 0.35
2195 2 0.74
2367 7 0.39
652 8 0.1
1661 5 0.67
330 9 0.09
1495 5 0.14
346 0 0.95
1659 7 0.44
285 0 0.29
1494 0 0.43
1747 2 0.35
235 5 0.11
443 8 0.72
1770 7 0.35
2194 8 0.82
1483 8 0.09
1226 8 0.12
737 2 0.1
72 1 0.38
285 2 0.01
834 2 0.83
1654 4 0.13
1808 9 0.65
133 8 0.65
1431 0 0.26
344 7 0.67
75 9 0.25
395 8 0.55
1710 0 0.48
1356 9 0.37
2066 8 0.74
265 3 0.87
