13157 0 0.45
18468 5 0.87
15406 3 0.18
19693 5 0.97
9611 2 0.15
592 0 0.03
12946 3 0.03
8895 6 0.2
19991 8 0.44
11515 5 0.14
16495 2 0.18
3929 6 0.38
2236 6 0.67
19777 1 0.13
21383 6 0.16
2509 0 0.99
3823 1 0.38
10153 3 0.76
19855 6 0.93
21341 5 0.17
12014 8 0.39
10340 6 0.9
16918 3 0.88
34 5 0.65
18827 2 0.24
845 5 0.66
17292 7 0.17
12988 4 0.02
16592 5 0.75
12943 0 0.02
24069 9 0.66
8659 8 0.28
3181 2 0.01
5827 3 0.72
7877 2 0.88
21714 6 0.61
14779 2 0.26
1396 1 0.86
16258 3 0.77
16499 1 0.53
19459 8 0.0
10359 4 0.19
16750 0 0.17
10266 3 0.86
15562 8 0.09
20272 3 0.59
18060 7 0.12
7433 1 0.93
3890 2 0.6
12091 6 0.26
11204 5 0.68
12971 7 0.14
7917 5 0.14
20191 7 0.55
22918 5 0.73
20588 5 0.64
1776 1 0.82
14565 2 0.89
8121 5 0.39
24808 9 0.73
7988 8 0.03
4148 3 0.08
22969 0 0.36
5143 0 0.66
8311 7 0.82
19706 2 0.87
17422 5 0.13
3294 5 0.19
6122 0 0.88
10032 4 0.06
11407 3 0.61
12739 9 0.69
11987 5 0.84
13103 7 0.87
9637 1 0.05
20754 0 0.77
14529 9 0.5
12237 4 0.96
3159 2 0.99
8269 1 0.56
11251 7 0.49
12726 9 0.44
21540 4 0.75
20191 8 0.09
14276 7 0.23
17113 4 0.25
4188 8 0.4
15923 3 0.28
3821 5 0.62
17773 7 0.29
11239 6 0.35
14305 0 0.53
631 8 0.44
24202 2 0.82
3916 8 0.38
17235 1 0.71
5529 8 0.45
19787 4 0.08
2753 9 0.66
10278 0 0.79
21481 5 0.09
4884 3 0.36
22677 7 0.33
2504 7 0.12
4875 7 0.7
4629 3 0.24
12655 9 0.01
23273 4 0.67
12795 4 0.98
21446 1 0.0
22539 4 0.77
12367 4 0.96
19076 7 0.64
736 9 0.89
13267 6 0.67
18247 9 0.41
11835 7 0.56
22658 4 0.79
14527 3 0.03
17663 5 0.68
23391 2 0.28
4971 2 0.63
6760 4 0.01
19392 7 0.97
19091 4 0.93
4299 7 0.6
23704 5 0.71
17502 4 0.26
24843 0 0.02
22143 0 0.07
3099 1 0.21
17595 0 0.67
505 6 0.66
2739 4 0.49
15950 1 0.72
21694 5 0.91
2008 0 0.74
4464 4 0.17
13407 4 0.64
15998 1 0.61
11949 4 0.22
12481 4 0.03
23757 7 0.17
17604 6 0.91
7512 2 0.58
7091 3 0.54
21185 9 0.52
12416 3 0.08
23993 7 0.82
16911 4 0.82
9666 3 0.44
22413 5 0.05
10908 9 0.83
16205 1 0.7
10173 0 0.73
114 4 0.52
7879 5 0.17
19145 9 0.78
18663 2 0.49
7716 0 0.35
16257 7 0.37
11814 6 0.03
14533 7 0.52
19101 6 0.19
15831 6 0.76
12936 3 0.86
7538 2 0.96
12564 8 0.5
12971 3 0.83
12941 2 0.88
10929 0 0.43
13496 7 0.48
14152 0 0.17
9714 8 0.47
11760 3 0.63
18994 8 0.73
18341 7 0.29
17681 4 0.0
16004 1 0.61
17893 8 0.91
17460 3 0.15
10889 3 0.99
2686 6 0.3
12951 6 0.09
18840 8 0.94
17705 3 0.29
4497 9 0.09
14461 1 0.37
19745 6 0.87
18766 6 0.84
357 4 0.5
4397 4 0.82
20263 7 0.44
12971 5 0.56
14404 6 0.88
6373 3 0.54
9911 1 0.84
11384 9 0.3
14838 0 0.67
5625 5 0.83
14963 3 0.43
18471 0 0.14
2088 7 0.3
23323 7 0.35
5042 2 0.01
15310 8 0.73
9998 7 0.36
4107 7 0.51
4516 9 0.76
12451 3 0.95
1578 4 0.29
18573 5 0.23
21720 5 0.3
3686 1 0.5
11169 7 0.59
2329 4 0.52
10578 1 0.26
1381 7 0.12
22132 4 0.1
7854 2 0.06
21706 2 0.05
7830 7 0.32
18175 1 0.87
21290 6 0.84
22955 9 0.12
14481 0 0.1
1625 5 0.72
11054 4 0.08
14651 2 0.19
14903 1 0.56
14805 5 0.06
4804 5 0.62
24507 1 0.67
11598 0 0.83
8628 3 0.39
5074 1 0.2
5239 7 0.27
3169 8 0.56
10347 0 0.29
11607 4 0.62
21619 7 0.59
1357 4 0.4
22618 9 0.05
8525 2 0.08
21938 7 0.02
5367 3 0.65
21761 6 0.47
24511 0 0.87
8930 8 0.03
10598 6 0.76
11089 4 0.02
8198 1 0.45
13128 7 0.21
15945 7 0.85
12593 9 0.7
12573 4 0.01
22957 0 0.87
10953 5 0.74
12811 5 0.46
23948 8 0.45
4136 3 0.2
17813 2 0.59
13002 0 0.23
10971 4 0.53
2220 2 0.1
23757 2 0.92
19769 8 0.13
21326 9 0.47
20779 0 0.05
5287 2 0.92
16914 1 0.51
5221 1 0.49
2258 9 0.03
7520 2 0.83
7423 0 0.78
20602 6 0.45
14007 4 0.31
17726 9 0.8
7531 8 0.48
10628 0 0.55
9330 4 0.59
12548 0 0.57
19299 0 0.28
18340 6 0.27
22208 7 0.48
8206 0 0.33
24294 4 0.13
1992 7 0.65
11729 6 0.56
421 2 0.73
5849 3 0.57
21575 1 0.61
3577 6 0.55
11252 1 0.35
8386 0 0.89
2069 4 0.69
7559 2 0.27
6740 5 0.76
3595 5 0.05
5365 8 0.61
7391 5 0.33
16467 4 0.91
21445 6 0.84
3072 6 0.98
18733 3 0.99
14665 4 0.43
7508 8 0.78
12272 4 0.6
13884 3 0.07
4591 5 0.15
77 5 0.52
9201 0 0.83
16803 9 0.92
1424 4 0.85
23808 8 0.91
7889 6 0.44
11671 7 0.69
22525 9 0.8
7072 2 0.91
13774 6 0.87
12447 5 0.02
22253 9 0.47
1489 1 0.1
20338 8 0.82
4770 0 0.62
7528 2 0.12
4437 9 0.27
11452 8 0.32
5470 8 0.45
4541 5 0.68
13175 4 0.96
22917 7 0.42
1186 8 0.71
17681 1 0.29
127 3 0.61
1212 2 0.72
5077 0 0.63
873 3 0.46
5480 2 0.58
9104 4 0.83
5865 2 0.86
10949 3 0.8
11044 8 0.47
7976 2 0.51
12204 9 0.92
18607 7 0.56
6805 0 0.97
5774 8 0.59
21013 1 0.27
2361 9 0.04
10154 8 0.04
5077 3 0.42
7070 7 0.89
15864 5 0.97
22720 3 0.35
14923 3 0.81
18097 0 0.89
2918 5 0.13
10082 2 0.33
15510 4 0.32
745 9 0.81
13428 1 0.17
8181 9 0.97
13343 5 0.4
22187 4 0.17
19565 6 0.69
23671 4 0.43
24933 2 0.55
20431 4 0.85
2094 9 0.6
11847 8 0.26
17683 0 0.21
20566 4 0.49
5492 4 0.44
6929 6 0.22
11734 7 0.52
2840 9 0.38
3251 3 0.5
8614 7 0.26
15061 5 0.53
885 7 0.79
19338 6 0.44
4198 4 0.13
5610 5 0.77
22029 2 0.11
24064 4 0.97
8201 4 0.38
7298 2 0.68
13163 1 0.17
5415 3 0.77
19747 9 0.49
17631 1 0.1
14029 9 0.04
19099 9 0.39
6440 2 0.99
450 3 0.56
12925 8 0.24
20118 1 0.72
17260 2 0.0
19222 8 0.49
9024 1 0.92
24443 2 0.75
7861 0 0.67
6721 5 0.91
10508 8 0.71
2215 0 0.22
18618 5 0.35
22943 8 0.26
7906 9 0.47
10699 0 0.48
1455 6 0.28
7533 8 0.46
5374 6 0.4
9601 2 0.45
8093 9 0.6
3912 4 0.87
6925 6 0.03
17252 1 0.13
10815 5 0.62
4950 5 0.9
7394 7 0.12
8767 9 0.51
13970 5 0.58
9853 5 0.66
9087 9 0.9
16009 9 0.91
19051 0 0.02
23587 9 0.19
5638 2 0.35
3293 6 0.76
14738 5 0.56
1178 7 0.54
11429 0 0.02
4896 1 0.29
5089 2 0.59
6762 9 0.56
1691 8 0.22
22460 8 0.57
5257 8 0.75
24283 1 0.96
17953 5 0.64
24440 5 0.77
7878 1 0.56
19242 2 0.52
21060 6 0.26
19113 7 0.21
18906 6 0.14
2940 1 0.8
21472 7 0.66
22635 5 0.52
6040 7 0.02
1169 2 0.15
23554 2 0.44
17485 2 0.2
2759 5 0.76
21291 1 0.28
13578 8 0.16
14382 1 0.87
10004 6 0.98
24768 7 0.89
14128 5 0.3
22717 0 0.64
5565 5 0.44
8088 7 0.63
4849 6 0.91
6397 3 0.9
8410 0 0.32
11296 0 0.45
5773 0 0.9
1881 2 0.5
10751 2 0.52
6906 3 0.27
15976 0 0.72
2140 6 0.67
10871 7 0.26
15115 1 0.17
23936 9 0.8
23108 0 0.59
12739 8 0.91
13666 7 0.77
2666 6 0.72
821 3 0.91
1019 9 0.61
5332 7 0.2
16620 4 0.55
573 1 0.25
12113 2 0.85
2126 0 0.42
7691 8 0.14
10302 0 0.57
23585 2 0.71
22628 4 0.49
4193 0 0.66
23966 4 0.26
20140 3 0.05
22330 3 0.49
3603 1 0.86
24289 1 0.5
3185 4 0.49
5582 4 0.02
14397 7 0.6
24203 7 0.48
6139 4 0.85
341 7 0.53
23713 0 0.17
8816 9 0.49
4472 2 0.48
16539 7 0.28
4478 8 0.37
12596 4 0.95
7844 0 0.49
16556 9 0.53
11391 1 0.62
10394 4 0.1
16852 1 0.02
12700 0 0.72
1714 0 0.87
1446 7 0.85
7547 7 0.58
10837 0 0.42
1135 9 0.58
8563 0 0.31
22176 2 0.36
4211 3 0.02
11456 8 0.36
17415 4 0.09
24583 2 0.0
3621 1 0.05
3798 5 0.47
1996 4 0.49
19618 8 0.27
19139 3 0.36
7747 6 0.63
19436 2 0.34
3024 9 0.28
15036 8 0.59
17990 3 0.8
15874 3 0.02
5056 4 0.09
15566 6 0.83
23295 6 0.17
9314 7 0.06
21630 4 0.59
18005 2 0.53
14282 3 0.99
21082 6 0.5
6752 1 0.71
6449 4 0.97
20099 2 0.96
6550 2 0.87
2881 4 0.27
23282 7 0.04
5939 1 0.17
12866 1 0.84
24681 2 0.31
22209 3 0.75
4409 0 0.06
13766 3 0.18
19428 0 0.49
4864 1 0.17
5266 8 0.52
20201 2 0.37
22822 0 0.74
20944 1 0.84
3673 8 0.55
19067 6 0.44
13032 3 0.74
7105 8 0.21
19912 4 0.24
18580 8 0.2
21970 4 0.7
10605 0 0.97
2779 7 0.83
19332 1 0.09
8046 9 0.84
7711 3 0.81
20823 5 0.18
3073 7 0.14
2967 0 0.76
20320 1 0.13
8136 1 0.72
16060 5 0.33
11783 8 0.96
18874 1 0.92
24755 2 0.74
20012 4 0.83
21165 3 0.59
21087 7 0.65
22175 6 0.29
20244 1 0.03
2049 5 0.11
9749 3 0.37
16776 2 0.27
19996 4 0.05
15658 0 0.08
6306 1 0.23
13086 9 0.49
14865 4 0.14
5988 5 0.91
11951 6 0.43
6871 6 0.27
22749 6 0.75
5645 3 0.77
11200 5 0.64
5881 8 0.45
3602 2 0.7
1750 2 0.92
17622 7 0.92
22799 2 0.47
7707 2 0.93
11289 5 0.56
12866 9 0.61
16702 6 0.3
1810 7 0.36
12196 0 0.39
3986 6 0.36
9789 9 0.24
12682 9 0.54
17050 0 0.53
5859 7 0.66
22067 0 0.83
80 6 0.19
15928 5 0.17
1226 9 0.58
21267 4 0.08
18395 5 1.0
6787 6 0.41
4964 8 0.08
17207 9 0.44
8824 9 0.49
18283 1 0.02
11103 9 0.62
21942 0 0.29
2877 2 0.5
2885 5 0.62
21001 6 0.55
4131 9 0.95
19588 0 0.48
17715 1 0.81
2384 3 0.51
20660 3 0.12
23525 5 0.26
20174 0 0.44
8649 1 0.06
1630 1 0.05
835 5 0.09
13258 8 0.88
21439 6 0.52
6487 9 0.62
4841 5 0.8
271 9 0.63
7981 5 0.6
24588 2 0.56
3740 1 0.8
5723 6 0.96
22660 3 0.44
19986 7 0.93
327 2 0.32
5797 4 0.71
17182 8 0.83
8909 6 0.09
20285 9 0.8
19289 1 0.09
5429 1 0.13
20215 1 0.16
7229 8 0.64
6703 4 0.95
3095 7 0.52
14516 3 0.34
21253 9 0.74
6585 6 0.34
2571 9 0.34
16388 9 0.18
15517 5 0.73
8630 5 0.98
22440 9 0.31
19741 5 0.17
24077 1 0.8
17707 7 0.96
11404 6 0.48
13345 5 0.6
9811 9 0.6
599 9 0.32
16143 7 0.47
13263 7 0.81
11055 0 0.53
21690 5 0.27
23023 0 0.33
2610 6 0.72
8723 4 0.65
17832 0 0.45
15851 2 0.56
11432 2 0.58
9007 4 0.39
22593 0 0.95
23670 7 0.65
3155 7 0.02
1645 3 0.66
4145 2 0.15
21003 9 0.67
4558 7 0.09
13922 1 0.36
4435 8 0.74
15484 6 0.39
14685 2 0.03
8372 8 0.02
5780 4 0.99
22261 9 0.65
959 4 0.33
19056 1 0.53
1879 1 0.13
23723 3 0.21
17701 6 0.09
5335 2 0.88
906 5 0.7
20473 5 0.12
21982 1 0.42
500 6 0.5
7068 8 0.76
5998 0 0.08
15103 1 0.49
20492 6 0.46
12110 6 0.72
19071 6 0.59
4274 1 0.42
17856 5 0.44
24690 9 0.37
22101 5 0.96
11187 2 0.65
9460 2 0.71
5147 8 0.19
9625 8 0.38
21904 1 0.76
21514 6 0.55
14704 4 0.83
3389 8 0.84
7602 8 0.63
9455 2 0.56
7968 0 0.19
7283 9 0.16
7847 3 0.16
8121 3 0.45
6334 5 0.95
22953 8 0.93
15341 2 0.17
19502 2 0.31
7360 4 0.74
21901 1 0.09
20642 5 0.34
20243 8 0.34
9704 5 0.12
17975 4 0.96
182 9 0.27
14774 3 0.64
11062 3 0.57
6073 3 0.03
12625 2 0.33
16297 8 0.42
9399 8 0.85
23231 6 0.76
4562 2 0.66
15428 9 0.88
8747 1 0.45
17627 1 0.84
5758 0 0.34
23932 9 0.81
23370 2 0.14
10948 1 0.22
4249 8 0.54
14762 6 0.28
11505 0 0.59
17851 8 0.01
14993 5 0.73
18248 2 0.84
4804 7 0.58
1084 7 1.0
5192 6 0.5
6118 5 0.11
23102 1 0.45
19490 1 0.82
23704 7 0.28
3254 9 0.68
17608 8 0.48
22209 4 0.45
24808 4 0.29
2441 8 0.19
14053 6 0.24
17931 2 0.21
24680 6 0.48
8820 9 0.41
4869 6 0.55
7204 6 0.26
5372 9 0.01
15431 4 0.58
14397 3 0.4
6828 5 0.55
17002 4 0.74
22599 2 0.39
21818 0 0.41
20130 9 0.35
2609 4 0.12
20176 5 0.33
2626 1 0.64
7828 8 0.74
14214 7 0.11
10664 8 0.21
426 3 0.58
15958 2 0.44
3820 8 0.0
5334 6 0.01
5167 1 0.39
9116 2 0.94
4914 6 0.71
22762 1 0.73
23926 5 0.26
8163 3 0.81
3505 9 0.64
15506 3 0.34
19246 0 0.18
24728 0 0.76
24657 8 0.7
8048 3 0.9
23818 1 0.23
10655 4 0.35
11273 6 0.68
9519 8 0.22
9876 4 0.55
11024 9 0.87
22525 2 0.66
8100 4 0.36
12642 4 0.3
20780 2 0.44
24290 8 0.33
12385 2 0.11
6461 0 0.74
16813 4 0.48
16842 8 0.26
20457 7 0.93
19601 7 0.74
7347 6 0.46
3274 0 0.44
4282 6 0.14
7281 3 0.2
19813 1 0.63
3900 3 0.61
12911 6 0.48
4232 9 0.45
1311 1 0.6
5033 9 0.06
15822 7 0.3
13723 2 0.68
9454 1 0.06
5829 2 0.51
10626 8 0.76
11713 4 0.97
6209 6 0.44
23751 1 0.7
20475 2 0.44
12585 2 0.09
15199 1 0.83
518 2 0.56
8436 5 0.35
3759 8 0.78
17416 0 0.68
23078 6 0.35
24168 4 0.83
14291 0 0.0
9541 9 0.68
4819 8 0.96
13160 5 0.83
6303 3 0.17
21432 0 0.81
22009 8 0.72
21925 1 0.73
12665 1 0.31
12801 7 0.98
13578 0 0.65
1605 9 0.93
12323 0 0.69
21739 6 0.41
9361 3 0.12
7970 4 0.49
138 7 0.05
15380 5 0.86
12913 6 0.03
12445 2 0.9
23601 3 0.52
14952 0 0.05
9973 9 0.97
12085 4 0.72
14947 9 0.14
15460 9 0.78
2303 4 0.09
4234 5 0.07
2081 5 1.0
17362 0 0.2
15634 6 0.48
20670 7 0.65
4121 6 0.07
24383 5 0.87
5264 8 0.04
19970 5 0.53
16707 2 0.6
21522 4 0.28
18715 2 0.25
23496 3 0.54
2210 7 0.84
21342 6 0.24
20035 7 0.91
3687 9 0.39
758 9 0.19
20238 8 0.0
15315 3 0.21
4807 0 0.33
18157 8 0.8
19304 2 0.72
24368 5 0.36
7707 9 0.47
3630 0 0.51
6944 5 0.15
16727 7 0.67
2542 2 0.13
17017 2 0.61
15273 8 0.79
10979 3 0.87
4334 9 0.51
7170 6 0.17
1799 6 0.59
9564 8 0.34
11380 4 0.89
19309 8 0.5
24919 9 0.65
8826 7 0.36
939 7 0.5
20168 4 0.07
10908 7 0.56
24497 2 0.09
3054 4 0.22
3979 3 0.27
11614 6 0.82
4652 8 0.17
13635 5 0.77
11184 6 0.74
16273 1 0.97
21863 3 0.13
4579 7 0.73
22945 7 0.69
754 5 0.94
14848 9 0.87
11448 1 0.68
19675 4 0.34
2902 2 0.81
9838 1 0.06
4634 2 0.64
4360 2 0.49
2301 1 0.23
6955 8 0.97
17812 2 0.15
4030 2 0.16
10555 5 0.86
8718 2 0.47
2289 5 0.0
18383 9 0.56
15612 7 0.92
7443 8 0.2
1971 3 0.6
14590 8 0.47
20923 6 0.68
2057 7 0.24
8304 2 0.75
14877 5 0.83
5641 2 0.64
2821 2 0.51
19176 2 0.05
9000 9 0.91
10873 4 0.58
14632 6 0.61
3305 9 0.75
4901 3 0.35
14957 1 0.01
3032 6 0.69
21532 1 0.54
2055 8 0.28
7891 1 0.78
730 2 0.74
9120 7 0.39
16581 2 0.36
23027 0 0.11
3835 3 0.61
1947 2 0.59
18026 7 0.68
11993 6 0.37
12091 3 0.58
16058 8 0.31
17838 0 0.81
16724 3 0.15
21046 4 0.52
18682 1 0.78
2235 5 0.13
14935 8 0.55
19472 0 0.8
24895 8 0.81
9846 1 0.27
10981 7 0.66
22137 2 0.6
7433 6 0.68
9245 6 0.41
13451 3 0.35
22668 4 0.35
20207 5 0.22
6221 3 0.47
19738 3 0.71
13169 4 0.68
801 0 0.83
20642 1 0.65
277 8 0.15
20737 4 0.01
24552 4 0.17
17286 0 0.41
7468 3 0.35
17997 2 0.2
3242 9 0.67
17420 6 0.77
17774 4 0.08
16532 7 0.69
7916 8 0.59
19815 9 0.3
10591 3 0.17
20701 9 0.18
22765 5 0.3
1446 6 0.98
8571 9 0.46
13184 0 0.31
6071 9 0.9
7437 8 0.29
23666 8 0.0
3917 3 0.3
16101 4 0.93
23963 8 0.31
6242 2 0.48
24551 0 0.89
5852 0 0.47
4993 4 0.45
6925 9 0.5
19007 0 0.97
18474 8 0.66
18217 7 0.58
18337 2 0.4
7114 4 0.54
5573 9 0.37
18999 4 0.42
15765 8 0.98
3252 7 0.32
3738 7 0.23
15603 4 0.63
15565 7 0.33
7359 6 0.08
16465 4 0.94
610 9 0.79
23961 4 1.0
23913 0 0.02
1840 3 0.95
20757 2 0.08
17800 4 0.7
23487 4 0.59
16684 2 0.92
20371 2 0.51
1928 4 0.47
2006 6 0.56
22027 7 0.45
13942 7 0.97
15585 0 0.96
12762 4 0.35
20838 5 0.05
5205 0 0.36
18591 2 0.59
12661 5 0.79
20260 9 0.75
1246 7 0.1
13153 5 0.39
15281 5 0.32
19454 0 0.36
10259 8 0.86
9760 3 0.25
1807 5 0.34
21177 9 0.53
19608 6 0.26
9962 6 0.46
16090 6 0.65
16125 7 0.12
11773 6 0.48
11026 8 0.6
3169 3 0.12
8582 3 0.37
668 3 0.64
9386 9 0.82
1866 6 0.58
3554 8 0.91
16999 9 0.09
21566 9 0.79
6081 8 0.13
6688 2 0.39
9357 0 0.36
20348 8 0.83
12146 9 0.17
22968 5 0.32
23384 4 0.81
14658 0 0.13
13850 8 0.47
3584 3 0.54
16837 3 0.79
1738 6 0.77
17068 6 0.7
20181 2 0.3
24832 3 0.55
3046 6 0.84
17851 4 0.53
297 6 0.86
9192 8 0.23
1129 7 0.38
22666 7 0.91
12929 7 0.78
5791 1 0.86
12716 4 0.4
748 1 0.87
23775 7 0.02
23530 7 0.59
7253 2 0.57
14529 2 0.2
13179 3 0.41
894 8 0.32
24705 2 0.32
20301 3 0.51
911 9 0.63
2162 0 0.68
5983 5 0.09
1226 8 0.25
15138 8 0.12
24035 4 0.54
12194 0 0.21
9621 4 0.16
22326 6 0.3
17983 9 0.97
7468 7 0.1
14394 4 0.17
14125 8 0.89
15258 2 0.87
9983 4 0.34
19203 2 0.26
3922 7 0.28
3910 3 0.09
19020 9 0.05
20373 0 0.89
19919 5 0.77
7873 3 0.92
1759 2 0.95
22681 1 0.0
8756 7 0.36
19797 8 0.58
21315 1 0.54
19078 6 0.63
5608 0 0.09
1726 1 0.21
6970 7 0.97
24671 0 0.27
11218 6 0.4
11215 9 0.76
10748 4 0.85
13331 6 0.17
19617 7 0.01
13848 6 0.34
8746 1 0.58
24278 4 0.69
10952 7 0.91
18453 2 0.29
8809 4 0.83
18917 6 0.3
20075 9 0.21
12500 4 0.7
2175 8 0.05
15685 7 0.23
15323 5 0.79
5367 6 0.48
891 9 0.6
21143 5 0.99
15413 3 0.62
5854 8 0.71
4154 5 0.27
18497 3 0.26
24452 7 0.56
9337 9 0.28
5714 8 0.69
12816 1 0.45
12768 3 0.81
19563 4 0.3
16876 8 0.7
23312 8 0.27
13590 1 0.73
20982 8 0.63
20450 6 0.49
10744 2 0.47
23710 2 0.64
9992 2 0.48
7997 9 0.37
23379 3 0.7
20247 8 0.09
17029 1 0.49
7126 5 0.85
10730 6 0.93
20867 0 0.39
9569 4 0.83
23586 7 0.71
15352 3 0.22
24976 7 0.12
16541 5 0.49
18978 8 0.83
18130 6 0.31
5891 8 0.13
24286 1 0.93
723 8 0.82
13718 9 0.74
5293 6 0.99
706 8 0.77
6854 0 0.72
1756 8 0.6
501 1 0.31
4688 1 0.2
14493 3 0.39
197 6 0.0
10831 6 0.54
8249 4 0.39
16124 7 0.56
18262 8 0.52
23937 1 0.56
22224 8 0.21
4854 6 0.06
6954 8 0.16
4351 2 0.91
13916 2 0.88
5430 5 0.27
15297 4 0.36
7194 1 0.35
24396 1 0.27
9563 5 0.29
15946 4 0.06
20377 2 0.87
3735 1 0.1
22689 6 0.7
10396 1 0.19
5881 9 0.38
12086 4 0.95
2420 7 0.61
24813 0 0.74
9405 4 0.24
4537 1 0.45
11337 2 0.48
12145 7 0.11
16362 9 0.94
630 7 0.52
13480 3 0.84
6638 8 0.82
3984 1 0.92
24987 1 0.54
13385 4 0.33
14162 2 0.74
3228 4 0.6
9295 2 0.01
8976 1 0.68
8355 1 0.18
2830 6 0.72
11585 0 0.81
1064 8 0.32
5022 1 0.94
15833 2 0.94
892 7 0.98
17694 1 0.99
13775 7 0.48
2995 4 0.24
396 9 0.72
17831 5 0.34
14813 2 0.61
8209 4 0.5
11938 4 0.71
6752 8 0.23
23064 5 0.18
2877 5 0.78
17185 0 0.39
19473 7 0.47
15494 3 0.19
24662 5 0.51
12954 2 0.36
1367 5 0.71
11125 1 0.09
5143 5 0.09
20770 6 0.06
6691 0 0.1
185 0 0.88
6400 4 0.93
6771 1 0.13
17926 6 0.01
5390 4 0.71
11032 9 0.35
20900 8 0.32
9197 2 0.18
10979 3 0.12
3520 7 0.88
19324 0 0.63
7662 1 0.24
12129 4 0.52
59 3 0.83
3579 9 0.91
2349 3 0.11
15335 6 0.6
10824 8 0.06
14026 3 0.99
22810 4 0.18
11082 3 0.12
6116 4 0.18
23864 5 0.86
2313 3 0.32
4797 8 0.62
10439 3 0.43
9650 1 0.48
11311 6 0.13
23115 7 0.9
8271 8 0.64
5639 1 0.76
11137 1 0.76
4904 5 0.48
23418 4 0.12
2812 1 0.89
24213 1 0.48
5968 2 0.14
20394 6 0.15
1358 2 0.55
12576 8 0.82
11281 4 0.04
20148 6 0.36
9486 6 0.13
11447 6 0.73
10341 4 0.29
7651 0 0.94
14196 6 0.93
8795 8 0.68
22452 7 0.49
8020 1 0.72
12002 3 0.88
4893 5 0.31
5036 5 0.9
3885 1 1.0
14400 1 0.01
9881 1 0.36
837 5 0.53
16163 0 0.37
17300 8 0.87
14995 6 0.06
10333 4 0.72
15275 4 0.88
13563 5 0.74
8540 1 0.74
8241 6 0.8
10358 7 0.93
7239 2 0.38
10499 6 0.92
1420 0 0.4
10416 6 0.43
20910 8 0.46
5968 4 0.14
23199 4 0.65
11936 0 0.97
4725 8 0.16
4407 8 0.88
18919 4 0.8
8189 1 0.1
6377 8 0.96
6373 6 0.63
24943 8 0.32
11118 9 0.5
2342 7 0.6
472 2 0.05
4485 9 0.1
24547 3 0.61
14989 2 0.48
5462 4 0.3
8736 3 0.57
14635 2 0.29
16547 3 0.28
5180 1 0.82
4847 6 0.12
7769 5 0.11
18644 1 0.33
14044 8 0.65
14205 4 0.51
13780 9 0.82
6408 0 0.67
24046 3 0.85
23109 1 0.7
24573 8 0.17
21854 1 0.1
18748 3 0.7
5672 2 0.1
15735 0 0.39
19400 0 0.3
21183 6 0.67
3330 3 0.94
9225 4 0.23
15544 8 0.31
8473 4 0.24
11054 6 0.07
24110 6 0.0
10909 9 0.63
8276 7 0.15
11926 5 0.44
2624 2 0.76
9960 0 0.63
4244 1 0.66
13706 8 0.75
4871 7 0.47
20107 1 0.83
20434 7 0.07
12184 0 0.92
447 2 0.81
7115 3 0.47
23475 0 0.79
12599 4 0.21
1273 2 0.47
16376 8 0.17
1475 0 0.09
23105 9 0.52
7793 1 0.14
20340 8 0.44
2189 4 0.2
16402 3 0.08
447 9 0.25
4374 8 0.97
17003 3 0.78
10811 5 0.07
7200 2 0.8
12756 5 0.23
2669 2 0.45
16163 4 0.67
6568 2 0.9
3632 5 0.16
17908 6 0.43
10669 3 0.13
6099 0 0.55
12433 4 0.92
8022 9 0.65
11360 3 0.96
24259 3 0.95
4287 0 0.78
17570 2 0.38
18836 9 0.83
14261 4 0.35
18189 2 0.25
18382 9 0.99
22737 9 0.55
10974 6 0.18
23664 3 0.86
6423 6 0.07
14104 9 0.06
20438 0 0.07
11111 8 0.62
12172 6 0.72
14536 1 0.61
3699 2 0.69
2407 9 0.1
8000 3 0.05
1982 2 0.61
8996 7 0.14
23527 2 0.83
14031 6 0.14
2727 4 0.56
8954 5 0.7
18736 5 0.89
21191 4 0.87
13506 8 0.88
16365 2 0.95
20189 7 0.77
16949 5 0.3
18049 2 0.39
9616 2 0.32
13328 8 0.98
14599 8 0.26
10792 6 0.32
20581 4 0.31
24918 3 0.67
24689 3 0.53
12871 7 0.47
5439 5 0.95
23788 4 0.37
21610 7 0.48
2211 3 0.02
6252 9 0.99
7573 0 0.6
20347 5 0.19
17261 6 0.75
16137 0 0.67
19243 1 0.86
2089 2 0.95
2302 6 0.27
22168 5 0.9
19319 6 0.38
8328 0 0.24
22618 1 0.86
2846 6 0.62
1038 2 0.98
22495 6 0.05
1319 2 0.68
9488 9 0.01
22915 4 0.81
5203 1 0.72
759 7 0.99
23501 2 0.47
15850 3 0.1
7537 1 0.86
16577 4 0.31
2027 3 0.1
10638 8 0.24
2516 7 0.1
21693 6 0.48
19148 8 0.77
13374 4 0.15
5915 7 0.17
20544 5 0.17
9731 1 0.95
11212 3 0.31
12828 9 0.58
14657 3 0.75
17525 0 0.59
2152 3 0.19
6518 0 0.95
15014 4 0.41
1125 5 0.41
6376 2 0.82
22851 2 0.85
20156 7 0.7
5907 0 0.26
10451 7 0.91
13638 0 0.58
10926 9 0.62
20623 6 0.66
17270 8 0.95
17108 8 0.41
22795 2 0.45
7064 8 0.42
18357 3 0.68
1545 9 1.0
3800 5 0.07
17977 9 0.75
1278 1 0.4
4971 4 0.19
11382 5 0.19
484 5 0.02
17360 7 0.08
23822 6 0.16
22850 6 0.65
16914 4 0.86
19343 8 0.09
6185 5 0.75
24884 8 0.18
22788 1 0.78
5878 8 0.24
13264 0 0.39
5650 7 0.35
8012 1 0.16
24151 8 0.36
2196 0 0.94
22824 3 0.18
6942 9 0.7
7095 4 0.03
14583 1 0.31
19575 7 0.6
15386 5 0.8
2713 5 0.73
5620 8 0.14
13244 9 0.86
4663 1 0.16
18807 8 0.6
19919 3 0.69
10359 7 0.78
15294 5 0.56
907 0 0.5
16676 5 0.52
6160 4 0.76
1589 0 0.8
19827 3 0.45
8547 4 0.12
11999 3 0.15
23997 8 0.12
10581 8 0.66
13331 2 0.14
18190 4 0.16
9289 2 0.98
8305 5 0.56
6915 6 0.41
3726 1 0.86
6249 3 0.57
674 7 0.4
20483 2 0.82
22976 3 0.15
21384 4 0.73
11300 5 0.99
21836 2 0.6
24752 8 0.72
4730 9 0.5
6226 8 0.14
9572 1 0.25
3060 5 0.6
16908 0 0.85
2523 7 0.1
827 2 0.1
20278 4 0.8
12858 6 0.02
16096 3 0.86
2281 1 0.75
22206 4 0.89
10106 5 0.25
7305 8 0.02
18460 5 0.49
5580 7 0.75
8282 8 0.19
24886 8 0.74
3623 5 0.32
18185 6 0.45
23923 7 0.84
13360 8 0.16
24293 8 0.2
14336 3 0.01
2166 6 0.17
1328 3 0.66
4160 3 0.85
393 6 0.23
21416 0 0.11
7781 9 0.19
7817 9 0.89
20012 1 0.63
4264 5 0.1
8951 3 0.29
20938 3 0.98
19589 1 0.06
19630 2 0.47
16648 1 0.04
19659 4 0.28
2504 9 0.45
3918 0 0.54
15771 0 0.19
16593 7 0.95
20420 7 0.83
19558 8 0.73
3963 8 0.35
22541 8 0.8
11461 5 0.24
4581 9 0.3
6603 4 0.52
9617 8 0.57
8931 6 0.66
744 3 0.57
21015 1 0.88
9911 3 0.68
6289 0 0.14
23909 7 0.24
11041 3 0.97
14966 5 0.84
7503 5 0.13
17456 8 0.53
21354 2 0.79
11326 5 0.2
24891 6 0.46
12807 7 0.29
16529 9 0.72
22339 3 0.56
17770 3 0.34
4082 5 0.79
5353 3 0.82
18970 0 0.88
11489 6 0.54
3685 9 0.78
15367 9 0.41
17065 0 0.56
6827 0 0.13
5918 8 0.14
17226 7 0.3
1861 9 0.19
10576 6 0.5
1462 1 0.66
11456 7 0.07
15674 7 0.08
1207 2 0.82
209 9 0.33
24436 5 0.36
13082 0 0.25
5029 2 0.36
1969 5 0.96
10465 1 0.45
15716 4 0.46
15219 0 0.62
22819 9 0.31
8479 5 0.65
14719 1 0.24
8873 9 0.27
14536 9 0.9
18086 0 0.06
7762 4 0.14
16354 5 0.83
8579 2 0.31
19828 7 0.17
5721 9 0.85
12821 2 0.83
3948 0 0.88
9581 2 0.4
17429 3 0.19
9942 6 0.79
7557 9 0.53
4727 4 0.32
18515 6 0.9
18257 0 0.21
23253 9 0.22
5193 7 0.17
23180 5 0.48
13524 9 0.94
6669 0 0.11
7317 5 0.75
9709 4 0.59
3610 2 0.1
7973 2 0.47
11508 4 0.49
2043 3 0.62
20788 5 0.66
12083 6 0.97
16722 3 0.92
15020 2 0.7
19035 0 0.53
6088 7 0.53
4227 6 0.51
11368 2 0.75
2153 2 0.64
20730 0 0.29
22225 9 0.82
7632 5 0.15
22690 5 0.89
2906 0 0.01
4139 5 0.87
3642 3 0.46
10304 6 0.36
532 6 0.24
21323 7 0.56
21229 9 0.89
20556 5 0.54
17257 6 0.74
15430 0 0.39
3704 9 0.67
17792 7 0.59
13645 5 0.0
10800 6 0.78
13251 9 0.01
171 9 0.36
13285 7 0.22
15561 5 0.47
23449 4 0.7
13629 9 0.2
3765 1 0.72
2312 9 0.82
2330 4 0.88
9729 2 0.21
24176 5 0.17
1343 6 0.86
5015 8 0.14
23333 0 0.39
17925 4 0.27
19546 5 0.1
18605 2 0.73
20833 8 0.7
3017 5 0.14
18392 3 0.86
13575 4 0.42
8107 0 0.28
10928 2 0.48
21829 3 0.47
7148 5 0.94
10292 0 0.19
13755 9 0.17
16442 4 0.04
6813 0 0.93
3115 8 0.45
12142 3 0.19
9485 0 0.51
15572 3 0.74
1061 2 0.02
3671 3 0.4
9542 6 0.34
11528 1 0.11
23305 8 0.25
7151 8 0.27
15407 9 0.4
3217 6 0.16
22149 7 0.81
5158 8 0.61
24339 0 0.61
17958 2 0.15
21222 2 0.95
11582 0 0.92
24041 9 0.21
22790 6 0.28
5822 1 0.39
20705 2 0.34
19623 0 0.58
3955 7 0.01
15359 5 0.93
299 4 0.15
20095 7 0.46
18031 6 0.9
6985 8 0.34
22398 5 0.76
10866 2 0.43
6150 7 0.16
123 2 0.95
2495 3 0.04
16983 3 0.47
24977 2 0.04
10909 8 0.59
5367 7 0.28
4399 9 0.33
14373 4 0.06
22315 8 0.26
15565 7 0.21
12903 7 0.95
14815 8 0.16
7041 3 0.18
12213 6 0.8
5223 0 0.24
438 6 0.68
11102 1 0.32
21649 9 0.76
1946 0 0.73
145 5 0.53
20993 6 0.96
19532 6 0.9
5064 9 0.09
7949 7 0.7
11493 7 0.08
17088 4 0.75
3649 8 0.93
6996 5 0.96
13783 5 0.74
9011 1 0.3
15766 1 0.03
24389 1 0.73
13486 5 0.13
4450 1 0.22
15673 4 0.72
18806 8 0.46
15965 9 0.99
16001 3 0.51
16775 3 0.66
22170 8 0.22
22470 8 0.87
18217 7 0.96
23460 1 0.95
8473 1 0.59
9877 6 0.68
5865 0 0.55
6581 3 0.93
21879 0 0.98
5652 4 0.6
13704 8 0.37
15186 0 0.2
382 5 0.35
17986 4 0.65
23334 8 0.27
13699 3 0.44
9289 6 0.08
16647 8 0.26
1618 9 0.07
15756 8 0.21
16017 9 0.85
13221 4 0.89
8778 1 0.2
22654 6 0.26
24577 0 0.41
20271 6 0.88
18765 2 0.46
18017 2 0.08
1595 6 0.85
12752 6 0.3
10750 1 0.08
2957 0 0.62
24101 2 0.61
10362 6 1.0
1873 4 0.33
18416 4 0.45
3373 0 0.25
14225 8 0.94
6777 5 0.5
13374 8 0.71
8510 5 0.58
18994 1 0.84
8805 5 0.71
18453 8 0.09
23219 6 0.79
18057 1 0.99
24350 9 0.34
1427 6 0.27
2910 1 0.49
22071 2 0.03
10129 4 0.49
15722 1 0.3
7358 2 0.76
20893 6 0.37
19289 7 0.51
14460 5 0.66
7902 8 0.81
2213 4 0.51
13456 8 0.16
24980 8 0.28
12571 4 0.36
20040 0 0.88
11180 2 0.9
8443 6 0.9
3969 3 0.69
22134 6 0.92
12898 6 0.44
545 5 0.92
2702 4 0.23
5859 8 0.32
5836 3 0.87
7638 2 0.65
9951 0 0.03
21827 8 0.4
24490 1 0.42
10547 1 0.29
20202 8 0.17
12086 2 0.99
17293 1 0.56
10187 4 0.89
3345 4 0.89
4838 4 0.84
21995 3 0.83
12123 4 0.11
6316 3 0.32
13166 4 0.66
17494 1 0.75
15213 9 0.53
19108 0 0.58
18886 3 0.91
1252 0 0.89
2666 8 0.32
21789 5 0.94
19832 7 0.57
470 5 0.26
8835 7 0.53
21272 3 0.02
13811 3 0.74
3893 9 0.27
18480 1 0.51
22434 2 0.84
7440 2 0.46
7146 9 0.1
12567 8 0.99
24345 5 0.09
20004 4 0.28
18759 1 0.48
12916 1 0.38
10527 9 0.66
6388 8 0.35
5764 7 0.91
1595 5 0.75
13089 0 0.21
6103 9 0.76
17267 1 0.49
2679 9 0.96
400 4 0.47
14205 3 0.2
7122 9 0.93
11709 4 0.71
4025 3 0.32
178 4 0.83
5825 6 0.38
3820 5 0.69
13279 9 0.52
15984 9 0.27
5862 6 0.28
5294 8 0.75
5222 4 0.88
22703 5 0.02
1580 4 0.07
21208 9 0.27
5141 8 0.45
19340 0 0.08
21609 7 0.04
670 9 0.47
1805 4 0.87
16666 9 0.87
14979 3 0.46
12647 6 0.53
7831 6 0.33
16970 5 0.29
10722 1 1.0
22566 1 0.03
1270 2 0.9
1432 8 0.66
10745 2 0.32
24560 6 0.78
9922 4 0.74
4733 2 0.1
13979 4 0.92
4223 3 0.38
1922 4 0.48
15513 2 0.41
10104 8 0.9
2002 8 0.84
21510 4 0.32
24125 5 0.71
5863 8 0.16
13985 8 0.92
4123 8 0.45
15527 8 0.73
13252 9 0.23
11189 1 0.14
3080 0 0.98
24239 0 0.79
4683 4 0.71
15052 0 0.57
19328 5 0.35
16960 8 0.43
24429 2 0.68
22785 9 0.35
893 8 0.48
15386 7 0.6
5636 8 0.71
14396 2 0.27
10121 8 0.13
14264 8 0.19
8319 2 0.06
12734 8 0.77
9722 9 0.89
21557 5 0.63
10082 6 0.96
19784 0 0.12
9209 8 0.81
14179 9 0.14
12604 7 0.09
17903 5 0.11
6582 4 0.13
20807 3 0.17
23422 6 0.64
16392 9 0.47
7195 2 0.33
6464 3 0.09
3443 8 0.27
8912 1 0.43
13217 3 0.27
14617 8 0.98
457 2 0.01
12441 9 0.03
588 7 0.09
22163 6 0.58
24498 2 0.38
18783 8 0.27
186 9 0.89
19065 1 0.45
16751 0 0.81
23222 4 0.1
6622 4 0.36
11459 8 0.85
9355 0 0.41
7637 0 0.18
4358 6 0.25
17596 0 0.71
11515 4 0.78
3649 5 0.68
7268 1 0.92
11208 6 0.62
12150 7 0.12
1997 1 0.05
5861 2 0.89
16329 6 0.48
22005 2 0.41
18054 8 0.38
9753 1 0.34
624 0 0.03
24513 6 0.37
5743 2 0.56
14150 4 0.1
20055 4 0.83
10433 3 0.62
13385 2 0.82
18240 3 0.97
7020 8 0.59
9361 1 0.53
24095 5 0.87
12680 2 0.65
24609 4 0.58
6887 2 0.18
18912 9 0.65
11332 6 0.02
10605 0 0.33
21425 3 0.35
15272 6 0.68
18121 0 0.56
15672 6 0.91
6624 6 0.72
20476 1 0.1
9965 7 0.35
18227 4 0.7
10865 7 0.03
16590 9 0.95
14608 0 0.46
2046 4 0.59
8473 2 0.51
15188 7 0.27
23315 6 0.81
7032 6 0.83
10774 8 0.32
11746 4 0.89
19798 2 0.53
5501 7 0.27
18990 9 0.14
3585 9 0.29
18480 5 0.92
2530 5 0.47
18139 7 0.59
657 0 0.49
19640 8 0.7
19897 7 0.47
24832 1 0.22
24249 4 0.27
10571 1 0.62
7040 8 0.43
13190 7 0.14
13890 4 0.32
9600 8 0.26
15199 8 0.98
8743 1 0.37
19787 9 0.75
23321 0 0.55
41 6 0.97
12276 3 0.07
21139 1 0.95
15079 9 0.99
20269 5 0.89
8848 9 0.71
22132 7 0.39
24109 4 0.6
18944 8 0.07
21779 0 0.45
2128 5 0.83
10593 7 0.12
15584 0 0.67
24427 0 0.13
5998 3 0.69
12496 5 0.79
21942 5 0.04
4602 5 0.6
7372 7 0.31
386 1 0.07
14377 8 0.97
24845 1 0.68
10823 7 0.41
21089 4 0.41
15460 8 0.86
2215 9 0.84
16552 7 0.85
4313 6 0.1
16946 4 0.05
12729 2 0.42
13740 0 0.58
9973 4 0.89
5178 0 0.32
24533 1 0.16
18842 1 0.47
21860 4 0.1
17223 5 0.07
5213 4 0.94
1020 5 0.88
20111 6 0.56
7512 6 0.93
20111 1 0.62
15092 4 0.14
24122 8 0.3
22831 4 0.08
19676 2 0.68
17164 1 0.65
2960 3 0.42
8960 4 0.73
6212 4 0.04
21466 6 0.95
22670 7 0.11
4176 4 0.21
8202 8 0.36
9105 6 0.33
978 9 0.23
11224 9 0.66
10327 5 0.47
11421 5 0.1
11120 3 0.1
16293 5 0.78
18339 7 0.93
15843 4 0.09
4858 8 0.36
13357 3 0.75
18859 8 0.62
11802 3 0.91
22998 2 0.47
8248 4 0.38
16772 2 0.8
2692 5 0.98
24079 8 0.59
21225 1 0.21
18464 6 0.11
8708 4 0.81
469 2 0.6
2258 4 0.74
23968 9 0.24
2054 3 0.07
5632 8 0.77
3973 3 0.8
20411 4 0.34
18491 4 0.5
5630 5 0.43
17067 6 0.83
3340 1 0.8
23317 7 0.27
1926 3 0.35
19565 6 0.61
11105 1 0.68
19106 3 0.97
15855 3 0.87
6195 4 0.49
3886 6 0.2
5849 0 0.02
9432 8 0.92
24867 0 0.27
19420 7 0.54
20834 2 0.26
15937 4 0.79
13558 9 0.45
3338 5 0.24
14166 2 0.13
4057 6 0.51
870 3 0.24
10115 3 0.18
22376 6 0.13
24249 7 0.24
13549 4 0.87
21630 9 0.88
8875 1 0.37
22405 9 0.69
5486 8 0.12
6863 0 0.7
22303 4 0.21
10856 3 0.19
1331 9 0.31
20753 8 0.53
9866 8 0.37
15105 0 0.64
13251 8 0.67
13430 6 0.27
21527 8 0.23
15196 7 0.45
8419 5 0.42
9667 0 0.47
17258 1 0.3
4456 7 0.26
12408 6 0.35
8021 9 0.24
13288 7 0.89
16591 8 0.42
8299 8 0.1
17549 6 0.8
1084 6 0.67
24304 3 0.1
13553 1 0.38
14753 8 0.28
12168 3 0.69
522 2 0.02
8000 0 0.01
12185 9 0.42
17479 9 0.09
24882 2 0.06
18220 8 0.95
3283 3 0.43
4147 5 0.89
2279 4 0.84
19425 9 0.44
5129 9 0.14
19969 6 0.77
18874 3 0.82
13464 3 0.06
16093 6 0.52
5497 3 0.87
23093 1 0.76
2472 4 0.12
24982 0 0.31
3461 3 0.12
13778 6 0.93
4858 8 0.7
11898 2 0.97
7883 5 0.2
20765 9 0.06
10818 3 0.73
8045 9 0.26
8356 5 0.59
14157 4 0.25
7596 6 0.17
16432 3 0.6
5636 5 0.5
1122 0 0.74
7493 4 0.04
17283 3 0.49
22393 8 0.18
6534 1 0.95
4950 4 0.63
21295 4 0.74
19164 2 0.45
6053 7 0.91
4385 7 0.14
14188 7 0.6
4464 4 0.61
24203 5 0.35
22106 6 0.73
23969 6 0.24
21182 0 0.73
5657 8 0.53
18136 1 0.02
17996 8 0.69
23499 8 0.27
6354 5 0.1
2095 5 0.65
8704 3 0.22
3146 7 0.71
24837 6 0.06
20229 5 0.64
24621 1 0.48
18041 3 0.78
12219 7 0.79
16836 3 0.26
1562 1 0.53
21164 0 0.86
3180 3 0.68
18574 6 0.79
1037 4 0.62
12977 3 0.66
23165 5 0.69
22687 3 0.25
21314 4 0.47
3034 0 0.85
15414 7 0.72
9230 9 0.17
13316 8 0.59
796 4 0.31
5003 0 0.04
5992 8 0.81
21839 2 0.47
4234 8 0.24
19610 0 0.01
8238 6 0.13
6821 5 0.91
17156 9 0.22
20148 5 0.72
1434 5 0.12
20280 4 0.52
11180 9 0.83
24255 8 0.5
24143 0 0.48
979 5 0.4
14211 2 0.71
1301 5 0.58
4812 0 0.48
17194 7 0.42
19628 4 0.85
3269 2 0.44
7759 8 0.87
18383 0 0.6
17733 4 0.17
6289 2 0.66
7013 7 0.8
3103 4 0.84
13615 0 0.62
4644 2 0.21
18604 7 0.65
7908 8 0.56
24430 2 0.9
11719 7 0.26
11072 2 0.05
7856 2 0.64
12212 7 0.54
11955 6 0.15
23638 8 0.13
9486 4 0.66
23275 0 0.38
17140 3 0.61
20565 9 0.89
12474 5 0.06
20522 5 0.82
10347 0 0.78
1010 1 0.22
13047 0 0.43
6103 7 0.31
16467 7 0.79
24556 5 0.66
16162 0 0.32
11141 0 0.62
6140 4 0.93
4835 1 0.02
2364 7 0.29
17445 0 0.99
9380 5 0.21
16307 7 0.83
22476 3 0.05
9778 2 0.19
1212 8 0.78
17876 3 0.83
12828 3 0.33
22531 3 0.83
13802 2 0.86
22826 9 0.26
22643 4 0.45
13114 8 0.73
23368 4 0.63
9947 2 0.27
14495 3 0.9
6647 7 0.4
20283 7 0.41
23911 0 0.69
15554 6 0.19
12161 0 0.72
15568 0 0.24
17581 6 0.96
14971 8 0.1
11705 0 0.34
23552 8 0.98
9877 3 0.44
23441 3 0.44
16092 2 0.9
34 1 0.88
17584 9 0.24
8314 1 0.07
14005 9 0.88
14227 7 0.12
23591 4 0.21
12785 8 0.3
10310 4 0.95
750 0 0.58
7397 6 0.5
5286 0 0.59
5994 6 0.33
10650 5 0.98
8196 7 0.33
18533 5 0.04
19042 0 0.9
4327 4 0.29
24216 4 0.27
10110 0 0.95
15093 2 0.26
5165 4 0.53
6429 6 0.74
21761 7 0.95
11676 0 0.76
14153 6 0.46
2122 9 0.95
261 5 0.65
7288 0 0.9
18159 6 0.87
24457 1 0.62
3992 1 0.02
2557 9 0.69
13470 1 0.38
22856 7 0.96
8461 7 0.81
15850 2 0.98
17662 6 0.12
1244 8 0.31
17419 0 0.85
13185 3 0.32
4855 1 0.47
17258 3 0.39
19482 2 0.11
3569 1 0.13
19975 7 0.6
1501 7 0.44
20807 5 0.65
14774 1 0.28
12844 9 0.53
2404 9 0.21
5048 8 0.44
903 9 0.99
23408 2 0.83
13849 5 0.01
19602 1 0.59
6979 3 0.03
17869 0 0.64
16639 4 0.93
4176 4 0.97
6753 3 0.56
22631 1 0.31
9506 5 0.18
20745 9 0.2
8701 1 0.13
5971 1 0.86
22483 1 0.64
21270 2 0.75
5454 5 0.13
16097 9 0.52
6893 6 0.88
20280 8 0.22
19459 9 0.59
10130 6 0.61
21266 7 0.26
21735 4 0.5
21009 2 0.81
4940 2 0.32
9029 5 0.31
21449 8 0.59
10869 1 0.75
18019 4 0.48
2378 7 0.13
14707 9 0.55
1651 7 0.63
384 6 0.58
12365 1 0.61
6792 5 0.47
20009 6 0.15
24842 1 0.94
12224 1 0.24
5690 1 0.73
2351 7 0.96
18121 4 0.26
5874 2 0.97
21041 6 0.3
11442 3 0.63
3654 0 0.97
3167 5 0.8
8405 2 0.98
15671 6 0.36
357 2 0.59
8474 5 0.82
14994 4 0.5
3153 4 0.85
6995 4 0.64
11588 7 0.19
9927 3 0.87
5528 4 0.6
18113 8 0.24
22045 5 0.66
5341 0 0.1
19392 2 0.57
2230 6 0.9
22759 6 0.78
15849 4 0.1
9266 6 0.55
5718 1 0.19
19270 3 0.57
21131 7 0.15
18261 5 0.18
3543 1 0.38
18138 9 0.17
13 5 0.07
1135 5 0.48
20075 7 0.89
4818 0 0.81
4556 9 0.84
5849 9 0.09
17745 2 0.52
5698 2 0.58
22322 3 0.07
24431 4 0.91
14272 4 0.84
12054 4 0.75
10961 4 0.62
9088 9 0.21
6546 3 0.85
10 7 0.63
24748 9 0.64
14593 6 0.55
17760 6 0.86
12349 5 0.27
21530 1 0.47
1470 1 0.27
21118 8 0.95
20913 8 0.08
20261 8 0.36
9250 9 0.81
22900 1 0.33
20463 1 0.92
19323 3 0.25
10260 9 0.05
2898 5 0.78
6002 8 0.24
14819 3 0.85
13833 7 0.13
17547 5 0.12
11268 1 0.45
6866 2 0.38
4385 3 0.89
20613 8 0.67
17127 5 0.22
13021 4 0.17
23266 6 0.9
17624 0 0.89
3898 0 0.67
14985 5 0.13
1171 3 0.16
11367 9 0.51
24141 7 0.43
5946 7 0.89
7067 9 0.36
792 8 0.19
4595 8 0.31
8253 6 0.52
13018 9 0.99
23771 7 0.67
1114 1 0.68
21556 1 1.0
23297 3 0.06
21052 9 0.47
22278 3 0.17
22780 6 0.67
7738 6 0.58
7244 0 0.65
21945 3 0.88
11054 4 0.22
850 2 0.14
18192 3 0.33
17960 4 0.08
1543 4 0.3
20961 1 0.59
23316 9 0.86
17464 4 0.74
23747 2 0.09
5619 9 0.47
4014 7 0.23
12274 0 0.22
16910 1 0.36
24835 2 0.95
3345 2 0.77
5007 7 0.41
5284 5 0.93
343 6 0.2
3382 8 0.52
1637 6 0.38
15080 1 0.68
14307 3 0.51
24603 2 0.82
2935 7 0.56
8891 2 0.16
19338 9 0.18
19807 4 0.92
7229 5 0.53
12062 7 0.23
8972 3 0.49
8994 8 0.79
3923 7 0.21
7733 1 0.39
19931 3 0.06
17357 9 0.48
17185 2 0.48
16035 4 0.57
1364 1 0.72
20693 8 0.73
24936 6 0.06
20185 7 0.11
3873 5 0.99
14445 9 0.29
5088 2 0.79
23727 3 0.15
13756 6 0.63
6916 3 0.63
8808 4 0.65
14692 1 0.26
5207 8 0.92
17880 9 0.21
11741 6 0.09
24748 8 0.6
21824 9 0.41
3585 9 0.91
1116 3 0.25
16988 5 0.3
22602 5 0.17
13188 3 0.97
4813 3 0.16
1072 9 0.37
1746 0 0.14
12887 0 0.31
16501 7 0.26
21250 8 0.34
18562 4 0.29
18436 4 0.63
21179 3 0.81
12059 3 0.41
12416 6 0.82
19184 1 0.27
3702 8 0.37
24667 1 0.03
9563 9 0.56
15059 2 0.63
7131 3 0.42
2089 5 0.98
7660 0 0.99
18573 3 0.97
17927 4 0.53
9748 3 0.75
16794 3 0.48
12622 0 0.85
7623 4 0.06
2985 4 0.19
16863 4 0.7
19822 3 0.52
12949 8 0.2
2439 4 0.54
17921 2 0.13
10911 8 0.48
8595 2 0.44
3152 0 0.33
23764 4 0.97
18971 7 0.04
22164 3 0.24
7724 5 0.12
5246 6 0.52
6508 8 0.59
10223 1 0.7
7977 5 0.74
16209 3 0.89
2444 2 0.9
5377 8 0.5
17758 8 0.9
9394 3 0.42
11491 7 0.33
12791 9 0.46
669 9 0.25
260 3 0.4
9118 1 0.62
20287 3 0.29
6291 3 0.81
12999 3 0.59
19192 6 0.47
14323 3 0.74
17985 1 0.57
22192 0 0.43
10134 7 0.24
7439 7 0.88
21612 6 0.24
5908 7 0.78
10127 7 0.11
19419 6 0.52
3762 2 0.68
7091 7 0.88
13813 3 0.43
17827 0 0.2
11568 0 0.36
13333 7 1.0
16635 6 0.49
1765 4 0.15
15495 1 0.62
2961 5 0.71
17650 5 0.37
16843 2 0.41
13742 4 0.2
19867 8 0.57
11068 4 0.26
12093 2 0.66
759 3 0.2
23259 8 0.7
20330 1 0.99
3812 2 0.41
15281 5 0.14
10056 0 0.73
1681 5 0.9
5058 7 0.93
21277 4 0.04
10948 6 0.59
16388 9 0.93
22747 2 0.6
12375 6 0.49
15657 7 0.01
18114 2 0.56
20589 0 0.37
7763 2 0.6
3275 6 0.37
2794 0 0.04
19054 1 0.85
15071 2 0.46
18479 4 0.55
7652 1 0.38
14972 1 0.67
600 4 0.82
4795 8 0.07
4828 0 0.08
20660 6 0.96
1977 9 0.24
13691 8 0.02
3037 9 0.55
12919 0 0.19
5804 1 0.93
19690 2 0.41
19691 3 0.9
5054 2 0.58
17757 9 0.64
14553 0 0.28
328 6 0.29
10474 9 0.39
11701 4 0.07
7788 9 0.71
15859 3 0.95
12207 4 0.3
11796 4 0.72
24663 1 0.55
3096 6 0.8
19483 2 0.77
19268 8 0.91
16258 9 0.06
17722 3 0.01
15645 0 0.52
14480 1 0.8
1245 2 0.86
15789 1 0.87
9083 4 0.74
15714 6 0.18
23454 5 0.44
21388 5 0.43
11102 8 0.17
19158 3 0.54
3033 9 0.84
19863 9 0.45
5390 7 0.15
8614 7 0.6
2257 2 0.19
10004 2 0.73
3522 7 0.48
5573 9 0.07
16628 0 0.71
8222 8 0.54
11339 0 0.28
2930 9 0.51
10107 5 0.23
10071 0 0.52
7268 3 0.11
17697 2 0.27
8970 2 0.04
377 9 0.94
5548 8 0.59
1272 3 0.54
1527 7 0.01
406 6 0.35
19926 3 0.57
7691 8 0.0
7428 0 0.74
2977 0 0.0
10695 7 0.08
5060 6 0.44
20410 8 0.63
7775 6 0.72
5437 0 0.01
17118 6 0.23
16118 6 0.26
1576 6 0.8
13646 0 0.94
9860 5 0.31
3635 0 0.65
15291 0 0.26
2496 2 0.02
17809 1 0.49
16643 0 0.32
20228 4 0.74
11479 6 0.43
20083 9 0.47
13599 1 0.43
17393 3 0.13
18123 3 0.19
501 4 0.63
23520 3 0.55
4604 1 0.47
12419 7 0.7
5098 1 0.74
16829 5 0.12
14722 0 0.38
13452 9 0.51
8786 1 0.05
3380 8 0.45
16368 5 0.03
20524 2 0.19
11055 0 0.97
2192 1 0.29
782 2 0.88
12740 8 0.27
16102 2 0.29
12032 2 0.42
11223 7 0.25
646 3 0.19
4916 7 0.75
20892 0 0.44
18527 7 0.62
14421 1 0.03
11721 6 0.76
16955 9 0.98
2630 7 0.17
20918 1 0.37
18866 4 0.82
19422 8 0.4
24456 2 0.58
19723 6 0.03
24635 2 0.03
14884 2 0.31
21357 1 0.62
10555 0 0.39
23242 5 0.77
17951 9 0.28
20747 6 0.86
11847 4 0.11
7021 0 0.37
5613 6 0.39
21534 4 0.09
21239 1 0.8
2031 3 0.45
1659 9 0.86
1240 5 0.97
17090 8 0.68
3259 0 0.15
6379 4 0.11
13174 3 0.39
13189 2 0.52
774 2 0.1
20877 4 0.68
2652 3 0.24
3579 1 0.59
3662 9 0.77
13166 6 0.85
2369 5 0.69
2983 7 0.03
7069 1 0.91
3899 7 0.42
6496 3 0.02
5048 3 0.24
15647 6 0.8
20483 3 0.59
19933 3 0.31
11321 9 0.75
16968 7 0.57
13077 9 0.47
7733 0 0.55
7887 3 0.81
19304 2 0.87
6846 4 0.22
5392 5 0.83
21099 9 0.37
6164 3 0.31
24570 8 0.15
20574 9 0.91
23922 9 0.4
12905 8 0.66
22854 7 0.02
20615 5 0.04
1387 5 0.96
19045 8 0.94
3830 4 0.49
11756 5 0.58
14726 6 0.64
11034 6 0.77
12607 7 0.48
4311 4 0.54
19916 6 0.88
11308 4 0.94
4388 9 0.1
668 2 0.9
1593 1 0.7
7337 1 0.75
13095 9 0.36
22457 9 0.12
8349 2 0.81
9078 3 1.0
21481 4 0.37
24291 8 0.65
18563 4 0.54
17885 1 0.98
20463 1 0.91
7959 3 0.04
14095 6 0.98
6484 6 0.8
124 9 0.54
14230 1 0.5
17015 3 0.95
6386 0 0.94
22796 2 0.39
20353 1 0.54
23213 7 0.97
14237 3 0.21
3288 3 0.65
3149 9 0.2
6415 5 0.4
11228 9 0.48
9047 5 0.21
20473 2 0.94
14173 2 0.59
8962 4 0.66
5214 0 0.24
5989 6 0.55
15626 5 0.52
16995 1 0.7
8004 9 0.15
22351 4 0.07
23208 2 0.47
15433 6 0.25
484 1 0.02
19459 9 0.7
16178 5 0.45
9814 2 0.1
7658 9 0.91
14528 2 0.78
11935 3 0.55
22554 9 0.22
10282 5 0.14
23528 8 0.92
22495 1 0.81
2708 2 0.38
14284 8 0.28
24790 8 0.14
22610 5 0.76
9236 9 0.2
17489 8 0.46
16339 8 0.46
19626 9 0.51
8887 0 0.1
16914 5 0.53
6242 3 0.91
991 3 0.31
21553 5 0.04
5588 7 0.11
80 3 0.89
15566 4 0.76
2235 4 0.35
18020 2 0.07
5131 0 0.18
19051 5 0.61
21112 2 0.79
10342 3 0.06
24110 5 0.55
22337 7 0.96
15204 6 0.15
5518 0 0.94
12445 2 0.51
22935 1 0.5
11664 0 0.08
10309 7 0.95
11070 7 0.82
13842 9 0.87
18504 1 0.9
22077 2 0.08
15718 6 0.11
7795 5 0.7
19323 3 0.49
3659 9 0.85
11195 7 0.95
5499 6 0.92
18772 5 0.83
5057 6 0.8
2198 5 0.07
18704 5 0.57
22061 9 0.94
12856 1 0.82
23738 7 0.35
10973 7 0.14
24554 6 0.81
15236 7 0.29
23962 9 0.94
24701 2 0.37
12100 2 0.71
11468 9 0.39
6807 1 0.15
14008 0 0.9
4730 2 0.68
11665 9 0.81
16343 4 0.51
15317 5 0.22
5232 6 0.58
13708 9 0.7
8746 2 0.37
18737 1 0.07
20010 8 0.4
16912 3 0.36
7285 8 0.75
8218 3 0.21
17827 1 0.92
20163 9 0.25
23662 9 0.95
23950 1 0.88
6903 3 0.77
14654 2 0.63
14330 7 0.18
11270 6 0.13
23811 4 0.3
11619 6 0.1
8880 6 0.92
21034 9 0.9
8720 5 0.0
13054 8 0.12
3697 4 0.36
21264 7 0.99
24899 0 0.02
2676 8 0.85
19337 4 0.86
10249 7 0.73
20347 4 0.8
12945 8 0.47
926 4 0.01
6352 8 0.7
21485 2 0.69
10082 9 0.28
21696 4 0.1
3234 0 0.1
19247 0 0.39
1997 0 0.34
21784 4 0.33
21852 8 0.62
20725 5 0.14
5808 6 0.03
17483 0 0.1
17192 6 0.51
17617 0 0.23
15910 5 0.6
8222 9 0.92
7612 7 0.11
8534 8 0.73
16536 7 0.09
12692 0 0.68
3601 4 0.11
24153 5 0.7
16523 9 0.99
4618 5 0.19
23076 4 1.0
15226 5 0.56
7883 7 0.63
1367 2 0.53
451 0 0.57
19265 5 0.2
4204 0 0.25
12162 2 0.12
15506 5 0.77
5161 5 0.84
17097 3 0.89
5088 5 0.21
6357 1 0.13
16696 3 0.06
19817 3 0.72
22539 1 0.82
1899 1 0.02
3194 3 0.85
17134 3 0.12
12486 7 0.54
10558 1 0.89
11793 0 0.28
4379 1 0.1
14097 5 0.01
1539 0 0.77
9812 3 0.55
18598 4 0.63
13748 4 0.95
3941 9 0.78
5376 1 0.71
18172 5 0.17
17475 1 0.35
22012 4 0.51
5391 5 0.9
11639 1 0.79
2712 1 0.31
2801 2 0.58
9638 9 0.32
20490 6 0.13
15350 8 0.16
10656 3 0.73
18859 9 0.2
5052 4 0.43
24882 9 0.69
2826 2 0.41
15124 0 0.24
22388 9 0.59
19696 2 0.64
20699 6 0.42
3104 7 0.37
22726 8 0.13
4893 7 0.99
12052 5 0.47
20103 8 0.82
19478 6 0.22
2809 9 0.09
5556 2 0.16
5358 8 0.41
21017 7 0.53
3631 7 0.93
6220 4 0.24
4503 4 0.92
4173 6 0.01
8084 7 0.82
4674 0 0.13
8693 9 0.66
988 7 0.36
24605 1 0.39
10167 6 0.65
9012 4 0.03
11180 6 0.68
15357 9 0.69
271 0 0.45
1041 3 0.67
20842 3 0.28
8123 3 0.06
18566 0 0.44
4026 5 0.71
7991 8 0.73
22587 6 0.32
10951 2 0.21
5662 3 0.48
3013 4 0.68
17199 1 0.68
3381 5 0.51
92 3 0.18
10772 1 0.53
22937 8 0.15
17113 1 0.35
21338 0 0.82
513 7 0.97
23916 6 0.95
702 3 0.19
17928 9 0.23
6155 8 0.7
79 3 0.12
13705 8 0.54
18396 1 0.54
11208 3 0.81
9686 9 0.01
24746 3 0.62
9185 6 0.34
1260 4 0.79
7915 1 0.93
2512 3 0.69
5745 0 0.9
1035 1 0.92
5778 3 0.41
8678 5 0.21
18458 3 0.59
12778 0 0.26
10907 3 0.39
15042 2 0.06
12952 2 0.0
2733 2 0.81
11485 2 0.21
23208 5 0.94
7336 9 0.99
20425 3 0.39
3880 6 0.13
13289 4 0.91
20337 4 0.75
5516 7 0.25
10544 9 0.07
21052 6 0.61
3274 3 0.08
23263 0 0.55
24743 2 0.74
23483 0 0.21
17244 5 0.85
16796 4 0.21
24165 5 0.69
6578 1 0.03
6476 1 0.07
16313 3 0.29
16768 2 0.35
11994 2 0.74
22308 9 0.86
14331 3 0.51
14237 4 0.84
7746 6 0.74
12995 5 0.17
24031 7 0.73
20123 7 0.12
19082 6 0.81
6974 7 0.87
5284 2 0.1
10546 7 0.64
946 9 0.76
1419 1 0.85
19364 2 0.92
12246 9 0.88
6230 8 0.12
17450 1 0.38
2289 6 0.97
4976 3 0.92
10931 2 0.42
20980 3 0.54
21362 2 0.9
8879 4 0.89
10576 3 0.9
12238 0 0.49
5114 4 0.27
18768 5 0.65
7744 4 0.68
2211 3 0.53
20694 5 0.05
5825 2 0.58
3189 8 0.48
24880 5 0.8
15990 8 0.38
4946 1 0.29
17501 1 0.89
24753 0 0.65
23700 4 0.33
23700 3 0.41
823 5 0.11
5594 2 0.08
7385 0 0.97
20514 3 0.95
1959 3 0.76
20936 4 0.33
20380 2 0.15
24081 6 0.27
1292 0 0.27
3505 7 0.26
12905 1 0.04
12461 8 0.0
12962 3 0.32
22936 8 0.2
13274 2 0.21
22241 5 0.65
10367 2 0.12
23545 8 0.31
18924 7 0.44
14615 7 0.72
24616 2 0.71
4436 8 0.09
15251 0 0.93
11798 1 0.04
11096 3 0.86
9732 1 0.97
7225 5 0.56
274 2 0.48
20137 9 0.29
19655 1 0.54
15702 2 0.13
16904 5 0.26
3151 6 0.28
3995 3 0.05
10498 8 0.62
6181 2 0.34
22449 2 0.84
3676 7 0.52
20925 3 0.07
3396 5 0.97
6053 1 0.03
17203 4 0.33
12989 7 0.02
15651 0 0.75
9310 1 0.69
6646 4 0.9
14892 9 0.39
11531 4 0.73
9686 3 0.16
15628 5 0.25
12353 3 0.5
264 9 0.57
24828 7 0.64
6369 0 0.97
3090 7 0.6
8274 4 0.83
11863 5 0.73
9308 3 0.81
5775 9 0.89
6431 0 0.21
3004 1 0.23
13523 3 0.23
12892 7 0.5
11933 5 0.14
5421 8 0.23
14041 1 0.47
21793 2 0.55
21 3 0.45
22337 5 0.34
17767 0 1.0
10473 0 0.17
18041 9 0.57
5556 6 0.24
10706 7 0.38
2325 7 0.09
12202 8 0.35
12517 1 0.87
21028 1 0.35
11997 5 0.68
23716 1 0.4
6707 7 0.84
2339 0 0.66
24856 0 0.16
16439 9 0.94
14025 1 0.2
24622 7 0.51
24483 4 0.3
4407 2 0.73
23585 8 0.21
16981 8 0.4
2437 2 0.53
23653 3 0.47
9304 0 0.54
17516 1 0.72
561 8 0.0
22802 5 0.81
7006 5 0.97
10549 7 0.21
17862 5 0.53
8980 5 0.56
1522 2 0.84
4616 1 0.08
20382 3 0.62
14833 1 0.97
2247 3 0.12
16020 8 0.06
5794 7 0.62
6123 5 0.49
23860 7 0.04
15011 4 0.29
24296 6 0.32
5437 1 0.3
11403 6 0.75
2155 5 0.31
638 5 0.0
7026 9 0.52
3940 7 0.49
12035 6 0.73
20991 0 0.35
8410 5 0.26
237 4 0.69
7669 1 0.26
11397 1 0.19
20586 3 0.99
11329 8 0.35
18623 3 0.77
8976 2 0.54
11585 0 0.62
14655 4 0.49
8126 4 0.13
9758 4 0.12
18617 0 0.2
22254 1 0.94
21769 8 0.02
3049 2 0.29
18288 1 0.22
9329 5 0.15
8129 5 0.92
177 1 0.19
18178 1 0.99
1080 0 0.75
18304 8 0.87
6343 5 0.89
3539 4 0.71
3272 9 0.34
1811 6 0.72
23545 2 0.61
19283 3 0.73
2472 3 0.13
1260 6 0.38
7493 2 0.55
362 8 0.69
18513 3 0.15
22717 6 0.13
18097 0 0.0
22104 3 0.5
4920 8 0.5
11243 7 0.88
9252 6 0.45
16042 2 0.1
6604 4 0.11
4752 1 0.58
18005 3 0.67
9796 6 0.53
24640 6 0.86
10462 1 0.11
18529 1 0.41
5541 0 0.16
19702 8 0.67
17803 1 0.15
16803 1 0.71
11860 7 0.82
19995 8 0.87
17925 1 0.32
4323 9 0.82
14037 2 0.43
12402 6 0.05
13160 4 0.71
11245 6 0.28
11649 4 0.02
12507 7 0.68
228 9 0.34
4642 0 0.9
21164 7 0.39
14840 3 0.35
21498 4 0.14
8132 7 0.41
9685 6 0.53
12473 9 0.22
24325 1 0.77
5867 8 0.9
17445 8 0.0
5517 8 0.96
6203 9 0.27
6745 4 0.47
16822 1 0.13
5204 0 0.8
24062 2 0.51
6238 9 0.68
4464 0 0.45
4674 4 0.17
3801 3 0.48
18357 3 0.36
17387 9 0.44
18955 8 0.07
8684 2 0.09
23931 4 0.88
8968 5 0.47
23801 5 0.84
10456 1 0.81
15751 3 0.92
7525 3 0.88
16699 7 0.08
2924 6 0.58
311 0 0.0
5141 5 0.16
9519 0 0.76
7370 5 0.31
9968 8 0.9
12192 4 0.91
4171 2 0.03
3456 3 0.85
15125 0 0.28
4545 0 0.62
18168 1 0.31
12089 3 0.84
21735 7 0.81
6700 9 0.44
10204 0 0.55
18572 5 0.83
10880 7 0.23
5245 1 0.97
20571 6 0.58
9317 9 0.14
3747 6 0.76
21385 2 0.78
17543 2 0.27
14158 2 0.56
24037 2 0.79
22416 4 0.5
3609 9 0.64
15645 3 0.99
8115 6 0.56
10860 2 0.13
6396 4 0.64
24043 5 0.56
6884 8 0.43
10746 1 0.6
22702 7 0.66
13941 0 0.11
12909 3 0.58
19300 1 0.14
22584 2 0.23
18863 2 0.67
18247 7 0.76
3120 6 0.01
21280 0 0.79
20738 5 0.36
14705 7 0.36
5915 6 0.75
24602 6 0.5
12020 9 0.95
15549 9 0.39
3553 8 0.11
19006 5 0.07
18453 8 0.39
3643 3 0.85
21387 6 1.0
15196 9 0.11
13207 6 0.31
4712 3 0.56
15270 0 0.3
15023 3 0.6
890 3 0.07
22428 7 0.98
10006 0 0.54
17135 7 0.37
1163 7 0.03
24428 3 0.74
3075 4 0.56
11268 0 0.91
1429 2 0.7
9904 7 0.96
18096 4 0.65
21885 5 0.88
19271 4 0.61
1261 9 0.22
17873 4 0.94
10105 4 0.53
11280 5 0.68
18212 2 0.89
626 4 0.43
23922 7 0.1
10397 1 0.2
16032 2 0.87
18023 1 0.19
5615 8 0.27
12746 3 0.58
12057 9 0.64
14363 6 0.64
24777 3 0.53
9824 0 0.37
3777 9 0.93
18976 8 0.53
20042 7 0.1
21518 2 0.44
810 9 0.45
16186 1 0.65
23797 5 0.65
14126 3 0.74
2754 3 0.86
21402 4 0.21
3026 9 0.25
6558 7 0.54
5081 4 0.3
1998 7 0.42
3995 7 0.93
2180 9 0.39
14293 3 0.71
3493 1 0.02
18739 0 0.16
22883 7 0.73
21262 6 0.52
2389 3 0.96
15874 6 0.7
583 4 0.46
1199 3 0.26
19972 0 0.96
12482 5 0.33
14618 1 0.65
16418 1 0.61
17853 5 0.44
399 2 0.53
20665 2 0.8
21566 5 0.59
23060 8 0.04
21018 3 0.99
4015 3 0.85
13431 8 0.88
18596 6 0.3
23278 1 0.16
8451 6 0.56
19998 7 0.33
7216 4 0.46
16362 7 0.03
15313 4 0.99
7288 6 0.32
22571 7 0.56
9859 7 0.54
3136 7 0.82
10432 5 0.92
18031 1 0.96
18343 1 0.66
7564 6 0.73
9688 7 0.89
20558 9 0.66
9127 7 0.89
8240 5 0.62
5472 5 0.88
5110 5 0.5
12182 4 0.1
2691 0 0.79
12983 9 0.87
22768 7 0.09
19399 0 0.01
3594 1 0.99
17930 2 0.98
15924 9 0.11
10290 7 0.3
11888 3 0.26
11479 9 0.56
6656 6 0.73
16366 1 0.09
20620 5 0.8
7947 0 0.17
15524 0 0.93
20846 2 0.04
8353 7 0.7
19739 6 0.39
19352 3 0.53
24985 8 0.82
22114 6 0.59
12473 9 0.99
7821 6 0.92
13996 6 0.32
9994 7 0.52
4452 8 0.24
20723 3 0.96
23417 4 0.34
23404 9 0.59
11307 9 0.8
13114 9 0.26
9918 0 0.38
20421 3 0.54
4173 1 0.88
21884 6 0.51
6172 3 0.85
11221 9 0.59
24336 6 0.43
16087 0 0.33
12500 3 0.09
2791 7 0.4
24247 8 0.87
18405 1 0.37
23220 7 0.73
16558 1 0.93
15983 3 0.68
2009 7 0.88
20606 7 0.41
10869 5 0.55
15675 9 0.22
2596 8 0.86
9008 0 0.25
11678 2 0.29
21365 8 0.96
16726 6 0.45
20223 7 0.16
195 8 0.2
19700 1 0.1
1 2 0.0
2189 7 0.86
17588 2 0.87
16191 7 0.75
24593 9 0.67
15595 0 0.87
4093 5 0.56
18967 3 0.2
8586 3 0.04
8385 9 0.18
14302 8 0.05
7445 0 0.66
6748 4 0.79
11185 4 0.22
18271 7 0.6
8868 4 0.54
15117 2 0.35
6068 2 0.33
24772 8 0.63
10216 4 0.77
17374 0 0.53
6586 7 0.19
17054 5 0.35
22162 6 0.13
20112 1 0.99
11776 9 0.02
22537 1 0.29
962 9 0.66
2948 3 0.43
758 4 0.09
9183 8 0.78
7259 2 0.75
22216 8 0.58
15961 4 0.87
1693 9 0.85
14326 4 0.12
19959 3 0.31
10382 6 0.88
5420 0 0.82
19682 3 0.7
12734 2 0.51
13083 1 0.54
21180 6 0.69
20837 8 0.81
22617 7 0.7
17550 8 0.61
11980 0 0.66
16185 8 0.65
5359 7 1.0
11309 4 0.32
11425 1 0.27
17816 6 0.28
781 7 0.78
12369 9 0.77
9328 5 0.69
23818 9 0.08
13804 5 0.85
23498 3 0.48
99 7 0.16
11716 6 0.16
22253 3 0.0
17673 1 0.4
7001 1 0.59
11256 4 0.64
12746 0 0.42
9032 7 0.9
11474 6 0.96
24818 1 0.01
23411 9 0.13
3129 1 0.79
6898 3 0.3
20327 6 0.83
10484 0 0.98
11891 1 0.44
4626 1 0.7
3417 4 0.15
6587 9 0.28
16512 3 0.83
12165 8 0.59
11346 4 0.41
1883 7 0.22
19477 8 0.79
12271 8 0.73
4619 5 0.38
6133 7 0.18
5733 6 0.26
7692 3 0.25
2691 6 0.41
15913 7 0.66
18553 9 0.61
15154 5 0.42
11637 4 0.37
13331 0 0.66
3968 0 0.81
16417 8 0.31
7902 5 0.64
8801 2 0.53
12133 9 0.07
6532 8 0.25
21438 7 0.88
3025 0 0.23
10743 9 0.12
18136 7 0.81
22446 6 0.72
17163 9 0.83
13957 3 0.7
399 3 0.15
24639 2 0.96
3904 4 0.58
11258 6 0.11
5261 3 0.26
20399 2 0.49
780 1 0.79
15077 3 0.3
24140 2 0.25
2300 6 0.78
18207 5 0.36
10108 6 0.86
24598 3 0.72
4443 3 0.35
24718 0 0.08
3248 3 0.61
18965 1 0.11
22593 8 0.37
4261 6 0.62
2426 2 0.28
9643 3 0.63
12376 1 0.72
7231 8 0.58
11600 0 0.8
10667 6 0.67
19150 0 0.5
8216 7 0.53
23484 0 0.93
10576 6 0.43
8636 2 0.82
23129 2 0.63
12518 5 0.87
19852 4 0.07
6044 3 0.8
19774 9 0.18
4231 2 0.99
17848 3 0.2
23272 2 0.68
17450 3 0.57
5837 0 0.81
2345 3 0.29
10735 6 0.55
10988 3 0.53
21551 6 0.44
19348 0 0.67
3229 9 0.56
12816 0 0.55
162 4 0.28
16186 2 0.24
16232 9 0.56
23395 5 0.26
15456 3 0.85
17587 0 0.12
22903 0 0.55
11920 3 0.59
887 0 0.2
2994 2 0.07
2708 7 0.97
4567 3 0.92
18668 2 0.47
14103 5 0.45
18898 7 0.66
2187 6 0.94
24543 9 0.36
623 5 0.58
9892 3 0.14
1877 1 0.06
12223 1 0.4
16883 3 0.43
10857 8 0.0
5359 1 0.08
21659 7 0.11
1187 4 0.8
8098 7 0.67
949 2 0.36
312 0 0.99
159 9 0.83
11865 0 0.06
16446 8 0.69
5687 4 0.54
612 6 0.0
515 2 0.46
4293 6 0.19
16508 0 0.07
5276 0 0.95
15687 5 0.63
4891 3 0.71
11465 7 0.44
10436 3 0.29
3661 2 0.41
12345 4 0.39
16978 1 0.17
10717 0 0.3
1542 8 0.52
16162 1 0.46
14319 7 0.21
19174 9 0.72
17471 7 0.86
24562 5 0.84
6801 0 0.06
4905 5 0.93
19546 7 0.9
4471 5 0.87
13646 1 0.14
15537 0 0.62
14816 7 0.31
18511 5 0.52
1059 1 0.78
15186 9 0.77
23302 5 0.34
23900 7 0.11
13689 9 0.26
14687 7 0.21
16732 2 0.05
3722 4 0.17
17540 9 0.08
16985 8 0.69
3411 4 0.74
3632 9 0.64
12072 2 0.43
22886 3 0.82
10418 2 0.77
16904 4 0.41
22019 0 0.86
5917 7 0.87
13251 6 0.16
14092 1 0.9
8647 1 0.66
9892 4 0.56
22942 0 0.08
12315 8 0.64
6409 7 0.74
2332 2 0.26
720 3 0.47
12381 5 0.54
15863 6 0.54
8890 1 0.22
9792 1 0.85
2498 4 0.6
5741 6 0.77
21240 5 0.66
7145 4 0.1
8898 7 0.49
22841 3 0.94
18835 1 0.14
19497 2 0.07
24926 4 0.63
4491 7 0.93
8394 4 0.37
12295 0 0.12
11306 6 0.74
4790 1 0.96
4110 6 0.24
21678 7 0.3
23170 1 0.11
1837 3 0.59
6064 8 0.02
15564 5 0.36
8652 4 0.36
2781 3 0.96
21209 9 0.04
18161 2 0.49
19747 5 0.28
23787 0 0.22
19508 4 0.97
20992 9 0.75
13571 2 0.69
2039 6 0.3
20958 9 0.76
18696 3 0.61
2376 6 0.51
6672 3 0.39
1499 0 0.89
6636 6 0.25
23353 4 0.77
3209 2 0.15
21666 8 0.58
3483 3 0.8
7075 9 0.49
11702 1 0.55
17186 9 0.89
6906 4 0.4
7920 2 0.81
12424 9 0.91
2494 0 0.31
5589 4 0.24
5248 5 0.21
1677 0 0.22
3814 3 0.44
801 0 0.38
2957 4 0.24
6027 1 0.61
15280 5 0.57
18650 6 0.56
13020 2 0.71
800 4 0.42
9453 2 0.81
8654 4 0.65
12287 6 0.31
596 3 0.17
8846 2 0.57
16760 6 0.05
2162 7 0.09
11998 7 0.62
21168 4 0.66
4951 8 0.48
17471 5 0.61
21446 7 0.88
19089 0 0.07
19902 2 0.26
19590 1 0.66
23119 4 0.44
21114 5 0.68
19637 7 0.8
11638 0 0.75
21258 0 0.97
24676 6 0.57
6547 0 0.84
4913 9 0.05
1547 0 0.08
8851 2 0.71
22367 0 0.83
18784 7 0.04
17664 0 0.09
22598 4 0.95
11826 2 0.07
11756 3 0.07
12620 3 0.16
8138 0 0.98
20742 0 0.46
13633 8 0.31
22798 6 0.51
4312 3 0.27
21503 1 0.98
17110 5 0.63
12451 1 0.11
1188 1 0.95
3811 8 0.58
3156 7 0.69
2309 7 0.56
21817 5 0.41
8435 3 0.48
5259 7 0.76
14183 3 0.89
15319 2 0.32
19622 8 0.59
22371 1 0.43
4473 7 0.18
1303 9 0.54
19881 9 0.71
1729 7 0.59
5905 4 0.96
9831 7 0.31
19767 8 0.11
12503 0 0.38
20517 0 0.04
3608 1 0.42
3106 4 0.34
2330 4 0.79
23658 4 0.14
23772 1 0.81
5735 0 0.19
3425 4 0.02
5246 5 0.2
14702 9 0.21
14061 0 0.17
6520 9 0.22
19745 6 0.92
17882 4 0.18
21636 5 0.98
17093 8 0.02
10448 3 0.48
23857 8 0.2
20895 8 0.54
7539 7 0.58
20174 0 0.02
23282 1 0.24
11441 6 0.67
16597 0 0.27
6141 6 0.5
21280 9 0.73
23401 6 0.77
16022 6 0.6
751 8 0.41
13362 0 0.52
22432 8 0.16
10247 0 0.28
5167 4 0.3
12732 2 0.08
7657 4 0.57
4382 2 0.95
3320 6 0.35
2790 3 0.81
19129 0 0.27
2278 7 0.56
12811 1 0.52
10012 8 0.71
11077 8 0.22
10936 3 0.41
4734 3 0.86
7765 1 0.15
24122 5 0.51
15500 2 0.56
18182 8 0.72
18376 5 0.01
12235 5 0.29
17445 2 0.05
19082 0 0.23
7641 8 0.98
10711 2 0.48
523 6 0.97
10246 4 0.29
16663 0 0.6
20112 7 0.45
12856 7 0.94
23576 5 0.58
13182 3 0.2
3033 3 0.2
2787 4 0.69
8560 6 0.1
18472 2 0.38
6537 7 0.6
9110 6 0.52
18407 2 0.27
16388 1 0.29
2033 0 0.08
3420 4 0.75
10334 8 0.81
12531 4 0.09
12100 3 0.93
18852 1 0.59
16257 8 0.36
7391 1 0.07
1045 1 0.92
9554 3 0.21
9195 5 0.42
20339 8 0.95
12761 2 0.59
20004 3 0.62
9350 1 0.11
192 8 0.52
10806 2 0.37
19699 7 0.35
212 4 0.91
3206 8 0.01
22562 6 0.69
19711 0 0.95
21240 1 0.72
8898 9 0.17
19711 0 0.69
11295 1 0.52
23513 0 0.89
19263 7 0.32
14107 8 0.43
3645 2 0.68
4035 1 0.55
14144 6 0.79
4644 6 0.14
5070 9 0.1
22870 2 0.13
10454 3 0.64
17655 7 0.09
7593 1 0.03
14455 7 0.21
8496 0 0.29
5539 4 0.09
22979 7 0.12
13024 1 0.59
22267 4 0.5
19030 5 0.08
246 6 0.19
21498 7 0.03
18197 1 0.69
24955 3 0.99
22783 3 0.07
20847 6 0.59
2368 9 0.99
16344 5 0.84
6075 1 0.19
8315 8 0.51
8137 3 0.0
19254 2 0.0
19368 6 0.65
10789 2 0.84
19112 9 0.18
14199 9 0.58
15869 9 0.99
15902 7 0.93
235 5 0.54
11242 7 0.89
21961 4 0.42
17226 0 0.15
18680 0 0.88
7290 1 0.34
19934 5 0.59
23687 9 0.12
13152 1 0.48
1460 6 0.44
17675 2 0.03
19919 2 0.31
18585 5 0.01
13891 7 0.21
24427 6 0.29
21091 7 0.94
11378 1 0.58
800 8 0.57
11170 5 0.01
2908 1 0.11
22543 6 0.89
23723 7 0.39
7729 4 0.86
6806 4 0.68
11199 8 0.86
22057 4 0.03
7287 4 0.32
672 4 0.6
10665 3 0.44
13817 8 0.33
17095 1 0.71
2920 8 0.14
23224 4 0.39
14959 0 0.07
13201 0 0.17
20452 7 0.74
5384 0 0.44
4875 5 0.74
3859 1 0.64
18643 3 0.26
16018 8 0.41
15246 7 0.44
18475 0 0.73
4728 3 0.2
622 3 0.33
20037 8 0.25
5248 8 0.99
12759 9 0.44
19722 2 0.34
16970 2 0.25
24349 9 0.26
9440 2 0.1
220 3 0.12
14472 6 0.83
22222 1 0.2
8827 5 0.6
6562 7 0.27
7913 3 0.41
22131 6 0.96
6369 7 0.23
10231 8 0.96
2706 4 0.61
20914 5 0.57
13209 7 0.32
10344 0 0.37
15387 4 0.82
18469 0 0.06
16384 9 0.88
9733 7 0.9
21281 8 0.23
17789 5 0.88
23583 1 0.8
14496 7 0.67
20908 9 0.21
7910 7 0.64
13328 4 0.13
20596 4 0.88
6028 1 0.09
21649 9 0.41
20333 6 0.77
5215 1 0.86
6049 9 0.73
21106 8 0.69
2952 5 0.83
19479 7 0.28
2397 7 0.28
24763 9 0.7
23686 1 0.67
2677 1 0.69
23069 0 0.5
10157 8 0.32
2566 3 0.17
22272 5 0.1
22531 4 0.14
7890 7 0.56
20774 0 0.89
19702 2 0.05
10897 2 0.86
6279 1 0.56
15839 8 0.13
15732 1 0.4
328 1 0.07
22002 1 0.75
7259 0 1.0
12013 3 0.63
10007 7 0.23
14173 1 0.74
22271 7 0.99
15362 8 0.77
17825 3 0.03
11639 1 0.9
20807 3 0.89
958 0 0.42
21756 6 0.93
1180 1 0.44
849 6 0.44
13312 7 0.95
9197 0 0.18
18281 1 0.96
8456 1 0.02
21918 3 0.5
1242 2 0.98
23137 4 0.02
15125 8 0.15
12697 6 0.07
5348 5 0.83
12660 6 0.33
4200 6 0.68
24267 9 0.33
6102 0 0.53
11074 3 0.24
14235 7 0.65
10325 2 0.59
15091 0 0.79
19756 4 0.94
7652 9 0.41
18596 8 0.59
17291 5 0.28
17686 0 0.3
24477 9 0.99
15184 4 0.29
24745 9 0.2
12671 3 0.71
20772 8 0.3
3348 9 0.57
24165 7 0.79
14378 2 0.68
21109 6 0.67
5471 5 0.59
9479 7 0.67
13900 9 0.3
5075 5 0.9
13416 5 0.2
12446 4 0.17
17285 7 0.49
3689 6 0.86
23232 5 1.0
7819 5 0.02
3425 2 0.99
10839 2 0.96
9041 4 0.36
7388 1 0.9
19916 0 0.14
8725 1 0.03
6998 4 0.98
22037 5 0.75
6576 8 0.45
23687 9 0.5
17824 9 0.77
5190 7 0.15
12705 9 0.36
24311 6 0.06
1995 5 0.88
4703 4 0.64
22585 2 0.46
8686 2 0.88
23522 3 0.8
17068 3 0.4
1093 2 0.41
11620 2 0.97
7363 3 0.12
18938 6 0.77
14730 5 0.78
22278 4 0.34
6472 2 0.48
21945 9 0.94
17569 3 0.82
21482 2 0.65
9522 1 0.83
18410 5 0.24
7059 9 0.28
20496 7 0.3
9046 8 0.52
2866 2 0.91
12059 9 0.8
18765 9 0.16
4114 0 0.92
12043 2 0.05
19127 9 0.95
9408 9 0.12
11353 2 0.54
11553 8 0.59
17028 3 0.92
24174 2 0.55
4971 0 0.16
24804 7 0.36
20240 7 0.36
17619 6 0.75
22233 3 0.74
16731 0 0.28
767 6 0.64
24347 2 0.58
16058 6 0.31
2977 0 0.76
13643 9 0.41
16616 6 0.6
20486 1 0.0
3147 1 0.71
4232 9 0.54
20004 2 0.13
9865 1 0.06
11713 8 0.19
8239 6 0.11
14316 3 0.29
12909 9 0.46
8697 1 0.9
22431 2 0.78
8060 2 0.7
16494 6 0.32
17322 5 0.42
16525 2 0.38
1869 6 0.34
16464 1 0.92
10532 5 0.76
5792 1 0.95
3193 6 0.95
14479 3 0.91
13697 4 0.12
5291 5 0.46
2134 0 0.32
21035 0 0.36
7833 1 0.89
9625 5 0.36
6310 0 0.05
24796 1 0.65
2258 2 0.12
846 2 0.6
4717 5 0.9
10554 9 0.86
8749 8 0.7
18044 9 0.74
5235 5 0.32
5535 7 0.63
24291 0 0.29
9888 8 0.42
4207 4 0.6
23063 3 0.67
15082 1 0.72
8874 2 0.16
18739 4 0.44
1929 8 0.75
1425 9 0.06
19292 0 0.83
13172 4 0.61
22202 2 0.54
15528 1 0.87
23026 2 0.89
21077 7 0.79
5189 6 0.38
6808 5 0.66
14193 0 0.48
18276 2 0.23
24595 4 0.36
18614 4 0.53
14664 3 0.62
5009 1 0.2
22273 3 0.64
23981 2 0.78
15017 1 0.86
23815 2 0.14
14195 0 0.04
4508 1 0.0
5748 6 0.83
22829 9 0.91
52 9 0.69
39 1 0.16
13960 5 0.46
13519 8 0.33
18307 5 0.75
21020 2 0.18
8900 4 0.08
15420 4 0.52
23819 2 0.16
12417 3 0.52
23669 2 0.3
9016 2 0.73
17109 1 0.8
3148 2 0.59
4048 3 0.17
9880 7 0.64
11822 6 0.46
16479 5 0.99
13787 2 0.68
1378 7 0.81
14795 2 0.64
9608 0 0.03
17010 3 0.33
4327 6 0.08
3574 7 0.62
1212 2 0.53
8244 9 0.89
22901 7 0.42
2673 1 0.19
15046 7 0.92
15765 3 0.93
5681 0 0.33
6199 3 0.21
11935 2 0.51
17107 1 0.04
17949 3 0.12
16781 3 0.55
9932 3 0.42
15156 9 0.66
1211 7 0.22
17343 5 0.87
7399 8 0.48
532 3 0.99
9045 3 0.82
6409 9 0.72
1669 1 0.19
16165 5 0.82
12295 3 0.35
21607 5 0.99
2179 3 0.42
16125 8 0.95
4251 2 0.59
10712 1 0.39
15121 8 0.1
19589 3 0.66
22868 3 0.44
1280 0 0.84
15457 5 0.75
13011 5 0.44
24884 2 0.45
9606 8 0.9
7172 9 0.28
5744 8 0.05
4370 7 0.47
4181 9 0.78
24965 6 0.45
5137 0 0.38
3984 3 0.79
10831 0 0.98
6743 6 0.83
18254 7 0.08
14050 6 0.27
9713 5 0.99
5729 1 0.85
20617 1 0.67
21336 6 0.89
18974 1 0.13
7532 7 0.04
21300 4 0.18
23610 1 0.71
3856 5 1.0
851 3 0.68
14522 2 0.98
9728 4 0.21
12136 0 0.16
9363 8 0.83
15901 9 0.06
3791 6 0.52
9278 2 0.2
12827 6 0.35
4145 5 0.92
17246 1 0.37
18854 4 0.13
24568 8 0.81
11509 0 0.52
24575 5 0.98
22857 9 0.99
4087 6 0.45
386 8 0.07
5209 8 0.59
8916 9 0.34
24170 9 0.25
9089 2 0.27
18931 8 0.18
8036 5 0.89
20831 9 0.14
11368 6 0.4
13 0 0.96
960 4 0.15
8307 8 0.37
20106 9 0.1
22148 4 0.97
3764 6 0.73
13359 6 0.64
12562 2 0.03
6702 4 0.09
24984 5 0.3
20789 6 0.7
17343 5 0.37
23046 4 0.91
22351 9 0.47
8442 3 0.41
24312 9 0.14
16305 9 0.27
2915 4 0.52
15406 2 0.54
10786 2 0.21
6367 4 0.8
20755 5 0.7
1595 8 0.71
18775 7 0.5
14770 7 0.66
12580 6 0.87
1347 1 0.1
3127 3 0.11
266 0 0.72
5588 4 0.97
7741 6 0.9
11637 5 0.68
5409 4 0.43
1944 3 0.83
6542 9 0.29
2089 9 0.2
10496 1 0.23
17664 7 0.39
9620 1 0.88
19592 0 0.74
8160 5 0.4
24980 1 0.04
12060 3 0.68
1369 3 0.09
267 4 0.67
3897 5 0.05
20925 8 0.88
14830 3 0.81
12961 4 0.36
506 2 0.74
19847 5 0.31
16047 8 0.67
20862 1 0.4
11063 5 0.1
5172 9 0.21
19859 1 0.53
18942 2 0.79
22499 1 0.39
2936 3 0.55
18954 9 0.14
5076 7 0.31
2990 3 0.4
16688 3 0.25
9771 1 0.15
2481 1 0.09
12687 8 0.59
13161 0 0.18
10713 0 0.36
2647 2 0.71
13429 1 0.95
9677 0 0.92
18803 7 0.91
8773 3 0.14
18145 6 0.83
17446 5 0.51
1682 9 0.65
1889 8 0.26
2584 0 0.35
15983 9 0.26
11519 4 0.79
18467 5 0.81
925 2 0.25
20082 3 0.93
10753 5 0.63
3302 2 0.72
7975 9 1.0
19867 3 0.03
22953 8 0.3
16813 4 0.46
14481 6 0.4
58 6 0.36
7497 8 0.27
13045 6 0.59
19264 9 0.93
7646 4 0.25
18812 2 0.38
4451 1 0.04
1102 5 0.21
15033 1 0.64
5436 9 0.61
6809 0 0.89
10533 6 0.42
20139 5 0.93
7921 5 0.33
10485 3 0.94
17382 6 0.83
16346 7 0.4
13255 8 0.86
16220 8 0.08
22285 5 0.79
11676 8 0.5
14438 4 0.56
3365 6 0.25
21138 1 0.14
13585 3 0.47
21031 3 0.8
22233 1 0.86
2758 0 0.54
13111 1 0.91
10220 4 0.25
24941 6 0.17
18783 0 0.4
1722 9 0.75
16934 6 0.03
14642 1 0.54
12972 9 0.72
15236 7 0.78
14436 2 0.89
2461 8 0.91
23250 6 0.89
10254 2 0.92
13347 2 0.55
5629 7 0.24
15174 4 0.28
16741 1 0.81
6972 9 0.48
20250 3 0.0
383 1 0.17
11357 4 0.63
781 2 0.99
23910 9 0.02
14702 1 0.89
4235 9 0.89
540 4 0.09
13709 6 0.07
3698 5 0.1
20911 5 0.64
17486 6 0.45
20340 0 0.33
4117 5 0.74
22347 1 0.12
16195 8 0.85
6272 2 0.83
7901 1 0.84
22276 4 0.71
19126 5 1.0
5630 3 0.43
19274 7 0.29
8942 0 0.59
9821 1 0.7
18122 6 0.43
5393 3 0.76
5646 2 0.02
13399 5 0.02
11031 6 0.61
12671 6 0.4
726 8 0.79
15158 1 0.49
6258 8 0.25
10647 1 0.53
19980 5 0.9
20117 8 0.64
679 9 0.56
1820 6 0.26
15376 1 0.22
10476 6 0.69
3705 7 0.19
14699 5 0.22
10093 4 0.43
23225 5 0.55
22044 2 0.45
7194 8 0.31
5664 8 0.1
14637 9 0.54
12415 2 0.68
21600 0 0.85
17349 5 0.56
35 7 0.82
23816 9 0.63
17425 9 0.9
3288 2 0.84
17235 9 0.43
6784 2 0.75
17078 8 0.51
3253 7 0.67
1195 2 0.97
22189 1 0.77
2392 1 0.06
9530 3 0.03
24606 0 0.18
7597 8 0.81
8080 2 0.48
17072 3 0.85
15521 6 0.84
24448 6 0.43
21031 1 0.09
6337 8 0.74
9241 2 0.24
18494 6 0.12
8612 9 0.02
17981 0 0.24
6693 8 0.79
21208 1 0.32
20167 8 0.79
17651 7 0.74
3943 0 0.16
10073 0 0.2
4734 2 0.55
13288 8 0.32
2064 2 0.88
11347 7 0.35
710 3 0.55
9101 4 0.98
18052 1 0.03
16137 3 0.12
5581 2 0.54
8464 8 0.86
3097 8 0.22
15406 1 0.03
18037 3 0.42
2115 6 0.85
10279 5 0.8
10974 6 0.02
17952 9 0.3
24411 7 0.34
10667 5 0.3
24339 1 0.8
13653 9 0.06
10927 3 0.32
24443 4 0.02
21811 9 0.85
3589 0 0.11
1538 7 0.85
13827 7 0.58
5281 8 0.95
342 5 0.48
14296 1 0.92
11422 0 0.12
17049 8 0.73
20028 1 0.59
4844 1 0.66
6513 9 0.62
8318 3 0.16
24251 6 0.97
12882 3 0.18
19850 3 0.41
898 3 0.29
4885 6 0.17
10176 5 0.39
16286 4 0.09
3946 8 0.62
1333 5 0.52
4609 3 0.59
9634 5 0.51
2968 5 0.94
21089 0 0.07
13505 9 0.34
16827 1 0.45
9838 8 0.22
22604 6 0.32
2736 8 0.94
9662 7 0.37
14619 1 0.01
8648 5 0.62
22780 7 0.9
7301 8 0.12
22918 6 0.41
22541 7 0.68
21331 5 0.41
15449 5 0.14
16305 4 0.55
11267 5 0.8
19963 4 0.94
6084 6 0.36
1851 7 0.75
20136 2 0.08
16686 7 0.19
18247 7 0.0
8765 8 0.71
23968 6 0.05
16423 2 0.68
8617 0 0.55
3751 5 0.47
18731 0 0.08
9743 7 0.8
655 3 0.11
12140 7 0.98
19200 3 0.94
20211 1 0.48
19112 8 0.5
20375 8 0.18
12453 3 0.55
9002 8 0.22
10591 5 0.27
18686 6 0.36
8386 5 0.51
1266 8 0.23
5897 7 0.67
9907 2 0.79
17319 9 0.52
20863 7 0.62
23161 8 0.36
24548 6 0.8
11406 9 0.69
21413 8 0.02
931 1 0.46
5016 9 0.4
2438 7 0.79
8907 9 0.21
23776 2 0.59
2241 4 0.29
19221 8 0.31
12847 5 0.04
24907 0 0.04
8235 2 0.83
24530 4 0.92
10796 2 0.7
2377 0 0.91
18465 2 0.22
4095 3 0.07
20628 1 0.07
1080 8 0.82
8995 1 0.22
12920 8 0.96
15794 5 0.81
1551 1 0.87
12971 3 0.03
19277 3 0.35
7694 8 0.71
20947 9 0.05
14373 2 0.27
1534 9 0.35
3691 9 0.55
1998 8 0.11
17449 7 0.77
17502 1 0.43
5332 0 0.63
15567 7 0.33
16938 9 0.92
4045 5 0.65
13899 0 0.38
10227 0 0.77
13978 6 0.14
17085 9 0.86
16013 1 0.99
4825 8 0.25
17246 3 0.1
9273 1 0.37
8201 5 0.79
21877 4 0.07
15075 8 0.82
16081 9 0.86
21844 7 0.24
411 8 0.54
16402 1 0.8
2548 6 0.77
9638 7 0.04
19166 2 0.42
14816 5 0.38
20271 3 0.8
22656 3 0.55
9685 0 0.69
6954 3 0.09
353 9 0.21
12559 7 0.56
4385 2 0.07
3146 7 0.48
2663 1 0.55
9305 1 0.19
15795 2 0.59
22277 7 0.05
21673 5 0.63
20533 9 0.74
11996 6 0.88
9489 3 0.58
8582 6 0.33
23478 8 0.54
17194 9 0.32
13888 8 0.59
18297 7 0.93
12253 7 0.46
12144 9 0.1
8068 7 0.44
5726 5 0.92
14088 2 0.99
22055 3 0.6
24389 3 0.85
20273 7 0.05
21442 9 0.36
20255 4 0.18
18534 3 0.85
11739 8 0.66
26 4 0.45
14996 8 0.94
20724 7 0.05
3705 5 0.25
12730 8 0.3
13347 8 0.58
8347 2 0.16
20943 6 0.15
16623 2 0.37
3267 0 0.02
19105 2 0.95
3078 3 0.08
21295 0 0.71
10600 7 0.07
8044 3 0.71
10505 3 0.65
15670 1 0.85
12491 0 0.0
4526 4 0.75
4381 4 0.97
8636 7 0.52
19919 5 0.52
3489 8 0.12
14751 5 0.57
19863 7 0.73
23505 8 0.78
9819 1 0.93
19088 8 0.21
13985 6 0.92
17075 3 0.64
2134 3 0.59
12396 9 0.51
6815 6 0.99
9062 6 0.9
17494 5 0.48
16625 3 0.67
9444 8 0.98
16888 1 0.27
3802 1 0.3
24039 0 0.31
6611 5 0.35
8767 0 0.7
13813 2 0.88
3445 7 0.75
12178 0 0.98
23622 7 0.9
15291 6 0.61
11633 2 0.16
11475 0 0.54
2537 2 0.85
17404 6 0.47
1530 3 0.91
16542 2 0.33
23677 5 0.8
10937 6 0.96
16959 3 0.75
17662 4 0.34
5184 1 0.64
11176 4 0.47
10436 3 0.86
21905 1 0.09
17966 3 0.39
19704 9 0.38
16764 2 0.29
10712 0 0.79
8592 2 0.97
21895 3 0.06
16811 8 0.89
11280 8 0.21
19276 6 0.73
23232 2 0.59
8139 4 0.1
17798 8 0.58
22551 8 0.91
24622 5 0.15
8180 4 0.5
2385 2 0.03
21243 4 0.95
5502 8 0.42
17447 6 0.35
11226 9 0.05
4026 1 0.3
4687 2 0.05
18529 4 0.36
2013 0 0.66
18477 1 0.03
13739 3 0.34
19764 0 0.05
16894 7 0.59
6011 8 0.04
17503 4 0.77
18624 3 0.04
15511 6 0.71
5804 4 0.21
11073 1 0.34
22249 9 0.23
14603 2 0.54
6634 9 0.53
16184 4 0.84
24503 5 0.47
6872 9 0.33
114 2 0.88
23279 9 0.92
13067 3 0.64
2714 8 0.11
9047 2 0.75
9123 8 0.04
11148 5 0.66
3831 9 0.94
671 5 0.48
9995 3 0.81
21139 2 0.83
559 9 0.19
17973 0 0.89
14951 0 0.13
15380 7 0.72
858 5 0.01
12735 1 0.3
8612 1 0.71
11083 1 0.17
15114 5 0.58
9052 2 0.19
11725 2 0.83
14434 9 0.98
20395 7 0.17
15797 9 0.4
9398 0 0.82
5188 6 0.35
8999 3 0.07
21774 5 0.53
4407 4 0.09
12696 5 0.0
13986 5 0.6
5598 8 0.55
12616 0 0.25
15978 8 0.47
23162 1 0.49
15905 1 0.58
15537 7 0.79
660 7 0.23
23655 0 0.41
8766 8 0.12
22110 6 0.89
12862 7 0.9
18821 9 0.97
10827 3 0.73
17511 3 0.91
16879 2 0.58
24972 1 0.85
5211 9 0.57
7944 7 0.61
11260 7 0.69
5447 4 0.82
308 8 0.93
23462 3 0.6
14904 8 0.1
7555 6 0.88
19200 3 0.25
3084 1 0.29
535 8 0.32
2075 0 0.14
10670 6 0.12
15458 6 0.22
8632 6 0.81
21887 3 0.78
3067 5 0.98
9852 4 0.32
22287 5 0.22
13425 7 0.36
21128 6 0.82
20822 7 0.59
14698 5 0.31
10210 5 0.44
9483 6 0.1
14775 9 0.98
611 4 0.08
20069 1 0.09
10991 0 0.34
16059 0 0.8
3478 9 0.48
20786 9 0.17
7707 6 0.13
22156 0 0.63
4602 0 0.97
9134 0 0.43
7888 0 0.67
19623 1 0.04
1970 0 0.54
654 5 0.94
9928 9 0.71
735 2 0.26
17503 8 0.24
13821 1 0.7
8730 8 0.76
16025 4 0.68
384 5 0.41
1814 0 0.21
22987 3 0.54
2392 2 0.1
2061 2 0.2
17561 0 0.82
14415 1 0.38
482 7 0.11
12579 5 0.66
12795 8 0.05
4515 3 0.7
23283 0 0.78
549 9 0.88
6593 5 0.82
17514 8 0.97
19149 1 0.49
17533 8 0.7
16201 8 0.24
16463 8 0.32
19913 7 0.23
23442 8 0.95
1760 9 0.76
5940 7 0.01
14095 9 0.08
2143 1 0.35
15351 8 0.34
9722 3 0.18
22576 9 0.19
1729 1 0.27
5200 2 0.4
16729 8 0.17
18911 1 0.77
1692 2 0.26
14753 8 0.79
11960 3 0.05
1499 3 0.7
4576 4 0.54
13546 1 0.57
23981 5 0.0
5610 0 0.43
668 8 0.31
17301 6 0.12
22656 4 0.59
23976 5 0.39
2578 7 0.72
13715 2 0.71
19033 8 0.49
23206 5 0.04
15683 6 0.11
19479 9 0.52
20446 0 0.93
15245 2 0.67
22548 7 0.53
10842 0 0.21
23768 6 0.48
6591 9 0.96
1917 8 0.62
10471 5 0.65
8887 7 0.42
14528 4 0.42
13071 5 0.83
1746 8 0.04
5647 9 0.71
17081 9 0.05
12554 9 0.14
23702 4 1.0
7876 5 0.62
16366 6 0.08
17608 4 0.56
6518 9 0.38
13059 3 0.88
18565 9 0.91
7038 3 0.42
23498 7 0.67
12461 5 0.74
20571 6 0.78
21079 8 0.27
8040 0 0.69
18662 3 0.19
13318 4 0.15
7691 6 0.32
20003 4 0.81
3990 2 0.7
1453 8 0.54
14253 6 0.11
13900 2 0.47
20182 0 0.13
4474 9 0.36
13817 9 0.76
187 5 0.69
18853 4 0.25
3200 8 0.27
23543 5 0.68
8905 3 0.35
12061 5 0.2
8043 4 0.68
5846 0 0.04
21257 8 0.39
8023 0 0.51
9594 1 0.07
11921 3 0.23
1736 2 0.31
22530 4 0.49
12035 5 0.91
2074 0 0.62
7572 1 0.95
14838 4 0.51
16188 6 0.45
1387 3 0.77
10342 2 0.22
9056 1 0.27
10971 4 0.33
3323 5 0.65
12851 1 0.11
19981 0 0.98
24719 9 0.6
8186 9 0.2
16622 3 0.4
18904 1 0.89
12492 9 0.76
19136 0 0.08
15857 1 0.3
15538 6 0.41
3690 3 0.69
7619 2 0.98
3066 7 0.93
18470 2 0.41
743 3 0.71
1576 0 0.1
7743 8 0.65
1301 2 0.41
7431 2 0.28
10557 6 0.3
14927 4 0.83
2223 3 0.37
13208 5 0.85
18326 5 0.91
21356 3 0.73
18729 5 0.9
10075 0 0.03
229 8 0.63
908 5 0.9
7519 5 0.45
500 0 0.64
19983 6 0.64
10125 9 0.81
14892 6 0.17
13775 3 0.05
16811 0 0.45
17980 8 0.56
20015 9 0.54
18840 5 0.79
12713 0 0.27
7669 7 0.54
15407 2 0.93
22470 9 0.69
6284 3 0.7
12998 8 0.13
17077 7 0.71
17161 2 0.12
9808 8 0.66
15616 0 0.94
5780 5 0.48
3102 2 0.37
15396 6 0.64
24141 3 0.47
4701 9 0.51
10642 4 0.73
16272 3 0.28
5026 5 0.68
8872 1 0.75
12491 1 0.84
12084 4 0.05
4294 5 0.17
24156 6 0.17
24758 9 0.82
16595 8 0.89
24180 1 0.22
14706 6 0.94
5907 0 0.66
11935 3 0.13
9497 4 0.67
2557 7 0.07
864 5 0.01
20599 0 0.62
18918 8 0.04
20481 6 0.04
20063 1 0.06
15490 2 0.45
11214 9 0.74
13621 7 0.03
3148 9 0.55
17166 8 0.87
7203 8 0.07
3720 9 0.56
12478 0 0.91
6576 4 0.72
13616 6 0.03
13120 1 0.64
14582 9 0.4
24693 1 0.41
13565 1 0.87
10620 0 0.57
24877 0 0.39
3405 7 0.74
20436 9 0.29
766 9 0.79
2074 7 0.13
17616 3 0.92
21264 2 0.85
12775 4 0.4
9517 1 0.63
13332 3 0.92
18983 1 0.27
11065 4 0.15
10552 0 0.14
4509 8 0.08
670 6 0.11
15183 8 0.24
16709 8 0.77
1307 4 0.19
11760 5 0.21
7249 4 0.08
15931 4 0.66
10352 1 0.97
15431 8 0.03
5771 3 0.14
20151 8 0.32
9415 0 0.89
20023 2 0.55
3277 6 0.42
21599 6 0.75
7380 6 0.48
19223 6 0.83
17236 7 0.54
22081 6 0.99
17987 1 0.8
14053 7 0.03
13667 8 0.94
1252 5 0.39
14816 9 0.78
23930 6 0.62
8083 6 0.33
12102 9 0.83
433 1 0.75
2841 9 0.93
12455 6 0.76
368 9 0.94
17896 3 0.85
5323 3 0.13
6662 5 0.94
13077 4 0.49
3600 4 0.51
12288 6 0.75
8735 3 0.0
2365 0 0.79
7117 9 0.84
13215 1 0.11
18002 0 0.43
446 0 0.52
23053 9 0.02
19575 0 0.37
13296 4 0.86
24383 4 0.77
16755 9 0.37
7975 0 0.49
20177 8 0.75
11726 5 0.05
24756 0 0.46
1501 1 0.03
10609 7 0.05
7988 5 0.36
103 1 0.29
2243 7 0.83
6059 8 0.35
3473 4 0.67
7415 6 0.2
6054 4 0.99
15401 5 0.3
17597 4 0.55
7503 6 0.1
19042 6 0.0
6042 9 0.89
20326 5 0.27
17392 0 0.14
10869 2 0.71
12867 0 0.57
5085 8 0.38
1777 8 0.49
4835 6 0.51
19815 8 0.22
12737 5 0.22
6403 5 0.27
3377 7 0.97
2207 7 0.87
14281 6 0.71
21890 2 0.11
4403 8 0.85
5981 4 0.1
4767 4 0.57
11909 1 0.49
6661 2 0.29
9506 4 0.06
12928 8 0.03
4425 7 0.56
18244 9 0.07
20930 6 0.69
12073 2 0.87
6273 7 0.83
14349 3 0.29
22258 3 0.08
14192 0 0.07
24738 5 0.7
10476 7 0.83
16964 5 0.22
833 6 0.29
19880 2 0.84
8256 3 0.97
7450 8 0.23
5637 0 0.97
5231 6 0.89
22133 2 0.88
15994 2 0.22
5742 7 0.24
13873 3 0.95
1618 2 0.9
18662 0 0.02
23235 6 0.06
562 6 0.24
5244 7 0.9
5430 6 0.53
17464 7 0.59
13079 9 0.23
687 7 0.13
11579 6 0.48
24611 3 0.03
14496 5 0.51
11024 4 0.51
22457 0 0.02
15338 0 0.88
3517 7 0.78
23574 8 0.34
24604 3 0.13
20458 3 0.47
2317 4 0.12
1227 6 0.94
10439 5 0.23
19170 6 0.1
17298 1 0.2
9659 0 0.33
12900 7 0.64
5395 8 0.06
12280 7 0.75
23119 3 0.96
14884 5 0.13
22193 0 0.36
6120 2 0.46
19813 2 0.1
13650 0 0.95
17966 4 0.3
4956 2 0.19
18785 6 0.98
23463 5 0.59
2570 9 0.72
370 0 0.41
18377 4 0.76
15178 4 0.51
17701 5 0.63
20127 9 0.35
4304 4 0.83
12869 5 0.1
9775 7 0.38
19455 9 0.61
15117 7 0.62
13665 1 0.49
24811 2 0.9
3569 7 0.96
617 1 0.07
10883 1 0.12
5556 9 0.13
19857 1 0.91
16851 2 0.02
10745 6 0.16
22607 9 0.11
17250 8 0.85
810 3 0.57
18609 6 0.8
16578 5 0.27
362 7 0.27
3122 7 0.89
1886 6 0.72
5669 7 0.7
22718 8 0.82
14592 2 0.16
13006 9 0.16
10242 4 0.06
15734 3 0.06
13799 5 0.66
456 9 0.88
20454 2 0.15
8807 7 0.3
7546 2 0.27
5063 8 0.76
15502 3 0.68
10212 9 0.65
10735 7 0.54
16723 1 0.08
5084 3 0.97
9700 5 0.11
20961 3 0.74
12122 5 0.2
2235 7 0.36
22508 5 0.35
20801 6 0.94
12687 2 0.52
2969 2 0.61
8691 2 0.96
12804 8 0.8
19749 0 0.93
5179 3 0.72
1329 4 0.84
22186 8 0.69
20281 5 0.46
13474 2 0.09
13269 8 0.99
14775 7 0.93
8984 5 0.83
20309 9 0.7
19048 0 0.81
1837 7 0.46
16062 3 0.47
5473 4 0.71
15651 9 0.91
20801 8 0.67
2320 5 0.7
8749 8 0.02
15285 9 0.81
14181 9 0.52
10714 7 0.55
13408 4 0.49
19148 0 0.46
17176 2 0.88
1780 2 0.18
13537 6 0.19
7952 3 0.86
6597 1 0.98
12246 2 0.9
18943 2 0.2
24547 5 0.08
3723 4 0.66
5993 9 0.62
8595 9 0.29
22142 6 0.67
5622 4 0.21
15049 6 0.32
5444 2 0.35
20906 5 0.61
631 8 0.95
2274 5 0.24
1964 1 0.82
20074 8 0.29
11563 2 0.96
5452 6 0.75
1154 4 0.99
7023 2 0.55
4206 8 0.44
19689 4 0.35
12556 9 0.6
8453 7 0.13
19527 1 0.32
19035 3 0.22
18102 7 0.16
19523 4 0.9
24610 9 0.59
5792 8 0.72
4778 8 0.73
12789 9 0.12
12887 4 0.59
12317 9 0.33
20329 5 0.66
17461 5 0.19
16632 3 0.96
20816 9 0.47
10081 1 0.24
16777 4 0.32
11142 6 0.78
11287 5 0.6
22535 2 0.43
16383 2 0.48
23877 3 0.04
5424 2 0.24
12133 1 0.59
3350 8 0.05
3680 6 0.65
10341 7 0.16
9943 6 0.24
21467 2 0.19
1769 4 0.85
9342 3 0.32
4386 5 0.87
4810 8 0.35
323 5 0.31
9495 4 0.72
18412 3 0.69
24668 7 0.07
7112 5 0.37
19526 2 0.76
9062 5 0.93
5349 8 0.27
11291 8 0.2
9723 5 0.51
23790 3 0.69
10040 0 0.51
12689 4 0.93
540 7 0.33
7219 2 1.0
21665 9 0.72
17724 3 0.96
6330 2 0.9
6113 0 0.2
10358 2 0.87
2763 9 0.26
21938 5 0.96
14327 1 0.76
15255 3 0.56
11219 0 0.13
860 3 0.97
7873 6 0.11
4767 2 0.4
10517 7 0.66
21160 8 0.92
1446 1 0.37
16643 4 0.45
6769 9 0.59
22491 2 0.85
3027 6 0.75
12222 6 0.37
2957 8 0.3
3834 3 0.98
24877 8 0.04
4671 4 0.9
7771 3 0.52
17505 3 0.61
4728 4 0.5
8015 6 0.88
6762 8 0.95
12538 2 0.86
9898 2 0.29
1261 1 0.04
17023 2 0.75
11252 6 0.56
2519 7 0.82
15976 2 0.17
2560 9 0.91
6209 7 0.03
15053 7 0.58
17898 4 0.57
14690 1 0.52
22933 5 0.81
5120 2 0.64
20539 6 0.82
17510 8 0.45
4186 2 0.52
11830 6 0.12
6573 8 0.99
11243 8 0.13
13977 3 0.38
20900 1 0.12
332 0 0.73
7471 0 0.73
6740 0 0.64
9066 8 0.56
18092 2 0.85
1151 8 0.31
8190 0 0.43
11992 9 0.72
21179 0 0.59
23376 4 0.26
23427 0 0.2
785 0 0.64
14490 8 0.61
10209 1 0.88
13441 7 0.88
23657 3 0.39
17838 3 0.02
4117 7 0.38
21438 2 0.65
1503 5 0.3
10119 2 0.71
22894 0 0.66
11725 4 0.88
24325 9 0.18
24850 7 0.16
14218 6 0.72
18288 6 0.05
15318 6 0.86
24486 2 0.71
6779 0 0.58
22995 6 0.98
9211 5 0.42
13576 4 0.02
24191 9 0.74
4587 3 0.02
4858 3 0.17
16963 6 0.61
887 4 0.69
16727 9 0.46
24850 7 0.45
20865 7 0.83
23068 0 0.29
23598 5 0.73
16953 4 0.9
10745 9 0.07
20362 7 0.79
12108 4 0.75
11129 5 0.12
3339 3 0.74
17925 4 0.57
14470 5 0.55
23887 3 0.17
14662 5 0.43
9759 2 0.15
18822 1 0.67
10995 5 0.89
7468 3 0.96
18504 1 0.9
6640 0 0.18
14130 9 0.39
24118 8 0.01
458 8 0.19
14586 7 0.99
14291 4 0.42
20209 3 0.55
1260 3 0.21
9357 7 0.23
9970 1 0.39
19101 7 0.55
10858 9 0.71
13975 1 0.92
22269 6 0.02
15795 4 0.72
16992 3 0.54
16757 5 0.05
22796 1 0.63
21223 0 0.44
17120 2 0.07
6865 3 0.61
16293 9 0.46
4029 7 0.12
2257 7 0.74
13821 1 0.4
792 9 0.05
3601 7 0.72
24435 5 0.3
8507 9 0.84
967 5 0.25
18622 7 0.92
5354 2 0.41
13761 4 0.55
18695 1 0.41
12612 6 0.13
16723 9 0.27
3334 8 0.35
14047 4 0.12
4640 2 0.29
20584 8 0.18
5995 7 0.82
2108 7 0.64
24652 7 0.23
8776 6 0.79
20629 9 0.27
21859 2 0.99
4949 5 0.03
13414 2 0.15
2030 1 0.84
3893 4 0.18
15664 7 0.41
10472 3 0.1
11733 1 0.81
566 2 0.16
4814 0 0.45
18234 4 0.31
14859 3 0.51
17266 1 0.33
929 3 0.32
7825 7 0.73
3136 6 0.38
20275 7 0.03
5188 8 0.19
15630 4 0.52
5646 2 0.15
15505 0 0.83
17585 8 0.94
20779 5 0.89
12911 0 0.19
16533 9 0.64
16567 7 0.45
1392 1 0.6
20110 7 0.86
16234 8 0.68
22810 2 0.13
1894 1 0.79
7029 9 0.06
24401 4 0.7
8890 3 0.82
13100 6 0.87
17026 9 0.32
20728 9 0.16
18517 0 0.71
19052 8 0.3
13958 8 0.37
4175 8 0.81
5288 5 0.12
24283 0 0.39
7486 3 0.7
375 0 0.89
8796 9 0.27
22244 7 0.48
9669 8 0.12
11332 0 0.92
13205 4 0.47
6135 8 0.37
4041 5 0.78
11675 8 0.02
15600 0 0.86
7533 9 0.26
1040 3 0.92
4111 9 0.15
20914 2 0.82
12666 5 0.16
11502 0 0.51
5299 1 0.32
17110 5 0.31
22457 4 0.1
5688 7 0.4
20948 1 0.72
6210 5 0.81
19605 5 0.97
13508 7 0.66
14808 9 0.99
14704 6 0.4
24442 7 0.46
11583 3 0.32
873 8 0.7
9929 3 0.22
24455 6 0.61
8879 9 0.12
10289 0 0.2
23511 0 0.06
8812 9 0.53
8798 2 0.81
10769 7 0.27
16268 3 0.29
280 7 0.48
2246 1 0.01
2496 3 0.23
10716 2 0.8
18902 5 0.61
10145 6 0.81
6869 1 0.97
517 0 0.87
17165 3 0.87
14271 0 0.44
4712 5 0.48
16674 9 0.15
22673 5 0.19
8066 3 0.48
22843 1 0.6
23982 6 0.91
14654 6 0.88
1123 8 0.78
14793 6 0.5
19757 6 0.77
18381 7 0.49
23288 9 0.57
4224 2 0.48
13342 7 0.56
6724 0 0.94
3264 7 0.62
24519 1 0.84
11750 7 0.84
5480 5 0.28
2810 7 0.64
16587 4 0.89
11678 6 0.13
14169 1 0.19
22433 3 0.5
7959 3 0.32
13 8 0.82
17740 2 0.68
187 1 0.29
5949 9 0.79
3443 4 0.79
3400 0 0.7
10842 2 0.11
23859 2 0.84
10238 4 0.63
21203 0 0.97
20783 1 0.15
10276 8 0.61
17326 4 0.32
1012 6 0.44
11165 8 0.88
17857 4 0.77
7662 3 0.19
12892 4 0.07
11558 1 0.55
8591 9 0.72
8514 0 0.56
8227 7 0.14
19176 2 0.21
21399 3 0.29
18471 0 0.94
16766 4 0.31
13882 8 0.04
13322 8 0.7
2032 7 0.33
13340 6 0.92
3279 0 0.24
24969 7 0.7
22547 0 0.69
6538 0 0.41
11551 6 0.09
11121 6 0.15
1994 8 0.19
12028 1 0.73
8170 3 0.08
15468 4 0.28
15954 5 0.43
9234 2 0.06
24643 9 0.81
11574 7 0.23
11012 9 0.39
12123 2 0.78
14900 4 0.34
11845 0 0.45
14468 0 0.09
17811 7 0.16
8012 3 0.68
570 6 0.95
10323 0 1.0
8839 2 0.05
12969 1 0.63
2214 1 0.09
12124 4 0.05
22490 8 0.39
4716 0 0.86
7125 6 0.46
4776 1 0.02
11372 5 0.05
11878 6 0.27
11551 9 0.6
18605 4 0.03
5353 7 0.97
10821 5 0.36
1688 8 0.9
20760 4 0.04
15873 3 0.2
4823 1 0.64
2671 5 0.76
12909 9 0.54
21498 9 0.63
17864 7 0.07
1691 6 0.41
8860 7 0.44
19855 9 0.96
10551 7 0.31
14753 6 0.25
23531 0 0.43
7398 6 0.3
12659 1 0.25
22873 8 0.55
9702 5 0.38
2066 6 0.62
4412 5 0.12
18357 1 0.53
19148 8 0.08
21887 2 0.92
10859 4 0.46
12397 3 0.46
7992 2 0.12
13617 2 0.77
2002 7 0.4
4336 9 0.14
13768 1 0.85
7072 4 0.2
21126 7 0.11
3574 2 0.76
13814 8 0.46
2244 3 0.85
12499 5 0.19
8484 2 0.09
4146 2 0.13
16578 7 0.38
345 1 0.18
6761 4 0.0
16626 4 0.38
10428 0 0.29
5474 2 0.39
233 8 0.36
20856 1 0.89
12179 3 0.18
17046 5 0.25
13904 9 0.86
8297 0 0.32
4079 6 0.15
6982 0 0.13
1254 2 0.06
9308 4 0.42
10871 9 0.65
233 7 0.07
22766 8 0.09
5341 5 0.73
7670 0 0.71
2684 1 0.04
2323 5 0.15
18115 1 0.98
23654 7 0.76
22737 6 0.72
19755 1 0.02
18458 5 0.55
4251 4 0.18
14804 5 0.06
20823 6 0.38
9872 6 0.52
3343 2 0.16
14327 1 0.42
23881 1 0.62
18700 7 0.4
8881 6 0.21
8376 4 0.56
10137 7 0.82
11798 5 0.71
9864 8 0.36
6197 1 0.44
23491 1 0.05
15750 1 0.72
8427 7 0.52
19155 0 0.75
922 0 0.47
6168 5 0.84
1819 6 0.93
5035 6 0.14
12109 7 0.36
4532 8 0.41
24513 2 0.52
2708 5 0.26
9483 3 0.85
1991 1 0.38
5712 6 0.15
24868 3 0.72
14762 8 0.34
1088 0 0.5
24143 1 0.19
1293 8 0.35
9532 5 0.3
8759 4 0.08
6599 1 0.95
20300 2 0.19
699 0 0.02
18119 8 0.81
21390 7 0.54
7044 3 0.67
20880 1 0.19
3777 1 0.86
8888 5 0.56
22640 1 0.21
7213 8 0.48
13592 5 0.4
18246 2 0.83
4916 1 0.16
9726 8 0.34
6172 7 0.39
870 4 0.58
22966 0 0.67
18892 6 0.72
4957 7 0.81
20072 8 0.76
4187 0 0.66
24497 0 0.65
14632 4 0.41
18847 9 0.82
441 3 0.64
17376 5 0.57
460 2 0.77
4876 6 0.8
10428 0 0.18
18345 0 0.17
19041 5 0.39
6228 6 0.08
22323 9 0.71
13485 0 0.39
5260 6 0.99
17257 9 0.54
11479 1 0.55
21938 6 0.83
18677 1 0.64
2824 0 0.36
460 5 0.64
2309 6 0.37
19090 8 0.37
24043 5 0.42
2633 6 0.98
9532 9 0.27
12612 4 0.6
14198 6 0.38
14274 5 0.07
9765 1 0.03
9281 5 0.83
9679 4 0.02
10931 3 0.23
3734 9 0.26
3899 4 0.74
14722 1 0.26
18596 4 0.19
17040 3 0.33
16566 3 0.29
20212 4 0.44
12507 2 0.62
14031 2 0.04
14298 7 0.48
2302 3 0.48
2388 4 0.94
21034 8 0.19
9966 3 0.4
7 3 0.78
11116 9 0.73
16742 0 0.19
21424 9 0.44
12326 7 0.92
1034 2 0.71
7663 5 0.55
19190 4 0.15
17526 1 0.7
14861 1 0.61
2412 5 0.09
13488 8 0.87
24805 9 0.47
1855 6 0.69
10856 3 0.5
16496 6 0.69
12562 9 0.34
22173 1 0.4
21333 6 0.13
9033 9 0.29
3743 0 0.78
10755 7 0.24
8174 5 0.62
17016 3 0.16
7848 8 0.72
20831 1 0.37
21345 3 0.81
18100 3 0.11
5278 6 0.25
672 5 0.39
19831 8 0.6
1372 9 0.46
7452 3 0.82
15039 1 0.12
24405 3 0.31
3949 7 0.89
18434 9 0.6
22847 6 0.17
12082 6 0.1
8804 6 0.77
4176 4 0.3
12416 0 0.84
3742 7 0.96
14128 5 0.83
3928 6 0.42
24071 6 0.42
17948 0 0.6
7407 8 0.53
10705 5 0.77
24093 5 0.17
8942 6 0.91
14694 4 0.94
12718 1 0.35
3589 7 0.61
21631 0 0.75
17983 7 0.79
22134 8 0.62
9682 0 0.36
18602 3 0.9
8237 5 0.99
20563 0 0.36
1523 1 0.18
3309 7 0.76
12975 6 0.21
6056 6 0.94
7073 7 0.16
9979 3 0.38
4504 2 0.03
21175 3 0.87
16723 3 0.33
17625 3 0.06
23494 2 0.71
3822 9 0.95
12581 8 0.55
9408 4 0.36
13146 7 0.4
1007 6 0.89
19572 1 0.41
17222 0 0.71
8235 4 0.08
24115 3 0.29
22167 6 0.88
12426 6 0.81
5968 8 0.96
18087 5 0.96
10626 1 0.87
15331 3 0.97
15191 6 0.62
17799 0 0.36
1750 3 0.19
23373 0 0.5
20360 7 0.66
10009 7 0.22
20770 8 0.42
19522 8 0.94
9134 4 0.02
20459 7 0.38
11541 9 0.28
17836 8 0.12
23656 4 0.73
1233 3 0.25
4903 5 0.28
17132 6 0.51
4280 5 0.42
20684 9 0.75
3906 0 0.55
8223 1 0.93
13334 3 0.08
8915 6 0.57
19377 9 0.03
23178 6 0.05
5683 5 0.07
455 1 0.4
8674 0 0.81
23056 5 0.35
7938 6 0.11
21835 6 0.09
22009 3 0.77
15936 3 0.16
16658 1 0.08
2240 3 0.86
3500 6 0.83
22921 9 0.83
21453 2 0.97
11945 0 0.02
2081 1 0.06
7798 3 0.86
8598 5 0.05
12587 7 0.69
11375 8 0.25
3318 9 0.48
12602 0 0.56
23214 1 0.42
20368 9 0.12
24570 6 0.37
5989 1 0.71
2743 1 0.88
10242 4 0.12
964 3 0.61
823 8 0.76
20287 1 0.15
22871 3 0.15
17964 5 0.73
20447 2 0.93
15414 5 0.38
11655 7 0.42
17752 9 0.75
5092 5 0.62
13478 7 0.76
7682 2 0.52
24896 0 0.1
17680 8 0.98
14890 3 0.32
7887 1 0.95
10139 8 0.17
14137 0 0.38
6620 4 0.29
17359 6 0.26
15174 2 0.18
11741 0 0.21
19907 3 0.55
20525 0 0.77
626 7 0.65
23004 9 0.15
13912 0 0.08
55 1 0.53
10987 3 0.52
8144 0 0.78
6680 9 0.82
16992 2 0.77
15614 7 0.5
3936 9 0.36
9709 5 0.03
11817 8 0.41
13088 9 0.72
86 3 0.24
2627 6 0.61
6078 5 0.51
20416 1 0.11
17855 3 0.66
21882 3 0.75
10920 4 0.1
16375 1 0.36
9992 7 0.53
23992 6 0.31
11139 9 0.35
17701 2 0.26
3218 1 0.68
713 7 0.79
20655 7 0.8
19682 9 0.3
16492 4 0.71
20328 4 1.0
14692 5 0.9
7709 5 0.84
4841 0 0.68
6402 7 0.4
179 5 0.41
9326 3 0.32
8000 7 0.9
19091 6 0.94
6192 0 0.26
10175 1 0.81
14784 2 0.29
21474 7 0.97
12478 8 0.65
15455 5 0.56
9431 9 0.57
3892 0 0.75
14881 5 0.91
24767 6 0.79
22195 1 0.79
10680 3 0.06
20885 0 0.54
10416 4 0.3
5917 6 0.31
13573 1 0.54
18058 0 0.93
19827 9 0.37
19394 0 0.87
8466 2 0.85
5613 1 0.39
19028 0 0.86
660 0 0.45
6870 0 0.49
14683 8 0.98
5963 2 0.89
24848 1 0.69
23654 9 0.45
4246 1 0.79
24972 8 0.64
7501 5 0.15
9120 0 0.25
6468 1 0.2
5719 0 0.39
16145 1 0.67
13992 3 0.33
19631 0 0.17
7696 9 0.6
14312 6 0.94
6755 2 0.15
14688 4 0.23
2132 2 0.95
6247 3 0.41
11798 3 0.67
4155 3 0.29
5849 3 0.48
9370 5 0.8
7575 3 0.21
5109 7 0.93
21102 7 0.31
11680 9 0.43
16427 8 0.2
17345 3 0.84
10716 5 0.31
20482 2 0.85
