158 4 0.38
262 4 0.66
450 4 0.8
394 7 0.47
74 6 0.14
415 0 0.98
62 8 0.56
77 1 0.59
134 7 0.39
36 4 0.58
357 6 0.07
383 0 0.24
86 4 0.36
295 4 0.59
85 0 1.0
383 9 0.23
41 1 0.03
6 6 0.16
371 7 0.47
180 4 0.88
237 9 0.06
112 6 0.58
219 1 0.38
480 7 0.1
300 5 0.51
407 4 0.92
4 5 0.05
475 9 0.03
411 1 0.85
413 7 0.62
104 5 0.63
324 2 0.5
194 4 0.51
30 7 0.54
144 2 0.01
361 6 0.68
169 1 0.12
191 8 0.88
182 1 0.39
269 3 0.51
283 3 0.95
209 5 0.5
165 9 0.65
190 2 0.4
69 7 0.41
236 4 0.39
300 0 0.08
271 5 0.2
484 3 0.78
219 4 0.04
491 5 0.03
225 7 0.68
31 7 0.9
111 0 0.43
496 2 0.3
4 9 0.32
105 8 0.29
116 9 0.29
51 9 0.79
335 0 0.45
204 9 0.63
442 8 0.27
87 2 0.74
87 7 0.02
406 4 0.18
229 7 0.51
427 6 0.01
215 6 0.33
276 8 0.3
88 6 0.43
313 6 0.37
0 0 0.28
495 5 0.61
185 3 0.15
158 5 0.63
15 5 0.79
444 9 0.33
499 3 0.96
280 9 0.62
189 6 0.71
8 9 0.89
400 6 0.2
179 9 0.71
127 0 0.53
100 6 0.49
56 1 0.55
404 3 0.11
336 3 0.65
477 9 0.88
385 5 0.12
489 3 0.25
356 1 0.68
451 2 0.65
358 7 0.61
155 5 0.48
425 0 0.84
23 9 0.28
364 9 0.67
63 6 0.6
6 4 0.57
180 6 1.0
69 1 0.55
319 2 0.19
65 1 0.61
273 9 0.96
147 5 0.64
72 2 0.53
325 6 0.74
422 3 0.93
180 2 0.58
403 5 0.57
367 6 0.94
31 3 0.82
319 0 0.15
477 5 0.19
277 9 0.83
