2 0 0.04
6 0 0.54
14 0 0.76
35 0 0.41
37 0 0.35
80 0 0.94
82 0 0.85
92 0 0.71
125 0 0.83
131 0 0.61
147 0 0.28
154 0 0.33
154 1 0.53
156 0 0.67
168 0 0.21
169 0 0.09
169 1 0.27
173 0 0.03
177 0 0.64
179 0 0.68
209 0 0.07
225 0 0.78
232 0 0.56
250 0 0.9
253 0 0.21
253 1 0.09
254 0 0.33
260 0 0.07
269 0 0.36
271 0 0.88
278 0 0.11
303 0 0.87
314 0 0.74
318 0 0.42
318 1 0.35
322 0 0.27
322 1 0.2
326 0 0.07
333 0 0.85
342 0 0.06
343 0 0.34
348 0 0.79
349 0 0.07
351 0 0.93
359 0 0.29
360 0 0.72
361 0 0.8
375 0 0.44
376 0 0.58
379 0 0.11
380 0 0.31
385 0 0.25
396 0 0.15
401 0 0.82
409 0 0.42
413 0 0.43
425 0 0.19
425 1 0.63
428 0 0.11
433 0 0.24
445 0 0.27
453 0 0.6
476 0 0.89
478 0 0.37
490 0 0.62
495 0 0.12
496 0 0.37
514 0 0.72
518 0 0.0
543 0 0.1
558 0 0.23
565 0 0.13
579 0 0.58
582 0 0.66
590 0 0.62
600 0 0.9
613 0 0.06
615 0 0.65
617 0 0.59
627 0 0.72
631 0 0.7
632 0 0.28
637 0 0.54
640 0 0.83
647 0 0.16
648 0 0.71
660 0 0.55
663 0 0.2
675 0 0.91
686 0 0.16
693 0 0.73
697 0 0.47
702 0 0.63
704 0 0.71
706 0 0.36
713 0 0.96
734 0 0.1
736 0 0.73
740 0 0.48
744 0 0.43
762 0 0.7
762 1 0.43
763 0 0.16
763 1 0.64
769 0 0.51
771 0 0.98
774 0 0.78
796 0 0.18
818 0 0.9
824 0 0.09
841 0 0.45
854 0 0.95
854 1 0.29
854 2 0.02
867 0 0.78
867 1 0.03
870 0 0.38
872 0 0.47
878 0 0.44
885 0 0.63
886 0 0.13
891 0 0.83
899 0 0.69
904 0 0.15
928 0 0.2
930 0 0.48
936 0 0.58
942 0 0.26
942 1 0.05
947 0 0.25
949 0 0.9
950 0 0.42
961 0 0.57
985 0 0.02
990 0 0.23
1010 0 0.07
1013 0 0.27
1015 0 0.64
1016 0 0.21
1066 0 0.26
1071 0 0.41
1072 0 0.55
1073 0 0.87
1086 0 0.77
1086 1 0.11
1108 0 0.57
1109 0 0.97
1125 0 0.47
1126 0 0.81
1132 0 0.17
1133 0 0.24
1134 0 0.33
1152 0 0.39
1156 0 0.11
1178 0 0.6
1178 1 0.8
1185 0 0.1
1205 0 0.38
1237 0 0.26
1237 1 0.41
1247 0 0.91
1267 0 0.12
1269 0 0.1
1278 0 0.61
1285 0 0.92
1285 1 0.68
1299 0 0.51
1324 0 0.77
1327 0 0.92
1334 0 0.91
1339 0 0.01
1345 0 0.81
1368 0 0.97
1375 0 0.25
1379 0 0.85
1386 0 0.86
1386 1 0.45
1394 0 0.51
1400 0 0.69
1400 1 0.21
1401 0 0.49
1406 0 0.51
1413 0 0.86
1418 0 0.73
1421 0 0.08
1421 1 0.27
1430 0 0.04
1438 0 0.08
1440 0 0.59
1448 0 0.97
1461 0 0.65
1464 0 0.07
1465 0 0.83
1477 0 0.05
1477 1 0.9
1478 0 0.97
1481 0 0.22
1489 0 0.91
1495 0 0.43
1498 0 0.43
1498 1 0.26
1498 2 0.98
1499 0 0.93
1519 0 0.25
1524 0 0.4
1528 0 0.4
1529 0 0.86
1531 0 0.83
1551 0 0.93
1555 0 0.22
1556 0 0.65
1558 0 0.09
1564 0 0.26
1575 0 0.13
1580 0 0.11
1581 0 0.87
1590 0 0.9
1609 0 0.37
1616 0 0.69
1627 0 0.67
1627 1 0.44
1637 0 0.61
1643 0 0.18
1645 0 0.37
1656 0 0.74
1680 0 0.85
1688 0 0.65
1717 0 0.22
1725 0 0.02
1741 0 0.12
1747 0 0.76
1752 0 0.13
1760 0 0.3
1785 0 0.75
1790 0 0.71
1790 1 0.94
1810 0 0.81
1820 0 0.97
1871 0 0.79
1871 1 0.07
1877 0 0.8
1909 0 0.93
1911 0 0.4
1928 0 1.0
1930 0 0.55
1950 0 0.64
1958 0 0.96
1958 1 0.87
1963 0 0.58
1968 0 0.36
1972 0 0.67
1978 0 0.68
1978 1 0.37
1979 0 0.46
1993 0 0.67
1997 0 0.32
2032 0 0.2
2042 0 0.77
2052 0 0.83
2057 0 0.97
2062 0 0.54
2066 0 0.44
2073 0 0.52
2077 0 0.99
2080 0 0.3
2088 0 0.91
2089 0 0.6
2096 0 0.0
2106 0 0.33
2117 0 0.85
2117 1 0.79
2147 0 0.83
2147 1 0.44
2157 0 0.87
2159 0 0.05
2159 1 0.25
2174 0 0.36
2178 0 0.08
2182 0 0.31
2193 0 0.28
2193 1 0.03
2204 0 0.82
2205 0 0.91
2214 0 0.25
2219 0 0.19
2225 0 0.57
2225 1 0.88
2225 2 0.33
2225 3 0.55
2227 0 0.92
2236 0 0.78
2240 0 0.53
2252 0 0.9
2264 0 0.21
2278 0 0.18
2286 0 0.33
2290 0 0.73
2290 1 0.6
2316 0 0.48
2332 0 0.54
2339 0 0.89
2347 0 0.55
2347 1 0.48
2382 0 0.45
2400 0 0.1
2401 0 0.25
2403 0 0.83
2404 0 0.64
2419 0 0.12
2427 0 0.37
2427 1 0.41
2429 0 0.75
2458 0 0.1
2462 0 0.53
2470 0 0.59
2470 1 0.84
2487 0 0.05
2514 0 0.01
2519 0 0.41
2521 0 0.72
2525 0 0.37
2540 0 0.47
2545 0 0.18
2548 0 0.63
2550 0 0.59
2563 0 0.17
2573 0 0.47
2586 0 0.6
2586 1 0.1
2598 0 0.72
2600 0 0.75
2603 0 0.05
2605 0 0.16
2609 0 0.54
2627 0 0.3
2630 0 0.46
2635 0 0.43
2640 0 0.3
2642 0 0.43
2650 0 0.81
2652 0 0.54
2659 0 0.53
2671 0 0.45
2681 0 0.81
2692 0 0.24
2695 0 0.4
2704 0 0.26
2704 1 0.93
2706 0 0.93
2710 0 0.97
2713 0 0.32
2714 0 0.43
2721 0 0.81
2721 1 0.1
2727 0 0.67
2731 0 0.68
2748 0 0.16
2781 0 0.91
2794 0 0.87
2810 0 0.7
2820 0 0.65
2837 0 0.96
2838 0 0.2
2840 0 0.04
2843 0 0.41
2847 0 0.65
2849 0 0.19
2857 0 0.2
2858 0 0.5
2859 0 0.14
2874 0 0.19
2881 0 0.92
2881 1 0.0
2889 0 0.68
2894 0 0.3
2924 0 0.61
2926 0 0.01
2934 0 0.72
2935 0 0.55
2935 1 0.66
2938 0 0.1
2939 0 0.48
2940 0 0.35
2940 1 0.16
2978 0 0.76
2986 0 0.74
2990 0 0.1
3013 0 0.94
3018 0 0.14
3029 0 0.76
3050 0 0.13
3070 0 0.71
3077 0 0.49
3105 0 0.54
3109 0 0.41
3118 0 0.13
3121 0 0.56
3130 0 0.8
3132 0 0.46
3152 0 0.09
3161 0 0.53
3174 0 0.66
3178 0 0.97
3199 0 0.01
3212 0 0.33
3213 0 0.87
3227 0 0.82
3253 0 0.95
3260 0 0.6
3267 0 0.28
3275 0 0.36
3277 0 0.59
3278 0 0.38
3286 0 0.79
3300 0 0.57
3301 0 0.96
3304 0 0.15
3304 1 0.28
3316 0 0.38
3325 0 0.54
3344 0 0.84
3348 0 0.79
3352 0 0.31
3360 0 0.64
3360 1 0.87
3360 2 0.15
3367 0 0.67
3379 0 0.71
3391 0 0.94
3406 0 0.88
3416 0 0.73
3419 0 0.86
3448 0 0.68
3449 0 0.31
3459 0 0.76
3466 0 0.16
3468 0 0.88
3469 0 0.54
3472 0 0.24
3492 0 0.58
3501 0 0.39
3505 0 0.53
3508 0 0.84
3519 0 0.64
3531 0 0.66
3541 0 0.4
3545 0 0.59
3558 0 0.36
3568 0 0.55
3573 0 0.89
3604 0 0.78
3617 0 0.59
3635 0 0.89
3642 0 0.45
3653 0 0.14
3663 0 0.24
3671 0 0.13
3673 0 0.52
3674 0 0.63
3683 0 0.45
3684 0 0.15
3718 0 0.45
3723 0 0.4
3724 0 0.08
3747 0 0.22
3747 1 0.74
3753 0 0.01
3758 0 0.28
3765 0 0.81
3770 0 0.32
3795 0 0.31
3796 0 0.79
3807 0 0.0
3816 0 0.88
3830 0 0.69
3833 0 0.59
3844 0 0.73
3864 0 0.67
3888 0 0.2
3894 0 0.94
3898 0 0.27
3916 0 0.75
3924 0 0.87
3926 0 0.19
3926 1 0.55
3935 0 0.14
3947 0 0.62
3954 0 0.78
3956 0 0.0
3961 0 0.87
3969 0 0.49
3976 0 0.91
3999 0 0.58
4023 0 0.65
4026 0 0.44
4028 0 0.48
4030 0 0.62
4039 0 0.68
4043 0 0.98
4050 0 0.88
4056 0 0.28
4095 0 0.95
4098 0 0.36
4100 0 0.05
4106 0 0.01
4108 0 0.65
4114 0 0.96
4117 0 0.11
4126 0 0.43
4133 0 0.91
4134 0 0.14
4138 0 0.79
4143 0 0.7
4143 1 0.45
4154 0 0.25
4158 0 0.94
4165 0 0.24
4165 1 0.9
4165 2 0.49
4168 0 0.52
4173 0 0.22
4177 0 0.47
4220 0 0.46
4236 0 0.99
4251 0 0.65
4265 0 0.04
4280 0 0.11
4283 0 0.9
4287 0 0.3
4291 0 0.02
4306 0 0.9
4315 0 0.12
4332 0 0.17
4348 0 0.52
4371 0 0.74
4371 1 0.34
4375 0 0.8
4380 0 0.82
4385 0 0.72
4394 0 0.42
4407 0 0.67
4437 0 0.6
4460 0 0.97
4471 0 0.04
4514 0 0.12
4517 0 0.2
4518 0 0.31
4534 0 0.07
4551 0 0.04
4568 0 0.94
4576 0 0.7
4603 0 0.81
4604 0 0.07
4623 0 0.67
4629 0 0.76
4631 0 0.13
4633 0 0.91
4641 0 0.11
4642 0 0.22
4646 0 0.93
4649 0 0.24
4654 0 0.06
4654 1 0.98
4659 0 0.7
4660 0 0.78
4660 1 0.56
4676 0 0.22
4691 0 0.29
4702 0 0.65
4702 1 0.96
4708 0 0.28
4708 1 0.47
4729 0 0.19
4739 0 0.73
4746 0 0.03
4751 0 0.48
4754 0 0.53
4776 0 0.6
4777 0 0.69
4778 0 0.67
4781 0 0.35
4786 0 0.48
4834 0 0.53
4839 0 0.32
4842 0 0.24
4855 0 0.69
4894 0 0.76
4945 0 0.08
4950 0 0.2
4950 1 0.62
4958 0 0.81
4961 0 0.71
4968 0 0.63
4974 0 0.31
4980 0 0.18
4993 0 0.83
4998 0 0.2
