6 0 0.63
7 0 0.46
12 0 0.5
14 0 0.73
24 0 0.06
34 0 0.05
37 0 0.22
37 1 1.0
48 0 0.24
57 0 0.56
61 0 0.65
94 0 0.79
116 0 0.77
116 1 0.59
124 0 0.85
133 0 0.83
149 0 0.84
157 0 0.44
165 0 0.48
192 0 0.22
199 0 0.65
230 0 0.03
253 0 0.54
256 0 0.49
256 1 0.14
266 0 0.9
294 0 0.79
316 0 0.37
328 0 0.58
333 0 0.96
334 0 0.72
337 0 0.85
346 0 0.59
347 0 0.13
375 0 0.94
378 0 0.52
384 0 0.51
391 0 0.93
413 0 0.94
415 0 0.13
433 0 0.93
436 0 0.58
437 0 0.38
440 0 0.87
451 0 0.97
453 0 0.82
456 0 0.65
465 0 0.69
477 0 0.62
508 0 0.52
516 0 0.17
539 0 0.13
542 0 0.06
551 0 0.16
587 0 0.15
604 0 0.94
613 0 0.29
617 0 0.44
639 0 0.33
648 0 0.86
688 0 0.45
691 0 0.41
724 0 0.97
724 1 0.69
731 0 0.25
734 0 0.53
746 0 0.65
752 0 0.94
758 0 0.72
770 0 0.89
772 0 0.81
776 0 0.67
780 0 0.85
785 0 0.85
798 0 0.58
811 0 0.78
835 0 0.37
835 1 0.09
837 0 0.48
845 0 0.21
866 0 0.64
866 1 0.3
870 0 0.06
879 0 0.61
882 0 0.49
887 0 0.97
887 1 0.04
887 2 0.76
896 0 0.67
913 0 0.61
920 0 0.28
923 0 0.04
931 0 0.8
932 0 0.6
938 0 0.93
947 0 0.76
971 0 0.13
973 0 0.3
980 0 0.76
990 0 0.36
991 0 0.53
1024 0 0.81
1030 0 0.02
1038 0 0.01
1044 0 0.89
1054 0 0.31
1054 1 0.01
1061 0 0.24
1083 0 0.98
1084 0 0.16
1084 1 0.45
1112 0 0.36
1151 0 0.53
1163 0 0.44
1177 0 0.57
1180 0 0.5
1184 0 0.74
1191 0 0.93
1194 0 0.35
1194 1 0.75
1194 2 0.31
1194 3 0.02
1194 4 0.67
1203 0 0.15
1205 0 0.43
1227 0 0.65
1237 0 0.61
1249 0 0.41
1259 0 0.21
1280 0 0.48
1281 0 0.68
1290 0 0.41
1294 0 0.47
1297 0 1.0
1317 0 0.82
1319 0 0.37
1331 0 0.57
1341 0 0.54
1355 0 0.14
1362 0 0.89
1363 0 0.87
1395 0 0.09
1398 0 0.74
1416 0 0.56
1431 0 0.25
1431 1 0.49
1434 0 0.85
1436 0 0.26
1453 0 0.46
1486 0 0.77
1486 1 0.11
1488 0 0.54
1497 0 0.89
1499 0 0.4
1524 0 0.84
1525 0 0.28
1533 0 0.45
1533 1 0.5
1533 2 0.98
1536 0 0.47
1548 0 0.97
1557 0 0.97
1559 0 0.08
1588 0 0.58
1625 0 0.92
1645 0 0.72
1646 0 0.45
1652 0 0.09
1658 0 0.52
1661 0 0.58
1679 0 0.26
1682 0 0.1
1683 0 0.74
1685 0 0.78
1696 0 0.78
1700 0 0.29
1711 0 0.86
1719 0 0.38
1724 0 0.65
1732 0 0.1
1735 0 0.7
1739 0 0.11
1741 0 0.92
1742 0 0.36
1742 1 0.39
1758 0 0.96
1771 0 0.62
1772 0 0.36
1773 0 0.98
1782 0 0.8
1793 0 0.04
1794 0 0.38
1795 0 0.03
1798 0 0.03
1827 0 0.28
1830 0 0.42
1842 0 0.89
1845 0 0.87
1848 0 0.4
1848 1 0.84
1851 0 0.95
1855 0 0.25
1856 0 0.49
1858 0 0.29
1859 0 0.51
1861 0 0.51
1887 0 0.34
1887 1 0.96
1891 0 0.76
1903 0 0.31
1915 0 0.79
1919 0 0.04
1929 0 0.34
1934 0 0.27
1939 0 0.62
1951 0 0.62
1962 0 0.59
1966 0 0.68
1967 0 0.7
1971 0 0.13
1974 0 0.2
1975 0 0.62
1985 0 0.48
2000 0 0.21
2007 0 0.12
2030 0 0.93
2036 0 0.51
2058 0 0.31
2080 0 0.14
2081 0 0.0
2099 0 0.38
2108 0 0.45
2108 1 0.93
2109 0 0.66
2116 0 0.59
2128 0 0.81
2135 0 0.14
2162 0 0.15
2167 0 0.54
2173 0 0.71
2185 0 0.4
2215 0 0.54
2223 0 0.69
2231 0 0.5
2247 0 0.79
2266 0 0.14
2267 0 0.19
2276 0 0.49
2279 0 0.5
2280 0 0.31
2281 0 0.98
2293 0 0.7
2294 0 0.68
2299 0 0.89
2317 0 0.55
2321 0 0.35
2349 0 0.36
2358 0 0.8
2358 1 0.5
2410 0 0.74
2415 0 0.81
2417 0 0.78
2420 0 0.21
2420 1 0.56
2421 0 0.55
2429 0 0.28
2435 0 0.94
2456 0 0.33
2456 1 0.38
2466 0 0.69
2470 0 0.49
2471 0 0.26
2475 0 0.38
2489 0 0.42
2494 0 0.03
2495 0 0.36
2502 0 0.72
2527 0 0.99
2544 0 0.17
2554 0 0.03
2568 0 0.35
2568 1 0.63
2579 0 0.39
2604 0 0.84
2610 0 0.67
2612 0 0.1
2638 0 0.83
2638 1 0.63
2640 0 0.59
2658 0 0.75
2660 0 0.54
2675 0 0.54
2678 0 0.92
2683 0 0.3
2690 0 0.33
2702 0 0.13
2713 0 0.28
2719 0 0.86
2719 1 0.29
2732 0 0.8
2737 0 0.35
2750 0 0.31
2753 0 0.14
2760 0 0.94
2765 0 0.72
2765 1 0.26
2779 0 0.32
2788 0 0.06
2789 0 0.54
2797 0 0.05
2807 0 0.89
2833 0 0.39
2837 0 0.81
2844 0 0.03
2861 0 0.03
2861 1 0.82
2861 2 0.23
2875 0 0.93
2877 0 0.25
2882 0 0.15
2886 0 0.4
2891 0 0.73
2908 0 0.47
2914 0 0.52
2914 1 0.36
2921 0 0.37
2938 0 0.09
2940 0 0.09
2947 0 0.85
2948 0 0.56
2955 0 0.46
2957 0 0.87
2967 0 0.22
2970 0 0.82
2991 0 0.19
3009 0 0.08
3011 0 0.13
3035 0 0.53
3046 0 0.4
3048 0 0.98
3064 0 0.71
3070 0 0.83
3073 0 0.24
3081 0 0.81
3095 0 0.95
3115 0 0.54
3121 0 0.36
3133 0 0.63
3133 1 0.59
3138 0 0.74
3148 0 0.22
3152 0 0.11
3155 0 0.26
3156 0 0.51
3172 0 0.49
3179 0 0.12
3194 0 0.29
3194 1 0.95
3203 0 0.95
3225 0 0.83
3228 0 0.02
3231 0 0.1
3237 0 0.0
3247 0 0.15
3251 0 0.65
3262 0 0.5
3280 0 0.46
3281 0 0.79
3290 0 0.64
3323 0 0.77
3331 0 0.48
3366 0 0.18
3371 0 0.23
3379 0 0.75
3381 0 0.75
3391 0 0.27
3409 0 0.03
3409 1 0.41
3412 0 0.73
3412 1 0.54
3421 0 0.29
3421 1 0.5
3425 0 0.17
3428 0 0.33
3434 0 0.87
3440 0 0.29
3444 0 0.32
3459 0 0.61
3470 0 0.51
3486 0 0.43
3499 0 0.79
3507 0 0.93
3515 0 0.86
3515 1 0.49
3519 0 0.06
3523 0 0.85
3533 0 0.56
3538 0 0.24
3549 0 0.46
3551 0 0.17
3555 0 0.37
3558 0 0.34
3560 0 0.94
3564 0 0.29
3586 0 0.76
3612 0 0.09
3612 1 0.91
3623 0 0.69
3628 0 0.5
3633 0 0.05
3638 0 0.81
3640 0 0.65
3640 1 0.46
3644 0 0.46
3671 0 0.47
3687 0 0.6
3701 0 0.52
3704 0 0.29
3718 0 0.45
3723 0 0.81
3726 0 0.19
3737 0 0.03
3739 0 0.65
3744 0 0.95
3746 0 0.94
3748 0 0.46
3748 1 0.99
3751 0 0.53
3758 0 0.71
3758 1 0.16
3785 0 0.37
3790 0 0.55
3791 0 0.68
3834 0 0.46
3836 0 0.2
3840 0 0.93
3841 0 0.06
3841 1 0.84
3848 0 0.18
3869 0 0.99
3911 0 0.28
3921 0 0.04
3924 0 0.98
3938 0 1.0
3939 0 0.85
3940 0 0.42
3941 0 0.36
3955 0 0.45
3957 0 0.31
3962 0 0.01
3970 0 0.01
3970 1 0.13
3978 0 0.05
3996 0 0.29
3999 0 0.76
4002 0 0.36
4003 0 0.11
4042 0 0.51
4086 0 0.5
4090 0 0.11
4097 0 0.92
4103 0 0.65
4128 0 0.83
4159 0 0.48
4161 0 0.85
4199 0 0.7
4199 1 0.24
4211 0 0.43
4212 0 0.38
4212 1 0.37
4219 0 0.73
4237 0 0.08
4266 0 0.12
4267 0 0.02
4289 0 0.34
4307 0 0.53
4307 1 0.68
4315 0 0.47
4315 1 0.95
4337 0 0.13
4363 0 0.81
4371 0 0.32
4392 0 0.88
4397 0 0.81
4405 0 0.96
4408 0 0.78
4421 0 0.63
4443 0 0.51
4451 0 0.73
4455 0 0.21
4469 0 0.53
4494 0 0.26
4512 0 0.64
4519 0 0.5
4522 0 0.58
4542 0 0.8
4551 0 0.62
4574 0 0.65
4600 0 0.89
4615 0 0.03
4631 0 0.84
4632 0 0.25
4632 1 1.0
4640 0 0.61
4644 0 0.14
4664 0 0.89
4674 0 0.37
4682 0 0.74
4682 1 0.72
4687 0 0.34
4696 0 0.72
4698 0 0.91
4698 1 0.33
4703 0 0.26
4715 0 0.78
4719 0 0.24
4722 0 0.35
4731 0 0.99
4740 0 0.81
4741 0 0.2
4762 0 0.71
4765 0 0.71
4765 1 0.37
4771 0 0.36
4782 0 0.38
4793 0 0.08
4799 0 0.91
4800 0 0.76
4800 1 0.17
4817 0 0.83
4824 0 0.96
4833 0 0.02
4842 0 0.19
4866 0 1.0
4874 0 0.23
4874 1 0.81
4881 0 0.12
4901 0 0.78
4903 0 0.34
4909 0 0.56
4931 0 0.29
4933 0 0.63
4939 0 0.76
4955 0 0.24
4973 0 0.8
4985 0 0.5
4991 0 0.28
5002 0 0.86
5003 0 0.96
5004 0 0.36
5005 0 0.71
5007 0 0.49
5007 1 0.88
5012 0 0.07
5014 0 0.55
5024 0 0.43
5027 0 0.68
5053 0 0.82
5055 0 0.38
5062 0 0.16
5063 0 0.5
5067 0 0.47
5077 0 0.06
5083 0 0.48
5086 0 0.57
5098 0 0.49
5106 0 0.04
5110 0 0.66
5126 0 0.22
5144 0 0.36
5147 0 0.63
5150 0 0.57
5152 0 0.5
5152 1 0.45
5152 2 0.1
5170 0 0.28
5182 0 0.02
5224 0 0.76
5233 0 0.09
5250 0 0.41
5251 0 0.83
5262 0 0.27
5291 0 0.32
5292 0 0.3
5292 1 0.87
5293 0 0.16
5312 0 0.94
5312 1 0.93
5317 0 0.49
5317 1 0.32
5320 0 0.78
5322 0 0.02
5326 0 0.63
5330 0 0.25
5330 1 0.55
5331 0 0.48
5332 0 0.51
5335 0 0.92
5355 0 0.9
5361 0 0.09
5385 0 0.01
5400 0 0.58
5404 0 0.43
5406 0 0.16
5411 0 0.37
5416 0 0.71
5426 0 0.47
5426 1 0.26
5427 0 0.54
5436 0 0.56
5441 0 0.49
5441 1 0.05
5441 2 0.84
5451 0 0.06
5463 0 0.19
5473 0 0.04
5496 0 0.06
5519 0 0.34
5527 0 0.52
5532 0 0.93
5564 0 0.6
5566 0 0.73
5569 0 0.23
5571 0 0.17
5572 0 0.74
5575 0 0.9
5586 0 0.18
5586 1 0.76
5599 0 0.56
5599 1 0.59
5620 0 0.77
5625 0 0.1
5631 0 0.52
5666 0 0.85
5670 0 0.79
5672 0 0.45
5697 0 0.67
5699 0 0.11
5708 0 0.29
5725 0 0.08
5730 0 0.36
5731 0 0.11
5731 1 0.63
5736 0 0.07
5761 0 0.54
5782 0 0.96
5788 0 0.84
5790 0 0.78
5795 0 0.64
5807 0 0.59
5808 0 0.69
5809 0 0.55
5843 0 0.33
5844 0 0.28
5855 0 0.19
5862 0 0.19
5862 1 0.92
5874 0 0.84
5882 0 0.13
5898 0 0.69
5906 0 0.57
5907 0 0.58
5914 0 0.19
5923 0 0.24
5934 0 0.34
5934 1 0.94
5943 0 0.26
5956 0 0.78
5968 0 0.43
5976 0 0.59
5983 0 0.76
5985 0 0.56
5986 0 0.28
5987 0 0.5
5996 0 0.08
6007 0 0.66
6053 0 1.0
6054 0 0.33
6101 0 0.93
6104 0 0.59
6104 1 0.42
6106 0 0.08
6112 0 0.65
6113 0 0.7
6115 0 0.84
6125 0 0.93
6130 0 0.73
6140 0 0.11
6145 0 0.21
6146 0 0.08
6146 1 0.44
6181 0 0.76
6185 0 0.18
6186 0 0.53
6186 1 0.08
6189 0 0.94
6211 0 0.53
6223 0 0.79
6230 0 0.14
6255 0 0.81
6259 0 0.11
6261 0 0.74
6289 0 0.63
6290 0 0.22
6311 0 0.35
6324 0 0.17
6325 0 0.74
6355 0 0.27
6366 0 0.72
6374 0 0.02
6397 0 0.82
6398 0 0.85
6400 0 0.98
6401 0 1.0
6406 0 0.24
6417 0 0.38
6425 0 0.68
6434 0 0.77
6441 0 0.24
6443 0 0.18
6454 0 0.45
6466 0 0.3
6469 0 0.47
6470 0 0.97
6485 0 0.19
6486 0 0.75
6497 0 0.43
6499 0 0.25
6511 0 0.78
6516 0 0.12
6529 0 0.11
6531 0 0.7
6539 0 0.26
6542 0 0.99
6552 0 0.3
6583 0 0.46
6593 0 0.25
6595 0 0.03
6598 0 0.35
6619 0 0.3
6628 0 0.57
6667 0 0.24
6679 0 0.94
6679 1 0.32
6729 0 0.41
6737 0 0.15
6746 0 0.51
6761 0 0.34
6762 0 0.12
6764 0 0.24
6775 0 0.48
6778 0 0.41
6781 0 0.77
6783 0 0.07
6787 0 0.86
6789 0 0.9
6802 0 0.81
6806 0 0.36
6806 1 0.45
6820 0 0.13
6822 0 0.18
6835 0 0.46
6851 0 0.55
6854 0 0.79
6854 1 0.85
6857 0 0.5
6868 0 0.6
6880 0 0.39
6897 0 0.93
6899 0 0.39
6908 0 0.7
6910 0 0.94
6910 1 0.21
6910 2 0.33
6910 3 0.93
6923 0 0.0
6930 0 0.57
6938 0 0.96
6954 0 0.09
6967 0 0.1
6968 0 0.89
6968 1 0.82
6969 0 0.63
7005 0 0.45
7015 0 0.61
7022 0 0.53
7027 0 0.98
7027 1 0.67
7055 0 0.42
7064 0 0.38
7066 0 0.47
7071 0 0.79
7075 0 0.35
7075 1 0.09
7080 0 0.87
7082 0 0.31
7085 0 0.83
7085 1 0.43
7096 0 0.21
7101 0 0.94
7107 0 0.58
7117 0 0.28
7126 0 0.1
7142 0 0.93
7142 1 0.17
7144 0 0.55
7152 0 0.18
7153 0 0.8
7153 1 0.5
7159 0 0.05
7159 1 0.31
7162 0 0.91
7175 0 0.14
7183 0 0.81
7192 0 0.57
7192 1 0.94
7192 2 0.22
7192 3 0.85
7194 0 0.46
7195 0 0.52
7203 0 0.85
7213 0 0.7
7214 0 0.42
7216 0 0.5
7237 0 0.35
7238 0 0.83
7243 0 0.55
7259 0 0.06
7276 0 0.17
7281 0 0.79
7309 0 0.68
7338 0 0.07
7340 0 0.32
7341 0 0.74
7343 0 0.13
7347 0 0.33
7376 0 0.49
7389 0 0.34
7397 0 0.36
7405 0 0.15
7408 0 0.18
7450 0 0.05
7466 0 0.49
7466 1 0.78
7466 2 0.1
7471 0 0.4
7474 0 0.93
7476 0 0.93
7476 1 0.65
7486 0 0.27
7492 0 0.37
7494 0 0.05
7500 0 0.71
7536 0 0.11
7539 0 0.41
7540 0 0.98
7550 0 0.92
7551 0 0.91
7588 0 0.71
7589 0 0.64
7607 0 0.34
7611 0 0.32
7618 0 0.18
7623 0 0.28
7640 0 0.35
7653 0 0.14
7655 0 0.04
7655 1 0.13
7655 2 0.05
7657 0 0.87
7660 0 0.02
7668 0 0.84
7669 0 0.61
7670 0 0.52
7679 0 0.21
7694 0 1.0
7700 0 0.6
7702 0 0.98
7709 0 0.21
7722 0 0.78
7738 0 0.6
7738 1 0.38
7738 2 0.2
7739 0 0.76
7747 0 0.91
7751 0 0.48
7753 0 0.45
7759 0 0.49
7762 0 0.1
7780 0 0.94
7803 0 0.46
7803 1 0.15
7805 0 0.74
7807 0 0.36
7824 0 0.17
7824 1 0.13
7848 0 0.1
7852 0 0.32
7853 0 0.83
7858 0 0.9
7869 0 0.69
7873 0 0.77
7878 0 0.97
7895 0 0.43
7897 0 0.78
7904 0 0.33
7915 0 0.4
7921 0 0.95
7930 0 0.24
7942 0 0.75
7945 0 0.1
7960 0 0.33
7998 0 0.89
8023 0 0.06
8023 1 0.42
8023 2 0.11
8026 0 0.85
8030 0 0.99
8039 0 0.63
8039 1 0.37
8044 0 0.24
8062 0 0.7
8072 0 0.36
8091 0 0.43
8104 0 0.48
8114 0 0.1
8116 0 0.7
8124 0 0.97
8135 0 0.36
8146 0 0.8
8170 0 0.06
8170 1 0.86
8180 0 0.53
8187 0 0.76
8187 1 0.3
8187 2 0.5
8188 0 0.91
8198 0 0.32
8202 0 0.41
8226 0 0.27
8228 0 0.62
8228 1 0.8
8248 0 0.86
8259 0 0.54
8272 0 0.09
8272 1 0.94
8294 0 0.33
8304 0 0.51
8306 0 0.61
8307 0 0.55
8311 0 0.69
8311 1 0.43
8311 2 0.99
8315 0 0.39
8329 0 0.06
8335 0 0.95
8336 0 0.75
8336 1 0.24
8362 0 0.02
8365 0 0.74
8365 1 0.85
8389 0 0.58
8392 0 0.46
8394 0 0.39
8400 0 0.42
8415 0 0.41
8429 0 0.5
8431 0 0.75
8432 0 0.78
8432 1 0.4
8436 0 0.5
8438 0 0.33
8450 0 0.66
8461 0 0.35
8488 0 0.09
8511 0 0.28
8526 0 0.99
8530 0 0.7
8545 0 0.63
8546 0 0.83
8555 0 0.21
8570 0 0.84
8597 0 0.42
8598 0 0.0
8612 0 0.62
8623 0 0.84
8628 0 0.48
8639 0 0.94
8640 0 0.74
8656 0 0.39
8660 0 0.96
8663 0 0.45
8670 0 0.27
8671 0 0.87
8679 0 0.33
8687 0 0.62
8694 0 0.99
8707 0 0.4
8723 0 0.18
8724 0 0.04
8731 0 0.95
8732 0 0.4
8774 0 0.95
8775 0 0.46
8776 0 0.69
8779 0 0.08
8779 1 0.18
8781 0 0.89
8781 1 0.63
8781 2 0.25
8791 0 0.92
8812 0 0.11
8815 0 0.21
8821 0 0.64
8835 0 0.52
8841 0 0.85
8846 0 0.2
8849 0 0.39
8852 0 0.58
8855 0 0.44
8862 0 0.72
8864 0 0.29
8878 0 0.51
8882 0 0.15
8892 0 0.26
8907 0 1.0
8911 0 0.72
8915 0 0.19
8922 0 0.15
8932 0 0.01
8941 0 0.68
8941 1 0.76
8959 0 0.88
8964 0 0.15
8966 0 0.69
8976 0 0.91
8978 0 0.12
9001 0 0.93
9004 0 0.84
9005 0 0.79
9007 0 0.94
9022 0 0.09
9022 1 0.51
9057 0 0.85
9080 0 0.2
9087 0 0.46
9093 0 0.03
9109 0 0.05
9111 0 0.2
9120 0 0.46
9127 0 0.24
9131 0 0.39
9131 1 0.08
9140 0 0.95
9141 0 0.11
9164 0 0.98
9174 0 0.45
9179 0 0.98
9199 0 0.68
9221 0 0.75
9249 0 0.91
9249 1 0.69
9251 0 0.11
9259 0 0.39
9260 0 0.32
9263 0 0.76
9264 0 0.55
9266 0 0.84
9297 0 0.79
9297 1 0.8
9314 0 0.81
9315 0 0.97
9328 0 0.26
9338 0 0.34
9346 0 0.9
9361 0 0.18
9361 1 0.73
9361 2 0.37
9362 0 0.02
9367 0 0.59
9379 0 0.99
9384 0 0.34
9391 0 0.52
9392 0 0.95
9394 0 0.73
9401 0 0.28
9401 1 0.1
9408 0 0.97
9430 0 0.26
9430 1 0.39
9432 0 0.96
9445 0 0.45
9448 0 0.57
9450 0 0.48
9453 0 0.12
9457 0 0.8
9467 0 0.22
9467 1 0.56
9481 0 0.02
9484 0 0.8
9484 1 0.37
9530 0 0.77
9533 0 0.81
9536 0 0.55
9549 0 0.93
9550 0 0.2
9552 0 0.56
9552 1 0.81
9571 0 0.01
9600 0 0.7
9611 0 0.13
9611 1 0.64
9613 0 0.45
9617 0 0.34
9621 0 0.79
9626 0 0.57
9627 0 0.61
9646 0 0.39
9661 0 0.26
9674 0 0.44
9681 0 0.51
9682 0 0.08
9690 0 0.41
9715 0 0.96
9717 0 0.98
9717 1 0.08
9724 0 0.78
9731 0 0.4
9737 0 0.99
9738 0 0.76
9747 0 0.01
9748 0 0.12
9759 0 0.77
9766 0 0.08
9769 0 0.69
9844 0 0.62
9849 0 0.7
9876 0 0.71
9882 0 0.91
9898 0 0.95
9933 0 0.0
9940 0 0.06
9949 0 0.4
9982 0 0.5
9995 0 0.38
10022 0 0.13
10029 0 0.03
10044 0 0.87
10046 0 0.82
10052 0 0.18
10053 0 0.05
10057 0 0.55
10065 0 0.4
10075 0 0.07
10091 0 0.11
10092 0 0.39
10111 0 0.66
10114 0 0.1
10115 0 0.13
10128 0 0.46
10150 0 0.15
10150 1 0.6
10160 0 0.45
10160 1 0.15
10160 2 0.55
10165 0 0.69
10165 1 0.4
10175 0 0.01
10176 0 0.29
10179 0 0.57
10194 0 0.03
10202 0 0.41
10203 0 0.29
10207 0 0.03
10213 0 0.32
10213 1 0.53
10214 0 0.03
10215 0 0.75
10216 0 0.08
10225 0 0.5
10225 1 0.72
10249 0 0.07
10277 0 0.32
10278 0 0.54
10280 0 0.64
10281 0 0.06
10300 0 0.42
10302 0 0.98
10307 0 0.47
10310 0 0.95
10313 0 0.52
10320 0 0.32
10327 0 0.59
10330 0 0.05
10340 0 0.87
10350 0 0.46
10354 0 0.04
10373 0 0.78
10373 1 0.2
10381 0 0.64
10383 0 0.99
10384 0 0.35
10388 0 0.98
10392 0 0.78
10431 0 0.19
10435 0 0.37
10453 0 0.5
10455 0 0.49
10464 0 0.35
10469 0 0.3
10474 0 0.57
10486 0 0.94
10487 0 0.42
10493 0 0.53
10499 0 0.46
10501 0 0.91
10508 0 0.41
10509 0 0.2
10510 0 0.79
10511 0 0.94
10524 0 0.71
10536 0 0.13
10553 0 0.63
10561 0 0.72
10562 0 0.53
10572 0 0.88
10587 0 0.89
10600 0 0.36
10601 0 0.89
10616 0 0.11
10616 1 0.12
10622 0 0.29
10637 0 0.11
10666 0 0.1
10688 0 0.01
10689 0 0.29
10689 1 0.47
10691 0 0.82
10692 0 0.99
10701 0 0.2
10709 0 0.03
10715 0 0.08
10718 0 0.4
10718 1 0.03
10719 0 0.71
10738 0 0.06
10755 0 0.71
10760 0 0.74
10776 0 0.27
10778 0 0.42
10787 0 0.15
10789 0 0.04
10789 1 0.31
10804 0 0.64
10807 0 0.81
10807 1 0.03
10811 0 0.47
10811 1 0.11
10822 0 0.44
10833 0 0.66
10861 0 0.14
10891 0 0.27
10904 0 0.28
10904 1 0.47
10911 0 0.63
10918 0 0.74
10918 1 0.87
10937 0 0.46
10952 0 0.56
10952 1 0.59
10955 0 0.04
10960 0 0.3
10960 1 0.14
10972 0 0.78
10973 0 0.08
10973 1 0.35
10981 0 0.53
10991 0 0.87
10996 0 0.25
11000 0 0.3
11017 0 0.04
11045 0 0.75
11060 0 0.47
11065 0 0.16
11065 1 0.85
11070 0 0.98
11076 0 0.18
11081 0 0.09
11100 0 0.14
11100 1 0.37
11123 0 0.33
11127 0 0.03
11137 0 0.22
11141 0 0.07
11145 0 0.2
11147 0 0.06
11167 0 0.06
11177 0 0.16
11180 0 0.16
11199 0 0.08
11204 0 0.44
11208 0 0.43
11212 0 0.9
11215 0 0.56
11242 0 0.55
11246 0 0.88
11248 0 0.95
11253 0 0.15
11255 0 0.43
11266 0 0.66
11266 1 0.48
11267 0 0.79
11275 0 0.27
11275 1 0.1
11282 0 0.91
11284 0 0.26
11298 0 0.99
11298 1 0.34
11298 2 0.3
11303 0 0.64
11303 1 0.51
11304 0 0.91
11308 0 0.88
11315 0 0.49
11338 0 0.27
11342 0 0.99
11345 0 0.84
11348 0 0.92
11352 0 0.79
11362 0 0.89
11396 0 0.32
11396 1 0.61
11405 0 0.67
11406 0 0.8
11424 0 0.73
11425 0 0.03
11437 0 0.33
11444 0 0.8
11454 0 0.94
11459 0 0.32
11466 0 0.42
11482 0 0.3
11493 0 0.58
11522 0 0.97
11543 0 0.65
11546 0 0.28
11562 0 0.84
11568 0 0.85
11572 0 0.1
11581 0 0.49
11595 0 0.91
11603 0 0.92
11610 0 0.36
11612 0 0.79
11618 0 0.05
11623 0 0.45
11661 0 0.35
11677 0 0.59
11678 0 0.99
11681 0 0.7
11690 0 0.62
11706 0 0.65
11709 0 0.58
11713 0 0.43
11729 0 0.52
11732 0 0.01
11733 0 0.96
11734 0 0.89
11734 1 0.73
11738 0 0.02
11745 0 0.93
11746 0 0.37
11761 0 0.4
11781 0 0.25
11789 0 0.53
11819 0 0.75
11826 0 0.99
11831 0 0.9
11833 0 0.67
11841 0 0.98
11841 1 0.3
11845 0 0.74
11850 0 0.92
11853 0 0.15
11855 0 0.91
11858 0 0.43
11864 0 0.99
11875 0 0.0
11887 0 0.91
11892 0 0.0
11896 0 0.24
11908 0 0.09
11909 0 0.92
11915 0 0.93
11917 0 0.18
11918 0 0.85
11932 0 0.59
11937 0 0.91
11955 0 0.31
11956 0 0.73
11960 0 0.08
11961 0 0.13
11967 0 0.02
11990 0 0.95
11998 0 0.67
12017 0 0.25
12042 0 0.8
12067 0 0.62
12067 1 0.66
12080 0 0.85
12084 0 0.49
12086 0 0.32
12088 0 0.86
12095 0 0.15
12099 0 0.69
12107 0 0.57
12107 1 0.67
12116 0 0.28
12117 0 0.13
12123 0 0.99
12136 0 0.56
12138 0 0.81
12138 1 0.21
12140 0 0.89
12158 0 0.33
12158 1 0.94
12187 0 0.73
12193 0 0.46
12193 1 0.68
12199 0 0.97
12200 0 0.77
12231 0 0.59
12232 0 0.37
12237 0 0.59
12252 0 0.58
12263 0 0.69
12269 0 0.1
12286 0 0.37
12297 0 0.03
12320 0 0.19
12327 0 0.16
12327 1 0.87
12329 0 0.62
12341 0 0.17
12346 0 0.97
12347 0 0.2
12352 0 0.99
12355 0 0.36
12367 0 0.7
12373 0 0.97
12373 1 0.63
12377 0 0.93
12384 0 0.12
12389 0 0.15
12399 0 0.47
12404 0 0.25
12411 0 0.28
12420 0 0.07
12420 1 0.87
12421 0 0.38
12469 0 0.93
12478 0 0.55
12487 0 0.66
12505 0 0.98
12509 0 0.63
12516 0 0.45
12526 0 0.06
12537 0 0.41
12541 0 0.2
12542 0 0.85
12544 0 0.29
12545 0 0.43
12546 0 0.05
12550 0 0.44
12567 0 0.36
12570 0 0.58
12572 0 0.01
12586 0 0.72
12588 0 0.19
12622 0 0.53
12627 0 0.2
12630 0 0.44
12633 0 0.0
12634 0 0.38
12634 1 0.69
12646 0 0.33
12647 0 0.92
12693 0 0.76
12709 0 0.99
12714 0 0.2
12728 0 0.15
12733 0 0.69
12739 0 0.33
12747 0 0.73
12747 1 0.45
12755 0 0.48
12760 0 0.08
12777 0 0.05
12777 1 0.87
12777 2 0.44
12783 0 0.04
12796 0 0.57
12806 0 0.8
12814 0 0.95
12821 0 0.38
12835 0 0.24
12835 1 0.32
12836 0 0.01
12839 0 0.1
12844 0 0.9
12855 0 0.27
12878 0 0.65
12883 0 0.29
12886 0 0.49
12889 0 0.2
12904 0 0.78
12916 0 0.31
12921 0 0.35
12935 0 0.08
12936 0 0.51
12946 0 0.66
12956 0 0.45
12958 0 0.72
12958 1 0.49
12970 0 0.4
12980 0 0.31
12992 0 0.96
12995 0 0.04
13001 0 1.0
13002 0 0.1
13002 1 0.25
13007 0 0.46
13008 0 0.64
13026 0 0.15
13026 1 0.67
13027 0 0.72
13035 0 0.28
13035 1 0.25
13043 0 0.17
13049 0 0.88
13055 0 0.18
13062 0 0.14
13063 0 0.87
13064 0 0.2
13075 0 0.55
13084 0 0.98
13085 0 0.33
13085 1 0.85
13091 0 0.75
13094 0 0.9
13099 0 0.19
13109 0 0.01
13121 0 0.38
13127 0 0.12
13127 1 0.5
13153 0 0.94
13155 0 0.86
13157 0 0.59
13166 0 0.18
13174 0 0.87
13174 1 0.66
13174 2 0.19
13182 0 0.93
13197 0 0.49
13211 0 0.87
13214 0 0.69
13219 0 0.39
13242 0 0.93
13243 0 0.28
13277 0 0.33
13296 0 0.41
13303 0 0.01
13317 0 0.44
13334 0 0.65
13338 0 0.49
13338 1 0.05
13338 2 0.73
13344 0 0.86
13344 1 0.05
13344 2 0.67
13349 0 0.6
13364 0 0.23
13371 0 0.78
13372 0 0.67
13374 0 0.54
13380 0 0.56
13383 0 0.22
13395 0 0.85
13402 0 0.09
13411 0 0.98
13415 0 0.17
13423 0 0.17
13427 0 0.11
13427 1 0.84
13428 0 0.71
13440 0 0.67
13469 0 0.55
13475 0 0.66
13499 0 0.34
13505 0 0.88
13508 0 0.27
13508 1 0.54
13510 0 0.83
13519 0 0.28
13519 1 0.07
13530 0 0.88
13544 0 0.89
13550 0 0.14
13552 0 0.48
13557 0 0.96
13561 0 0.04
13574 0 0.61
13576 0 0.69
13581 0 0.57
13586 0 0.45
13617 0 0.61
13617 1 0.76
13617 2 0.86
13619 0 0.32
13631 0 0.33
13640 0 0.65
13642 0 0.61
13654 0 0.07
13657 0 0.22
13659 0 0.36
13675 0 0.55
13679 0 0.55
13683 0 0.12
13686 0 0.1
13706 0 0.01
13708 0 0.72
13721 0 0.6
13727 0 0.17
13730 0 0.87
13746 0 0.97
13753 0 0.25
13759 0 0.65
13759 1 0.25
13764 0 0.1
13776 0 0.73
13788 0 0.64
13799 0 0.57
13824 0 0.12
13832 0 0.38
13845 0 0.46
13846 0 0.37
13851 0 0.56
13862 0 0.29
13862 1 0.91
13866 0 0.36
13880 0 0.86
13881 0 0.49
13889 0 0.07
13892 0 0.32
13916 0 0.69
13919 0 0.11
13943 0 0.5
13954 0 0.47
13957 0 0.57
13962 0 0.77
13973 0 0.55
13985 0 0.27
13985 1 0.78
13987 0 0.35
13990 0 0.66
13990 1 0.86
13990 2 0.59
14001 0 0.54
14020 0 0.81
14022 0 0.45
14083 0 0.74
14087 0 0.51
14125 0 0.77
14129 0 0.73
14151 0 0.25
14180 0 0.27
14183 0 0.05
14192 0 0.19
14199 0 0.2
14203 0 0.26
14203 1 0.59
14230 0 0.56
14233 0 0.63
14237 0 0.47
14242 0 0.64
14245 0 0.15
14253 0 0.48
14273 0 0.66
14291 0 0.21
14291 1 0.94
14302 0 0.75
14315 0 0.45
14319 0 0.82
14323 0 0.55
14341 0 0.15
14342 0 0.52
14342 1 0.08
14350 0 0.11
14355 0 0.96
14373 0 0.92
14385 0 0.44
14397 0 0.48
14403 0 0.42
14408 0 0.5
14411 0 0.53
14415 0 0.21
14420 0 0.06
14429 0 0.91
14430 0 0.86
14432 0 0.68
14436 0 0.09
14437 0 0.39
14440 0 0.94
14449 0 0.37
14454 0 0.28
14466 0 0.86
14470 0 0.27
14473 0 0.72
14481 0 0.93
14504 0 0.2
14510 0 0.42
14521 0 0.42
14533 0 0.0
14548 0 0.19
14556 0 0.57
14575 0 0.29
14576 0 0.18
14577 0 0.26
14588 0 0.2
14589 0 0.68
14592 0 0.61
14598 0 0.33
14600 0 0.1
14605 0 0.11
14611 0 0.73
14637 0 0.32
14653 0 0.12
14657 0 0.45
14676 0 0.97
14683 0 0.04
14689 0 0.49
14701 0 0.5
14706 0 0.43
14706 1 0.14
14734 0 0.58
14736 0 0.51
14740 0 0.12
14740 1 0.78
14742 0 0.6
14745 0 0.12
14762 0 0.1
14793 0 0.5
14797 0 1.0
14802 0 0.41
14804 0 0.19
14815 0 0.13
14834 0 0.2
14835 0 0.84
14844 0 0.54
14850 0 0.76
14856 0 0.78
14873 0 0.67
14882 0 0.05
14888 0 0.61
14910 0 0.77
14926 0 0.33
14954 0 0.23
14959 0 0.59
14978 0 0.84
14988 0 0.39
14990 0 0.2
15004 0 0.07
15006 0 0.78
15030 0 0.01
15034 0 0.81
15041 0 1.0
15061 0 0.74
15063 0 0.52
15068 0 0.19
15078 0 0.54
15082 0 0.4
15088 0 0.93
15094 0 0.3
15102 0 0.69
15121 0 0.82
15122 0 0.34
15132 0 0.36
15136 0 0.97
15137 0 0.07
15148 0 0.96
15154 0 0.45
15170 0 0.72
15203 0 0.01
15214 0 0.21
15214 1 0.44
15225 0 0.26
15231 0 0.44
15246 0 0.98
15255 0 0.94
15265 0 0.44
15275 0 0.2
15277 0 0.52
15286 0 0.86
15292 0 0.78
15297 0 0.0
15307 0 0.84
15309 0 0.66
15315 0 0.97
15317 0 0.89
15325 0 0.58
15336 0 0.0
15338 0 0.71
15345 0 0.87
15365 0 0.42
15371 0 0.26
15383 0 0.6
15385 0 0.38
15386 0 0.56
15387 0 0.91
15404 0 0.06
15407 0 0.02
15411 0 0.17
15411 1 0.03
15422 0 0.27
15426 0 0.2
15433 0 0.44
15436 0 0.98
15441 0 0.65
15444 0 0.43
15459 0 0.54
15460 0 0.27
15464 0 0.42
15496 0 0.66
15497 0 0.05
15506 0 0.43
15531 0 0.17
15566 0 0.75
15577 0 0.15
15585 0 0.22
15585 1 0.64
15591 0 0.19
15592 0 0.89
15604 0 0.01
15607 0 0.39
15622 0 0.07
15634 0 0.61
15646 0 0.9
15660 0 0.66
15663 0 0.3
15670 0 0.16
15672 0 0.29
15675 0 0.53
15675 1 0.24
15679 0 0.69
15686 0 0.66
15750 0 0.9
15770 0 0.7
15772 0 0.37
15774 0 0.35
15777 0 0.15
15783 0 0.36
15783 1 0.72
15783 2 0.38
15783 3 0.81
15788 0 0.54
15826 0 0.77
15827 0 0.91
15829 0 0.73
15832 0 0.11
15832 1 0.53
15847 0 0.14
15852 0 0.7
15855 0 0.08
15868 0 0.96
15885 0 0.32
15906 0 0.86
15936 0 0.69
15967 0 0.29
15982 0 0.98
15983 0 0.92
15993 0 0.0
16004 0 0.95
16014 0 0.97
16029 0 0.41
16040 0 0.88
16056 0 0.87
16058 0 0.81
16072 0 0.82
16084 0 0.87
16084 1 0.42
16097 0 0.91
16098 0 0.35
16104 0 0.07
16107 0 0.79
16119 0 0.66
16120 0 0.04
16123 0 0.25
16165 0 0.46
16165 1 0.49
16195 0 0.0
16218 0 0.85
16220 0 0.26
16248 0 0.7
16271 0 0.07
16285 0 0.13
16285 1 0.41
16307 0 0.14
16312 0 0.66
16335 0 0.52
16370 0 0.61
16377 0 0.47
16378 0 0.14
16383 0 0.55
16384 0 0.79
16390 0 0.89
16400 0 0.4
16426 0 0.72
16426 1 0.17
16460 0 0.07
16465 0 0.59
16470 0 0.05
16481 0 0.57
16485 0 0.15
16496 0 0.39
16512 0 0.32
16514 0 0.01
16531 0 0.68
16542 0 0.64
16543 0 0.9
16558 0 0.95
16576 0 0.8
16590 0 0.86
16597 0 0.65
16621 0 0.76
16628 0 0.85
16634 0 0.1
16642 0 0.93
16643 0 0.86
16676 0 0.77
16677 0 0.12
16683 0 0.94
16700 0 0.72
16713 0 0.92
16715 0 0.22
16720 0 0.52
16733 0 0.16
16740 0 0.61
16740 1 0.33
16748 0 0.34
16758 0 0.57
16766 0 0.99
16767 0 0.54
16768 0 0.32
16768 1 0.37
16780 0 0.18
16804 0 0.64
16822 0 0.25
16828 0 0.07
16830 0 0.1
16830 1 0.73
16849 0 0.32
16856 0 0.48
16860 0 0.46
16863 0 0.61
16868 0 0.14
16886 0 0.02
16897 0 0.22
16899 0 0.62
16900 0 0.7
16903 0 0.02
16905 0 0.43
16906 0 0.92
16906 1 0.52
16912 0 0.14
16928 0 0.36
16936 0 0.46
16937 0 0.82
16950 0 0.79
16983 0 0.42
16996 0 0.76
16999 0 0.12
17000 0 0.92
17000 1 0.57
17018 0 0.44
17018 1 0.93
17048 0 0.09
17071 0 0.6
17071 1 0.5
17079 0 0.77
17101 0 0.58
17111 0 0.06
17122 0 0.11
17137 0 0.72
17139 0 0.35
17139 1 0.25
17147 0 0.41
17147 1 0.28
17157 0 0.94
17163 0 0.46
17169 0 0.56
17177 0 0.91
17177 1 1.0
17195 0 0.64
17197 0 0.29
17202 0 0.86
17210 0 0.28
17224 0 0.9
17226 0 0.71
17233 0 0.66
17233 1 0.5
17273 0 0.81
17276 0 0.56
17276 1 0.34
17277 0 0.6
17277 1 0.9
17279 0 0.83
17299 0 0.41
17309 0 0.43
17318 0 0.39
17330 0 0.52
17336 0 0.56
17338 0 0.54
17340 0 0.96
17341 0 0.5
17347 0 0.05
17350 0 0.88
17354 0 0.35
17361 0 0.55
17364 0 0.59
17371 0 0.29
17396 0 0.9
17417 0 0.69
17426 0 0.01
17426 1 0.58
17435 0 0.67
17452 0 0.63
17453 0 0.96
17470 0 0.73
17476 0 0.51
17476 1 0.43
17483 0 0.02
17490 0 0.85
17501 0 0.92
17525 0 0.8
17530 0 0.33
17547 0 0.48
17551 0 0.94
17569 0 0.98
17571 0 0.81
17571 1 0.95
17581 0 0.42
17581 1 0.67
17581 2 0.4
17581 3 0.28
17600 0 0.32
17627 0 0.35
17641 0 0.4
17643 0 0.6
17646 0 0.95
17656 0 0.86
17658 0 0.0
17658 1 0.99
17659 0 0.42
17665 0 0.66
17670 0 0.58
17672 0 0.5
17689 0 0.38
17691 0 0.36
17697 0 0.86
17697 1 0.42
17700 0 0.68
17709 0 0.83
17712 0 0.18
17724 0 0.61
17735 0 0.98
17738 0 0.75
17747 0 0.05
17751 0 0.47
17752 0 0.47
17755 0 0.17
17768 0 0.01
17777 0 0.33
17783 0 0.11
17785 0 0.69
17788 0 0.54
17795 0 0.93
17803 0 0.45
17815 0 0.57
17818 0 0.6
17820 0 0.13
17821 0 0.29
17831 0 0.15
17850 0 0.89
17850 1 0.39
17869 0 0.4
17881 0 0.89
17900 0 0.76
17908 0 0.58
17910 0 0.56
17911 0 0.98
17914 0 0.63
17914 1 0.29
17917 0 0.85
17917 1 0.41
17918 0 0.36
17924 0 0.67
17940 0 0.3
17941 0 0.76
17954 0 0.12
17959 0 0.26
17973 0 0.74
17974 0 0.36
17987 0 0.18
17991 0 0.5
18000 0 0.39
18001 0 0.25
18018 0 0.74
18018 1 0.25
18021 0 0.28
18025 0 0.66
18034 0 0.26
18035 0 0.48
18038 0 0.34
18039 0 0.02
18040 0 0.91
18042 0 0.6
18048 0 0.3
18055 0 0.38
18058 0 0.38
18073 0 0.53
18073 1 0.53
18085 0 0.63
18087 0 0.65
18090 0 0.66
18097 0 0.25
18118 0 0.6
18118 1 0.08
18118 2 0.54
18145 0 0.57
18145 1 0.07
18151 0 0.84
18156 0 0.31
18167 0 0.46
18167 1 0.03
18182 0 0.34
18185 0 0.81
18191 0 0.83
18220 0 0.43
18243 0 0.92
18253 0 0.75
18254 0 0.69
18263 0 0.08
18276 0 0.43
18293 0 0.55
18300 0 0.31
18319 0 0.39
18338 0 0.77
18351 0 0.55
18353 0 0.96
18354 0 0.8
18373 0 0.01
18381 0 0.4
18385 0 0.55
18385 1 0.63
18387 0 0.9
18391 0 0.55
18392 0 0.03
18405 0 0.46
18410 0 0.45
18410 1 0.29
18414 0 0.11
18427 0 0.71
18429 0 0.96
18433 0 0.91
18434 0 0.39
18442 0 0.36
18442 1 0.19
18447 0 0.71
18447 1 0.14
18457 0 0.14
18457 1 0.79
18464 0 0.65
18473 0 0.88
18479 0 0.95
18479 1 0.32
18480 0 0.52
18482 0 0.93
18485 0 0.47
18490 0 0.26
18499 0 0.55
18516 0 0.41
18529 0 0.63
18542 0 0.47
18560 0 0.99
18573 0 1.0
18581 0 0.72
18586 0 0.03
18598 0 0.55
18623 0 0.74
18655 0 0.67
18688 0 0.35
18698 0 0.54
18699 0 0.49
18699 1 0.39
18717 0 0.01
18744 0 0.82
18744 1 0.0
18746 0 0.86
18746 1 0.11
18760 0 0.31
18760 1 0.47
18768 0 0.61
18769 0 0.5
18801 0 0.9
18803 0 0.2
18808 0 0.94
18809 0 0.29
18819 0 0.03
18826 0 0.21
18836 0 0.34
18851 0 0.42
18851 1 0.68
18858 0 0.96
18873 0 0.4
18874 0 0.01
18876 0 0.53
18889 0 0.08
18890 0 0.05
18941 0 0.04
18943 0 0.49
18946 0 0.59
18947 0 0.66
18951 0 0.42
18970 0 0.27
18970 1 0.39
18972 0 0.65
18974 0 0.03
18977 0 0.76
18978 0 0.57
18978 1 0.81
18982 0 0.74
18985 0 0.87
19000 0 0.13
19014 0 0.53
19024 0 0.12
19031 0 0.03
19031 1 0.81
19047 0 0.55
19055 0 0.28
19055 1 0.62
19058 0 0.97
19072 0 0.45
19077 0 1.0
19078 0 0.97
19087 0 0.78
19088 0 0.04
19100 0 0.85
19107 0 0.48
19113 0 0.58
19122 0 0.68
19130 0 0.25
19141 0 0.84
19148 0 0.11
19159 0 0.84
19179 0 0.59
19196 0 0.71
19203 0 0.94
19209 0 0.22
19235 0 0.94
19235 1 0.75
19246 0 0.37
19258 0 0.3
19277 0 0.31
19282 0 0.79
19284 0 0.46
19324 0 0.79
19337 0 0.44
19342 0 0.9
19352 0 0.38
19355 0 0.95
19367 0 0.8
19374 0 0.22
19374 1 0.24
19402 0 0.55
19434 0 0.86
19436 0 0.63
19442 0 0.3
19481 0 0.92
19487 0 0.6
19488 0 0.99
19512 0 0.34
19533 0 0.39
19549 0 0.9
19563 0 0.61
19593 0 0.17
19608 0 0.03
19611 0 0.24
19618 0 0.48
19620 0 0.68
19625 0 0.53
19632 0 0.5
19637 0 0.97
19640 0 0.06
19671 0 0.46
19674 0 0.28
19674 1 0.39
19678 0 0.24
19692 0 0.24
19703 0 0.65
19716 0 0.88
19737 0 0.8
19749 0 0.04
19772 0 0.86
19786 0 0.47
19787 0 0.19
19789 0 0.77
19805 0 0.51
19817 0 0.96
19823 0 0.13
19826 0 0.35
19833 0 0.16
19846 0 0.01
19851 0 0.34
19854 0 0.33
19858 0 0.66
19887 0 0.15
19911 0 0.57
19932 0 0.98
19938 0 0.07
19938 1 0.31
19954 0 0.28
19970 0 0.19
19970 1 0.24
19971 0 0.09
19972 0 0.13
19972 1 0.06
19977 0 0.12
19978 0 0.08
20000 0 0.79
20006 0 0.38
20008 0 0.93
20008 1 0.54
20010 0 0.6
20012 0 0.62
20015 0 0.89
20028 0 0.35
20034 0 0.07
20041 0 0.62
20048 0 0.1
20053 0 0.04
20065 0 0.49
20070 0 0.52
20071 0 0.35
20071 1 0.1
20079 0 0.77
20079 1 0.98
20084 0 0.09
20098 0 0.25
20112 0 0.8
20115 0 0.67
20130 0 0.3
20138 0 0.84
20150 0 0.41
20153 0 0.89
20158 0 0.92
20171 0 0.99
20189 0 0.69
20193 0 0.06
20247 0 0.73
20315 0 0.59
20325 0 0.97
20351 0 0.99
20355 0 0.57
20365 0 0.16
20367 0 0.82
20371 0 0.29
20390 0 0.5
20394 0 0.64
20395 0 0.34
20421 0 0.84
20424 0 0.04
20434 0 0.13
20438 0 0.74
20439 0 0.05
20468 0 0.72
20488 0 0.61
20493 0 0.4
20510 0 0.5
20518 0 0.56
20528 0 0.68
20529 0 0.82
20531 0 0.27
20536 0 0.52
20562 0 0.11
20564 0 0.94
20568 0 0.38
20574 0 0.63
20574 1 0.11
20578 0 0.91
20579 0 0.55
20579 1 0.29
20581 0 0.78
20589 0 0.68
20600 0 0.81
20604 0 0.05
20606 0 0.47
20611 0 0.97
20619 0 0.4
20625 0 0.53
20628 0 0.75
20639 0 0.07
20641 0 0.18
20652 0 0.8
20660 0 0.09
20676 0 0.61
20677 0 0.37
20682 0 0.6
20695 0 0.92
20705 0 0.89
20705 1 0.27
20735 0 0.85
20736 0 0.69
20744 0 0.03
20758 0 0.67
20765 0 0.75
20771 0 0.17
20814 0 0.1
20839 0 0.94
20865 0 0.53
20865 1 0.76
20880 0 0.71
20888 0 0.15
20890 0 0.7
20902 0 0.87
20913 0 0.42
20915 0 0.88
20922 0 0.97
20923 0 0.56
20937 0 0.82
20941 0 0.93
20947 0 0.74
20947 1 0.16
20963 0 0.08
20968 0 0.15
20980 0 0.84
20987 0 1.0
21001 0 0.64
21001 1 0.09
21003 0 0.22
21038 0 0.5
21046 0 0.92
21058 0 0.25
21089 0 0.4
21107 0 0.32
21110 0 0.27
21114 0 0.62
21121 0 0.19
21121 1 0.78
21123 0 0.2
21147 0 0.34
21152 0 0.89
21156 0 0.69
21163 0 0.24
21178 0 0.78
21181 0 0.81
21181 1 0.75
21188 0 0.23
21198 0 0.13
21198 1 0.11
21243 0 0.65
21246 0 0.25
21247 0 0.92
21257 0 0.99
21268 0 0.28
21269 0 0.66
21277 0 0.19
21277 1 0.78
21283 0 0.0
21285 0 0.38
21308 0 0.36
21310 0 0.03
21311 0 0.97
21320 0 0.74
21341 0 0.85
21348 0 1.0
21348 1 0.88
21350 0 0.04
21362 0 0.68
21363 0 0.7
21364 0 0.11
21389 0 0.7
21406 0 0.8
21426 0 0.24
21430 0 0.64
21437 0 0.29
21447 0 0.35
21447 1 0.11
21456 0 0.21
21458 0 0.26
21465 0 0.27
21471 0 0.58
21474 0 0.54
21490 0 0.34
21493 0 0.49
21501 0 0.87
21508 0 0.41
21512 0 0.63
21512 1 0.52
21514 0 0.78
21527 0 0.07
21542 0 0.14
21542 1 0.85
21542 2 0.62
21546 0 0.15
21550 0 0.88
21559 0 0.93
21563 0 0.36
21568 0 0.04
21571 0 0.7
21583 0 0.44
21585 0 0.95
21585 1 0.8
21586 0 0.23
21598 0 0.3
21602 0 0.5
21613 0 0.19
21620 0 0.86
21631 0 0.8
21644 0 0.58
21644 1 0.69
21649 0 0.25
21690 0 0.82
21697 0 0.03
21698 0 0.5
21702 0 0.05
21703 0 0.16
21705 0 0.23
21705 1 0.71
21713 0 0.23
21715 0 0.7
21717 0 0.26
21718 0 0.87
21721 0 0.77
21725 0 0.5
21731 0 0.02
21736 0 0.18
21740 0 0.57
21750 0 0.16
21751 0 0.53
21758 0 0.25
21763 0 0.59
21766 0 0.52
21767 0 0.63
21789 0 0.72
21798 0 0.48
21806 0 0.52
21817 0 0.49
21823 0 0.72
21836 0 0.89
21842 0 0.91
21850 0 0.24
21863 0 0.1
21867 0 0.69
21869 0 0.92
21881 0 0.12
21884 0 0.38
21884 1 0.86
21884 2 0.14
21896 0 0.25
21899 0 0.33
21914 0 0.74
21919 0 0.66
21919 1 0.47
21928 0 0.94
21932 0 0.56
21954 0 0.29
21955 0 0.34
21960 0 0.12
21979 0 0.87
21987 0 0.94
21993 0 0.56
21993 1 0.47
22004 0 0.63
22016 0 0.75
22026 0 0.38
22046 0 0.66
22059 0 0.66
22061 0 0.79
22076 0 0.26
22077 0 0.64
22097 0 0.56
22098 0 0.57
22101 0 0.58
22102 0 0.09
22103 0 0.85
22114 0 0.87
22125 0 0.09
22132 0 0.19
22134 0 0.26
22135 0 0.24
22135 1 0.51
22137 0 0.8
22140 0 0.53
22147 0 0.76
22152 0 0.54
22152 1 0.33
22155 0 0.84
22172 0 0.75
22194 0 0.35
22194 1 0.14
22197 0 0.89
22213 0 0.81
22213 1 0.07
22218 0 0.82
22218 1 0.09
22226 0 0.18
22228 0 0.23
22237 0 0.82
22245 0 0.81
22246 0 0.65
22263 0 0.37
22270 0 0.37
22281 0 0.3
22284 0 0.67
22298 0 0.14
22316 0 0.38
22326 0 0.99
22348 0 0.2
22368 0 0.28
22392 0 0.53
22399 0 0.21
22402 0 0.86
22405 0 0.83
22418 0 0.82
22424 0 0.67
22431 0 0.2
22452 0 0.98
22459 0 0.17
22476 0 0.39
22488 0 0.96
22500 0 0.81
22508 0 0.23
22535 0 0.42
22576 0 0.25
22576 1 0.73
22584 0 0.65
22603 0 0.96
22609 0 0.1
22625 0 0.77
22633 0 0.16
22636 0 0.36
22642 0 0.56
22643 0 0.82
22644 0 0.66
22644 1 0.18
22683 0 0.2
22684 0 0.39
22685 0 0.57
22687 0 0.55
22700 0 0.6
22743 0 0.17
22743 1 0.68
22746 0 0.24
22751 0 0.59
22764 0 0.3
22795 0 0.85
22809 0 0.07
22813 0 0.52
22824 0 0.29
22826 0 0.23
22830 0 0.21
22843 0 0.48
22843 1 0.64
22853 0 0.61
22859 0 0.17
22861 0 0.14
22867 0 0.46
22871 0 0.16
22887 0 0.64
22888 0 0.83
22888 1 0.18
22892 0 0.84
22892 1 0.02
22895 0 0.03
22905 0 0.02
22911 0 0.51
22913 0 0.58
22926 0 0.1
22929 0 0.84
22945 0 0.82
22953 0 0.61
22961 0 0.61
22962 0 0.95
22969 0 0.55
22972 0 0.64
22974 0 0.6
22983 0 0.5
23011 0 0.7
23019 0 0.54
23044 0 0.32
23118 0 0.23
23118 1 0.63
23138 0 0.3
23159 0 0.94
23199 0 0.19
23202 0 0.37
23219 0 0.99
23221 0 0.2
23247 0 0.13
23254 0 0.8
23259 0 0.68
23259 1 0.34
23277 0 0.68
23281 0 0.98
23285 0 0.72
23287 0 0.22
23292 0 0.14
23296 0 0.89
23299 0 0.26
23303 0 0.81
23306 0 0.56
23310 0 0.91
23313 0 0.14
23334 0 0.33
23337 0 0.34
23339 0 0.07
23354 0 0.2
23356 0 0.04
23377 0 0.87
23380 0 0.48
23389 0 0.59
23396 0 0.28
23411 0 0.16
23420 0 0.08
23422 0 0.78
23423 0 0.85
23428 0 0.09
23432 0 0.39
23439 0 0.63
23443 0 0.28
23443 1 0.59
23444 0 0.91
23471 0 0.34
23473 0 0.09
23477 0 0.44
23479 0 0.46
23482 0 0.26
23483 0 0.12
23483 1 0.81
23487 0 0.61
23498 0 0.38
23498 1 0.69
23503 0 0.26
23503 1 0.3
23507 0 0.13
23517 0 0.79
23517 1 0.06
23540 0 0.44
23560 0 0.67
23569 0 0.16
23574 0 0.37
23576 0 0.95
23586 0 0.49
23593 0 0.65
23594 0 0.42
23603 0 0.53
23604 0 0.65
23623 0 0.73
23626 0 0.35
23634 0 0.58
23645 0 0.73
23673 0 0.73
23674 0 0.15
23678 0 0.22
23678 1 0.96
23681 0 0.48
23725 0 0.94
23751 0 0.44
23773 0 0.4
23784 0 0.14
23786 0 0.78
23799 0 0.57
23829 0 0.11
23833 0 0.79
23834 0 0.59
23834 1 0.9
23852 0 0.69
23852 1 0.42
23854 0 0.75
23855 0 0.14
23856 0 0.29
23868 0 0.09
23875 0 0.41
23887 0 0.15
23904 0 0.99
23904 1 0.92
23907 0 0.94
23916 0 0.12
23924 0 0.85
23924 1 0.21
23931 0 0.35
23956 0 0.59
23956 1 0.28
23956 2 0.25
23966 0 0.98
23966 1 0.55
23974 0 0.9
23985 0 0.13
23987 0 0.88
23987 1 0.32
23987 2 0.81
24002 0 0.27
24006 0 0.56
24008 0 0.0
24025 0 0.13
24025 1 0.33
24034 0 0.23
24037 0 0.45
24037 1 0.67
24037 2 0.41
24056 0 0.14
24068 0 0.82
24068 1 0.93
24077 0 0.22
24077 1 0.85
24083 0 0.92
24085 0 0.23
24096 0 0.74
24105 0 0.5
24105 1 0.2
24108 0 0.84
24134 0 0.25
24149 0 0.51
24172 0 0.38
24172 1 0.9
24178 0 0.6
24182 0 0.01
24199 0 0.46
24201 0 0.47
24203 0 0.13
24204 0 0.29
24211 0 0.41
24220 0 0.71
24220 1 0.72
24228 0 0.63
24231 0 0.59
24260 0 0.9
24270 0 0.48
24293 0 0.1
24294 0 0.51
24303 0 0.68
24327 0 0.25
24341 0 0.67
24342 0 0.96
24344 0 0.44
24349 0 0.36
24352 0 0.86
24370 0 0.68
24374 0 0.31
24375 0 0.77
24375 1 0.38
24375 2 0.0
24375 3 0.27
24378 0 0.23
24383 0 0.28
24413 0 0.45
24436 0 0.75
24436 1 0.77
24441 0 0.05
24443 0 0.05
24454 0 0.56
24455 0 0.26
24460 0 0.5
24460 1 0.77
24469 0 0.61
24479 0 0.86
24479 1 0.49
24480 0 0.77
24488 0 0.46
24488 1 0.9
24494 0 0.03
24494 1 0.13
24494 2 0.87
24496 0 0.42
24502 0 0.65
24516 0 0.64
24524 0 0.35
24535 0 0.04
24548 0 0.48
24549 0 0.93
24549 1 0.45
24561 0 0.85
24565 0 0.69
24580 0 0.38
24590 0 0.51
24606 0 0.34
24607 0 0.39
24622 0 0.2
24623 0 0.12
24635 0 0.98
24643 0 0.36
24648 0 0.75
24654 0 0.33
24671 0 0.51
24682 0 0.84
24683 0 0.31
24685 0 0.43
24692 0 0.27
24707 0 0.14
24722 0 0.96
24731 0 0.45
24746 0 0.79
24752 0 0.78
24814 0 0.95
24814 1 0.75
24819 0 0.16
24822 0 0.54
24823 0 0.87
24832 0 0.18
24855 0 0.4
24857 0 0.1
24868 0 0.87
24887 0 0.33
24889 0 0.93
24894 0 0.72
24901 0 0.57
24924 0 0.29
24933 0 0.68
24947 0 0.18
24948 0 0.71
24951 0 0.49
24958 0 0.64
24962 0 0.63
24963 0 0.8
24969 0 0.03
24971 0 0.92
24976 0 0.5
24977 0 0.47
24981 0 0.71
24990 0 0.68
25039 0 0.84
25049 0 0.35
25052 0 0.72
25055 0 0.59
25072 0 0.16
25076 0 0.54
25079 0 0.83
25079 1 0.3
25118 0 0.26
25121 0 0.79
25143 0 0.85
25143 1 0.03
25213 0 0.18
25216 0 0.14
25217 0 0.49
25236 0 0.27
25248 0 0.47
25257 0 1.0
25274 0 0.42
25274 1 0.31
25277 0 0.84
25280 0 0.7
25289 0 0.45
25307 0 0.67
25310 0 0.23
25311 0 0.59
25313 0 0.69
25324 0 0.08
25332 0 0.73
25335 0 0.34
25335 1 0.56
25335 2 0.27
25335 3 0.83
25347 0 0.56
25354 0 0.64
25369 0 0.55
25398 0 0.19
25405 0 0.09
25410 0 0.63
25416 0 0.4
25421 0 0.8
25425 0 0.89
25428 0 0.39
25428 1 0.54
25428 2 0.63
25433 0 0.87
25438 0 0.62
25444 0 0.75
25452 0 0.79
25456 0 0.81
25467 0 0.66
25496 0 0.85
25501 0 0.41
25505 0 0.02
25509 0 0.25
25514 0 0.1
25557 0 0.21
25557 1 0.73
25558 0 0.55
25565 0 0.67
25574 0 0.38
25592 0 0.79
25617 0 0.79
25631 0 0.82
25639 0 0.73
25653 0 0.58
25666 0 0.22
25675 0 0.35
25684 0 0.54
25694 0 0.28
25727 0 0.62
25727 1 0.54
25727 2 0.4
25751 0 0.59
25753 0 0.71
25764 0 0.34
25765 0 0.13
25780 0 0.16
25791 0 0.95
25792 0 0.37
25793 0 0.06
25795 0 0.99
25796 0 0.8
25842 0 0.98
25846 0 0.94
25848 0 0.93
25879 0 0.54
25883 0 0.86
25888 0 0.82
25893 0 0.86
25899 0 0.95
25904 0 0.37
25914 0 0.32
25915 0 0.83
25931 0 0.25
25941 0 0.43
25952 0 0.28
25966 0 0.52
25990 0 0.62
25994 0 0.37
26004 0 0.6
26017 0 0.35
26044 0 0.89
26046 0 0.34
26057 0 0.55
26059 0 0.23
26090 0 0.5
26090 1 0.04
26091 0 0.49
26099 0 0.77
26102 0 0.11
26117 0 0.03
26121 0 0.27
26127 0 0.23
26132 0 0.92
26135 0 0.66
26138 0 0.49
26150 0 0.66
26161 0 0.02
26171 0 0.47
26181 0 0.71
26188 0 0.64
26189 0 0.77
26190 0 0.99
26203 0 0.81
26209 0 0.16
26220 0 0.61
26226 0 0.49
26233 0 0.33
26233 1 0.77
26245 0 0.79
26247 0 0.76
26262 0 0.76
26278 0 0.97
26286 0 0.6
26291 0 0.11
26294 0 0.82
26305 0 0.5
26308 0 0.82
26309 0 0.82
26311 0 0.17
26312 0 0.72
26313 0 0.15
26343 0 0.22
26358 0 0.92
26361 0 0.73
26363 0 0.75
26385 0 0.02
26391 0 0.91
26423 0 0.41
26423 1 0.75
26432 0 0.73
26439 0 0.41
26445 0 0.59
26452 0 0.67
26458 0 0.36
26458 1 0.76
26464 0 0.68
26502 0 0.57
26507 0 0.95
26519 0 0.08
26528 0 0.47
26530 0 0.85
26535 0 0.91
26536 0 0.96
26538 0 0.42
26563 0 0.79
26576 0 0.98
26577 0 0.12
26596 0 0.7
26599 0 0.98
26614 0 0.73
26638 0 0.26
26649 0 0.23
26658 0 0.07
26668 0 0.76
26669 0 0.79
26683 0 0.72
26685 0 0.59
26689 0 0.5
26698 0 0.41
26698 1 0.27
26703 0 0.79
26705 0 0.88
26721 0 0.6
26721 1 0.26
26733 0 0.53
26734 0 0.72
26746 0 0.38
26750 0 0.45
26761 0 0.37
26764 0 0.25
26776 0 0.25
26776 1 0.19
26777 0 0.56
26783 0 0.45
26789 0 0.05
26798 0 0.48
26805 0 0.27
26808 0 0.25
26835 0 0.31
26836 0 0.91
26840 0 0.09
26843 0 0.54
26847 0 0.48
26847 1 0.63
26854 0 0.66
26854 1 0.48
26860 0 0.43
26875 0 0.45
26880 0 0.23
26888 0 0.5
26909 0 0.27
26936 0 0.78
26937 0 0.12
26937 1 0.96
26951 0 0.51
26954 0 0.97
26977 0 0.16
26979 0 0.91
26990 0 0.4
26990 1 0.99
26990 2 0.64
26991 0 0.51
26994 0 0.3
26996 0 0.01
27013 0 0.72
27028 0 0.1
27032 0 0.88
27054 0 0.26
27061 0 0.86
27072 0 0.16
27099 0 0.27
27105 0 0.41
27122 0 0.64
27125 0 0.65
27133 0 0.6
27146 0 0.85
27154 0 0.41
27160 0 0.76
27169 0 0.3
27181 0 0.22
27190 0 0.44
27193 0 0.94
27196 0 0.3
27200 0 0.87
27211 0 1.0
27214 0 0.2
27228 0 0.06
27243 0 0.45
27248 0 0.02
27259 0 0.73
27268 0 0.34
27273 0 0.29
27276 0 0.39
27276 1 0.74
27277 0 0.97
27294 0 0.31
27312 0 0.07
27315 0 0.28
27324 0 0.56
27327 0 0.51
27346 0 0.67
27379 0 0.88
27380 0 0.22
27384 0 0.42
27389 0 0.45
27392 0 0.62
27442 0 0.21
27459 0 0.4
27469 0 0.2
27490 0 0.05
27498 0 0.11
27500 0 0.32
27551 0 0.56
27558 0 0.31
27559 0 0.66
27559 1 0.94
27561 0 0.88
27565 0 0.11
27576 0 0.72
27576 1 0.29
27576 2 0.87
27577 0 0.15
27579 0 0.7
27581 0 0.38
27582 0 0.54
27601 0 0.01
27602 0 0.25
27654 0 0.84
27655 0 0.75
27657 0 0.62
27675 0 0.24
27682 0 0.75
27696 0 0.22
27702 0 0.03
27702 1 0.25
27704 0 0.81
27726 0 0.72
27728 0 0.57
27730 0 0.09
27747 0 0.61
27755 0 0.33
27760 0 0.18
27761 0 0.02
27761 1 0.49
27761 2 0.22
27776 0 0.47
27778 0 0.76
27793 0 0.98
27808 0 0.25
27813 0 0.51
27820 0 0.16
27822 0 0.85
27823 0 0.26
27841 0 0.64
27845 0 0.38
27854 0 0.65
27881 0 0.76
27884 0 0.38
27887 0 0.34
27897 0 0.65
27917 0 0.52
27919 0 0.27
27928 0 0.7
27934 0 0.05
27957 0 0.15
27978 0 0.59
27982 0 0.46
28001 0 0.7
28016 0 0.64
28035 0 0.7
28051 0 0.89
28061 0 0.02
28064 0 0.77
28066 0 0.78
28068 0 0.69
28080 0 0.03
28090 0 0.94
28098 0 0.98
28107 0 0.82
28110 0 0.19
28123 0 0.42
28127 0 0.19
28146 0 0.99
28152 0 0.99
28152 1 0.27
28186 0 0.26
28203 0 0.28
28227 0 0.8
28232 0 0.28
28238 0 0.96
28239 0 0.96
28240 0 0.2
28245 0 0.33
28245 1 0.5
28247 0 0.36
28254 0 0.97
28255 0 0.42
28257 0 0.93
28257 1 0.66
28259 0 0.6
28282 0 0.88
28285 0 0.4
28292 0 0.92
28294 0 0.01
28296 0 0.11
28314 0 0.39
28324 0 0.72
28329 0 0.15
28351 0 0.76
28352 0 0.87
28365 0 0.64
28368 0 0.73
28370 0 0.37
28374 0 0.55
28381 0 0.68
28399 0 0.28
28400 0 0.69
28403 0 0.9
28414 0 0.0
28415 0 0.69
28440 0 0.09
28440 1 0.32
28478 0 0.81
28481 0 0.81
28482 0 0.95
28497 0 0.14
28506 0 0.04
28528 0 0.44
28560 0 0.87
28564 0 0.97
28579 0 0.67
28588 0 0.83
28589 0 0.23
28597 0 0.03
28597 1 0.7
28601 0 0.1
28601 1 0.67
28614 0 0.27
28654 0 0.46
28655 0 0.61
28657 0 0.77
28691 0 0.9
28693 0 0.5
28700 0 0.66
28746 0 0.74
28758 0 0.44
28766 0 0.04
28770 0 0.11
28812 0 0.05
28812 1 0.22
28846 0 0.42
28847 0 0.31
28847 1 0.13
28860 0 0.66
28862 0 0.18
28866 0 0.8
28867 0 0.81
28873 0 0.73
28880 0 0.7
28885 0 0.73
28895 0 0.5
28906 0 0.02
28924 0 0.22
28938 0 0.71
28958 0 0.43
29000 0 0.49
29001 0 0.75
29016 0 1.0
29023 0 0.92
29031 0 0.84
29034 0 0.27
29046 0 0.17
29055 0 0.57
29062 0 0.4
29067 0 0.85
29068 0 0.17
29073 0 0.97
29075 0 0.57
29079 0 0.32
29082 0 0.94
29082 1 0.94
29085 0 0.19
29086 0 0.9
29086 1 0.37
29101 0 0.74
29108 0 0.25
29108 1 0.75
29113 0 0.06
29122 0 0.36
29163 0 0.09
29175 0 0.73
29180 0 0.77
29189 0 0.28
29192 0 0.33
29209 0 0.22
29210 0 0.46
29239 0 0.43
29245 0 0.86
29252 0 0.8
29254 0 0.53
29259 0 0.8
29266 0 0.15
29275 0 0.74
29275 1 0.0
29289 0 0.78
29292 0 0.78
29295 0 0.67
29303 0 0.65
29333 0 0.49
29343 0 0.63
29350 0 0.84
29356 0 0.98
29374 0 0.34
29379 0 0.14
29390 0 0.87
29403 0 0.74
29405 0 0.9
29431 0 0.27
29456 0 0.29
29460 0 0.82
29461 0 0.69
29481 0 0.52
29482 0 0.2
29485 0 0.95
29489 0 0.35
29497 0 0.87
29502 0 0.16
29503 0 0.85
29521 0 0.3
29563 0 0.25
29563 1 0.63
29575 0 0.97
29577 0 0.7
29625 0 1.0
29635 0 0.25
29646 0 0.13
29649 0 0.72
29661 0 0.75
29664 0 0.26
29664 1 0.15
29676 0 0.63
29679 0 0.83
29708 0 0.73
29709 0 0.56
29709 1 0.36
29711 0 0.48
29762 0 0.3
29767 0 0.3
29783 0 0.29
29787 0 0.79
29846 0 0.19
29852 0 0.46
29852 1 0.78
29854 0 0.27
29856 0 0.99
29864 0 0.45
29867 0 0.29
29871 0 0.1
29874 0 0.59
29891 0 0.23
29894 0 0.1
29898 0 0.52
29905 0 0.62
29906 0 0.99
29908 0 0.1
29913 0 0.49
29922 0 0.92
29924 0 0.5
29926 0 0.55
29933 0 0.71
29938 0 0.71
29940 0 0.02
29962 0 0.31
29963 0 0.29
29963 1 0.56
29969 0 0.79
29969 1 0.4
30017 0 0.09
30021 0 0.27
30030 0 0.92
30030 1 0.61
30066 0 0.24
30070 0 0.74
30075 0 0.19
30081 0 0.07
30107 0 0.45
30127 0 0.52
30134 0 0.47
30191 0 0.18
30195 0 0.46
30199 0 0.42
30211 0 0.72
30215 0 0.28
30225 0 0.8
30229 0 0.97
30235 0 0.75
30236 0 0.43
30257 0 0.81
30265 0 0.48
30266 0 0.22
30274 0 0.56
30276 0 0.42
30276 1 0.03
30278 0 0.05
30297 0 0.82
30307 0 0.85
30312 0 0.3
30331 0 0.32
30340 0 0.32
30341 0 0.96
30373 0 0.18
30379 0 0.29
30388 0 0.68
30396 0 0.07
30406 0 0.95
30430 0 0.47
30443 0 0.42
30447 0 0.67
30448 0 0.94
30450 0 0.74
30453 0 0.41
30462 0 0.06
30468 0 0.19
30476 0 0.38
30481 0 0.79
30492 0 0.13
30506 0 0.35
30507 0 0.87
30511 0 0.65
30523 0 0.86
30530 0 0.22
30543 0 0.84
30573 0 0.49
30577 0 0.77
30582 0 0.17
30583 0 0.86
30608 0 0.56
30620 0 0.94
30625 0 0.54
30625 1 0.11
30648 0 0.63
30664 0 0.13
30669 0 0.89
30681 0 0.27
30683 0 0.35
30685 0 0.42
30685 1 0.9
30691 0 0.36
30696 0 0.45
30699 0 0.98
30721 0 0.75
30726 0 0.48
30737 0 0.24
30737 1 0.11
30740 0 0.03
30740 1 0.22
30750 0 0.27
30761 0 0.38
30761 1 0.71
30766 0 0.86
30766 1 0.39
30770 0 0.05
30787 0 0.7
30802 0 0.02
30803 0 0.7
30807 0 0.91
30810 0 0.38
30814 0 0.65
30825 0 0.61
30828 0 0.16
30835 0 0.09
30860 0 0.29
30864 0 0.99
30871 0 0.86
30879 0 0.64
30883 0 0.97
30887 0 0.78
30890 0 0.09
30901 0 0.2
30909 0 0.43
30922 0 0.27
30925 0 0.06
30946 0 0.82
30948 0 0.85
30952 0 0.02
30976 0 0.32
30981 0 0.81
30994 0 0.27
31011 0 0.45
31014 0 0.71
31034 0 0.71
31051 0 0.85
31051 1 0.64
31057 0 0.76
31060 0 0.84
31061 0 0.0
31068 0 0.02
31076 0 0.37
31084 0 0.07
31086 0 0.87
31086 1 0.47
31086 2 0.82
31088 0 0.37
31105 0 0.99
31123 0 0.45
31129 0 0.58
31141 0 0.4
31142 0 0.08
31146 0 0.83
31147 0 0.1
31151 0 0.11
31155 0 0.33
31163 0 0.45
31179 0 0.14
31184 0 0.63
31202 0 0.57
31202 1 0.94
31203 0 0.56
31208 0 0.28
31217 0 0.03
31231 0 0.63
31242 0 0.45
31250 0 0.64
31253 0 0.66
31256 0 0.76
31270 0 0.71
31294 0 0.81
31299 0 0.89
31307 0 0.04
31308 0 0.34
31320 0 0.0
31325 0 0.4
31331 0 0.71
31332 0 0.7
31338 0 0.1
31355 0 0.86
31356 0 0.97
31374 0 0.4
31377 0 0.71
31379 0 0.65
31399 0 0.29
31399 1 0.55
31403 0 0.31
31404 0 0.57
31417 0 0.52
31431 0 0.66
31432 0 0.91
31438 0 0.66
31463 0 0.88
31463 1 0.63
31465 0 0.64
31481 0 0.12
31481 1 0.08
31495 0 0.53
31497 0 0.13
31497 1 0.03
31502 0 0.64
31504 0 0.7
31525 0 0.18
31535 0 0.99
31555 0 0.4
31558 0 0.46
31560 0 0.16
31560 1 0.81
31566 0 0.48
31575 0 0.35
31579 0 0.6
31579 1 0.35
31580 0 0.66
31582 0 0.77
31584 0 0.24
31621 0 0.19
31639 0 0.29
31647 0 0.79
31676 0 0.81
31698 0 0.1
31699 0 0.64
31702 0 0.79
31745 0 0.5
31759 0 0.13
31773 0 0.89
31775 0 0.81
31797 0 0.71
31800 0 0.46
31805 0 0.66
31809 0 0.57
31809 1 0.48
31814 0 0.21
31824 0 0.07
31827 0 0.34
31828 0 0.56
31837 0 0.55
31837 1 0.34
31873 0 0.34
31874 0 0.15
31881 0 0.48
31915 0 0.58
31918 0 0.51
31923 0 0.39
31925 0 0.52
31931 0 0.02
31939 0 0.81
31956 0 0.3
31956 1 0.93
31956 2 0.98
31969 0 0.88
31969 1 0.51
32001 0 0.22
32016 0 0.78
32018 0 0.87
32027 0 0.35
32041 0 0.38
32044 0 0.55
32048 0 0.86
32053 0 0.24
32081 0 0.37
32097 0 0.32
32103 0 0.59
32141 0 0.87
32143 0 0.36
32159 0 0.78
32173 0 0.8
32177 0 0.69
32186 0 0.66
32187 0 0.87
32214 0 0.29
32220 0 0.1
32221 0 0.11
32224 0 0.72
32227 0 0.16
32250 0 0.26
32250 1 0.14
32257 0 0.83
32261 0 0.46
32279 0 0.64
32296 0 0.62
32297 0 0.35
32302 0 0.35
32306 0 0.94
32310 0 0.29
32330 0 0.55
32333 0 0.11
32334 0 0.05
32354 0 0.96
32357 0 0.61
32357 1 0.92
32416 0 0.95
32428 0 0.45
32430 0 0.0
32434 0 0.82
32438 0 0.47
32439 0 0.43
32440 0 0.1
32454 0 0.88
32468 0 0.02
32470 0 0.63
32473 0 0.02
32484 0 0.46
32514 0 0.15
32524 0 0.78
32534 0 0.71
32540 0 0.9
32540 1 0.61
32557 0 0.94
32562 0 0.24
32568 0 0.74
32569 0 0.54
32575 0 0.59
32580 0 0.27
32594 0 0.4
32595 0 0.73
32597 0 0.51
32618 0 0.49
32618 1 0.66
32632 0 0.23
32643 0 0.97
32646 0 0.11
32653 0 0.18
32662 0 0.05
32666 0 0.04
32672 0 0.81
32681 0 0.79
32688 0 0.68
32689 0 0.63
32692 0 0.57
32702 0 0.78
32726 0 0.64
32736 0 0.12
32757 0 0.05
32759 0 0.26
32760 0 0.77
32768 0 0.14
32784 0 0.74
32784 1 0.68
32799 0 0.09
32804 0 0.45
32812 0 0.22
32812 1 0.94
32822 0 0.68
32823 0 0.62
32860 0 0.59
32864 0 0.83
32866 0 0.99
32873 0 0.34
32873 1 0.96
32891 0 0.5
32895 0 0.91
32899 0 0.94
32900 0 0.53
32945 0 0.69
32955 0 0.0
32956 0 0.88
32966 0 0.59
32966 1 0.35
32984 0 0.38
32988 0 0.61
32994 0 0.9
32997 0 0.02
32997 1 0.74
33016 0 0.73
33026 0 0.17
33027 0 0.87
33043 0 0.97
33043 1 0.0
33043 2 0.49
33052 0 0.99
33052 1 0.22
33054 0 0.13
33064 0 0.6
33064 1 0.41
33069 0 0.35
33105 0 0.82
33109 0 0.47
33112 0 0.17
33121 0 0.2
33129 0 0.89
33173 0 0.54
33173 1 0.84
33185 0 0.8
33187 0 0.02
33197 0 0.85
33215 0 0.15
33216 0 0.83
33216 1 0.05
33221 0 0.36
33221 1 0.08
33238 0 0.74
33248 0 0.33
33283 0 0.6
33293 0 0.36
33331 0 0.98
33335 0 0.23
33349 0 0.2
33352 0 0.3
33363 0 0.52
33367 0 0.74
33368 0 0.32
33368 1 0.16
33380 0 0.17
33391 0 0.28
33396 0 0.71
33396 1 0.5
33403 0 0.95
33414 0 0.48
33421 0 0.95
33431 0 0.27
33458 0 0.65
33467 0 0.63
33469 0 0.3
33469 1 0.2
33479 0 0.94
33482 0 0.92
33497 0 0.89
33497 1 0.47
33515 0 0.35
33518 0 0.29
33521 0 0.73
33522 0 0.05
33537 0 0.44
33538 0 0.83
33544 0 0.31
33550 0 0.42
33565 0 0.91
33568 0 0.3
33573 0 0.91
33581 0 0.71
33586 0 0.01
33597 0 0.6
33619 0 0.32
33637 0 0.95
33642 0 0.99
33658 0 0.85
33660 0 0.61
33661 0 0.64
33665 0 0.28
33666 0 0.05
33682 0 0.53
33698 0 0.17
33711 0 0.42
33717 0 0.0
33726 0 0.91
33729 0 0.63
33729 1 0.0
33729 2 0.28
33731 0 0.87
33744 0 0.26
33771 0 0.22
33785 0 0.2
33793 0 0.33
33793 1 0.15
33800 0 0.65
33803 0 0.46
33817 0 0.04
33818 0 0.19
33826 0 0.83
33834 0 0.44
33843 0 0.55
33845 0 1.0
33848 0 0.34
33862 0 0.76
33870 0 0.62
33895 0 0.89
33899 0 0.05
33905 0 0.45
33909 0 0.67
33911 0 0.32
33915 0 0.89
33921 0 0.6
33926 0 0.75
33939 0 0.41
33939 1 0.89
33944 0 0.4
33949 0 0.28
33954 0 0.43
33955 0 0.72
33968 0 0.39
33980 0 0.92
33980 1 0.67
33982 0 0.42
34002 0 0.8
34003 0 0.7
34010 0 0.22
34016 0 0.37
34016 1 0.31
34018 0 0.96
34024 0 0.62
34028 0 0.36
34031 0 0.51
34032 0 0.62
34036 0 0.38
34038 0 0.63
34045 0 0.51
34048 0 0.1
34048 1 0.53
34052 0 0.14
34053 0 0.61
34054 0 0.41
34062 0 0.53
34067 0 0.47
34069 0 0.07
34073 0 0.91
34073 1 0.86
34087 0 0.01
34096 0 0.48
34118 0 0.07
34122 0 0.67
34129 0 0.01
34129 1 0.33
34144 0 0.03
34148 0 0.98
34165 0 0.26
34165 1 0.14
34192 0 0.42
34194 0 0.38
34202 0 0.13
34208 0 0.98
34213 0 0.74
34213 1 0.04
34219 0 0.93
34225 0 0.96
34226 0 0.27
34242 0 0.46
34244 0 0.73
34244 1 0.94
34273 0 0.97
34284 0 0.55
34301 0 0.4
34317 0 0.61
34321 0 0.32
34328 0 0.92
34345 0 0.58
34347 0 0.9
34350 0 0.35
34350 1 0.03
34359 0 0.62
34384 0 0.86
34386 0 0.82
34388 0 0.01
34388 1 0.41
34413 0 0.55
34431 0 0.91
34464 0 0.21
34464 1 0.63
34473 0 0.56
34473 1 0.52
34474 0 0.33
34479 0 0.25
34492 0 0.23
34505 0 0.56
34506 0 0.93
34507 0 0.65
34510 0 0.24
34513 0 0.59
34515 0 0.51
34548 0 0.96
34563 0 0.23
34574 0 0.01
34575 0 0.24
34584 0 0.02
34616 0 0.78
34622 0 0.87
34633 0 0.6
34634 0 0.58
34640 0 0.06
34646 0 0.88
34652 0 0.16
34660 0 0.99
34676 0 0.78
34686 0 0.5
34707 0 0.82
34722 0 0.88
34752 0 0.64
34764 0 0.3
34771 0 0.28
34773 0 0.17
34782 0 0.82
34804 0 0.99
34818 0 0.72
34829 0 0.95
34831 0 0.87
34841 0 0.55
34864 0 0.12
34872 0 0.11
34880 0 0.68
34885 0 0.42
34888 0 0.78
34900 0 0.76
34901 0 0.65
34910 0 0.29
34911 0 0.48
34911 1 0.62
34916 0 0.04
34916 1 0.78
34918 0 0.13
34925 0 0.33
34950 0 0.58
34964 0 0.63
34969 0 0.18
34972 0 0.76
34978 0 0.68
34984 0 0.99
34986 0 0.93
34986 1 0.1
34987 0 0.51
34997 0 0.28
34999 0 0.83
35015 0 0.43
35027 0 0.17
35030 0 0.13
35034 0 0.87
35038 0 0.83
35040 0 0.85
35041 0 0.52
35046 0 0.98
35046 1 0.48
35046 2 0.62
35081 0 0.99
35089 0 0.68
35090 0 0.57
35094 0 0.18
35107 0 0.27
35118 0 0.43
35118 1 0.19
35128 0 0.48
35159 0 0.52
35163 0 0.59
35167 0 0.99
35172 0 0.65
35181 0 0.23
35181 1 0.21
35184 0 0.35
35198 0 0.21
35207 0 0.68
35214 0 0.32
35218 0 0.28
35230 0 0.46
35238 0 0.24
35239 0 0.6
35254 0 0.91
35274 0 0.9
35274 1 0.22
35287 0 0.76
35290 0 0.48
35307 0 0.32
35311 0 0.08
35312 0 0.35
35318 0 0.71
35318 1 0.69
35356 0 0.84
35360 0 0.49
35360 1 0.28
35360 2 0.14
35361 0 0.48
35361 1 0.79
35362 0 0.09
35363 0 0.84
35365 0 0.36
35372 0 0.83
35372 1 0.2
35386 0 0.22
35390 0 0.33
35399 0 0.86
35403 0 0.0
35418 0 0.81
35419 0 0.71
35424 0 0.24
35426 0 0.17
35433 0 0.52
35447 0 0.5
35452 0 0.15
35459 0 0.13
35471 0 0.82
35520 0 0.16
35523 0 0.91
35531 0 0.76
35544 0 0.88
35561 0 0.08
35562 0 0.85
35567 0 0.43
35567 1 0.26
35578 0 0.35
35581 0 0.8
35586 0 0.51
35590 0 0.41
35605 0 0.42
35616 0 0.16
35616 1 0.23
35629 0 0.16
35631 0 0.76
35650 0 0.8
35653 0 0.89
35677 0 0.09
35677 1 0.96
35677 2 0.39
35686 0 0.1
35703 0 0.3
35713 0 0.24
35713 1 0.43
35714 0 0.82
35715 0 0.14
35715 1 0.63
35741 0 0.74
35744 0 0.02
35768 0 0.41
35775 0 0.13
35781 0 0.32
35781 1 0.78
35783 0 0.73
35790 0 0.3
35793 0 0.07
35794 0 0.78
35801 0 0.27
35807 0 0.14
35812 0 0.35
35827 0 0.78
35827 1 0.24
35833 0 0.09
35873 0 0.51
35877 0 0.53
35879 0 0.24
35880 0 0.77
35922 0 0.36
35922 1 0.22
35922 2 0.29
35940 0 0.64
35945 0 0.84
35966 0 0.22
35966 1 0.58
35971 0 0.73
35974 0 0.79
35985 0 0.19
35985 1 0.97
35993 0 0.76
36005 0 0.24
36022 0 0.51
36035 0 0.75
36035 1 0.64
36042 0 0.66
36042 1 0.52
36051 0 0.33
36055 0 0.61
36068 0 0.16
36071 0 0.19
36143 0 0.65
36148 0 0.36
36150 0 0.11
36150 1 0.25
36159 0 0.07
36160 0 0.14
36171 0 0.48
36176 0 0.83
36180 0 0.15
36181 0 0.75
36181 1 0.01
36190 0 0.12
36195 0 0.43
36204 0 0.23
36217 0 0.37
36221 0 0.35
36225 0 0.65
36228 0 0.79
36228 1 0.37
36236 0 0.24
36241 0 0.91
36242 0 0.14
36245 0 0.86
36276 0 0.12
36276 1 0.49
36283 0 0.71
36298 0 0.48
36301 0 0.29
36305 0 0.49
36306 0 0.35
36334 0 0.37
36349 0 0.07
36356 0 0.6
36376 0 0.29
36403 0 0.65
36415 0 0.17
36475 0 0.14
36485 0 0.96
36494 0 0.36
36502 0 0.16
36516 0 0.42
36516 1 0.46
36522 0 0.25
36531 0 0.33
36539 0 0.85
36544 0 0.8
36547 0 0.44
36550 0 0.83
36550 1 0.4
36570 0 0.44
36589 0 0.72
36590 0 0.79
36591 0 0.76
36592 0 0.36
36619 0 0.77
36632 0 0.39
36636 0 0.85
36636 1 0.22
36652 0 0.2
36659 0 0.02
36663 0 0.57
36666 0 0.28
36668 0 0.08
36671 0 0.3
36682 0 0.82
36685 0 0.03
36689 0 0.41
36707 0 0.27
36707 1 0.24
36718 0 0.03
36718 1 0.07
36728 0 0.42
36732 0 0.49
36747 0 0.27
36748 0 0.56
36764 0 0.47
36770 0 0.55
36798 0 0.5
36799 0 0.27
36801 0 0.19
36805 0 0.64
36816 0 0.95
36833 0 0.61
36852 0 0.6
36852 1 0.32
36854 0 0.88
36861 0 0.32
36876 0 0.59
36880 0 0.3
36882 0 0.83
36903 0 0.01
36912 0 0.93
36913 0 0.62
36915 0 0.46
36915 1 0.81
36927 0 0.42
36927 1 0.39
36927 2 0.16
36953 0 0.19
36960 0 0.63
36965 0 0.84
36977 0 0.64
36983 0 0.83
36993 0 0.33
37001 0 0.63
37002 0 0.99
37005 0 0.88
37012 0 0.83
37013 0 0.48
37022 0 0.17
37025 0 0.88
37029 0 0.98
37030 0 0.62
37030 1 0.04
37039 0 0.83
37045 0 0.59
37063 0 0.3
37074 0 1.0
37074 1 0.72
37076 0 0.54
37082 0 0.06
37088 0 0.25
37105 0 0.23
37123 0 0.92
37125 0 0.26
37127 0 0.48
37136 0 0.49
37139 0 0.99
37142 0 0.87
37143 0 0.66
37143 1 0.91
37159 0 0.19
37159 1 0.89
37161 0 0.6
37165 0 1.0
37187 0 0.78
37189 0 0.86
37221 0 0.93
37222 0 0.5
37228 0 0.17
37233 0 0.32
37236 0 1.0
37254 0 0.64
37268 0 0.23
37271 0 0.2
37273 0 0.62
37276 0 0.59
37277 0 0.41
37282 0 0.68
37284 0 0.59
37284 1 0.74
37293 0 0.02
37301 0 0.44
37316 0 0.25
37334 0 0.66
37334 1 0.6
37337 0 0.44
37346 0 0.75
37346 1 0.95
37361 0 0.05
37372 0 0.28
37373 0 0.13
37373 1 0.69
37382 0 0.49
37382 1 0.04
37384 0 0.79
37389 0 0.44
37389 1 0.76
37390 0 0.28
37401 0 0.02
37403 0 0.8
37404 0 0.04
37414 0 0.05
37416 0 0.97
37417 0 0.49
37456 0 0.22
37461 0 0.36
37470 0 0.49
37479 0 0.82
37489 0 0.06
37491 0 0.8
37505 0 0.6
37515 0 0.98
37533 0 0.04
37546 0 0.5
37563 0 0.81
37574 0 0.6
37575 0 0.09
37579 0 0.02
37600 0 0.79
37607 0 0.87
37612 0 0.44
37618 0 0.66
37629 0 0.63
37641 0 0.03
37664 0 0.77
37673 0 0.88
37674 0 0.67
37678 0 0.74
37696 0 0.88
37702 0 0.65
37715 0 0.99
37720 0 0.54
37738 0 0.29
37739 0 0.84
37747 0 0.69
37747 1 0.08
37749 0 0.51
37750 0 0.21
37765 0 0.01
37772 0 0.37
37777 0 0.42
37794 0 0.47
37801 0 0.38
37821 0 0.33
37821 1 0.19
37827 0 0.25
37837 0 0.17
37845 0 0.04
37866 0 0.54
37866 1 0.2
37868 0 0.64
37871 0 0.2
37875 0 0.66
37875 1 0.66
37881 0 0.71
37887 0 0.18
37897 0 0.01
37901 0 0.07
37906 0 0.05
37906 1 0.39
37912 0 0.58
37921 0 0.9
37925 0 0.95
37940 0 0.76
37940 1 0.89
37945 0 0.34
37947 0 0.99
37947 1 0.47
37964 0 0.36
37967 0 0.88
37970 0 0.23
37972 0 0.6
37992 0 0.39
37992 1 0.58
38006 0 0.47
38010 0 0.31
38034 0 0.41
38048 0 0.05
38062 0 0.61
38075 0 0.14
38082 0 0.63
38099 0 0.65
38099 1 0.91
38106 0 0.8
38106 1 0.35
38111 0 0.99
38131 0 0.51
38145 0 0.18
38145 1 0.88
38152 0 0.58
38176 0 0.54
38176 1 0.21
38195 0 0.86
38197 0 0.41
38201 0 0.53
38215 0 0.94
38222 0 0.22
38238 0 0.36
38242 0 0.34
38252 0 0.81
38264 0 0.39
38273 0 0.24
38273 1 0.57
38278 0 0.41
38278 1 0.65
38291 0 0.87
38291 1 0.83
38291 2 0.18
38298 0 0.99
38322 0 0.17
38325 0 0.41
38325 1 0.78
38335 0 0.32
38343 0 0.82
38346 0 0.48
38358 0 0.49
38363 0 0.15
38365 0 0.04
38365 1 0.85
38371 0 0.92
38371 1 0.31
38371 2 0.9
38374 0 0.29
38381 0 0.58
38392 0 0.79
38414 0 0.22
38417 0 0.35
38417 1 0.06
38417 2 0.01
38433 0 0.32
38433 1 0.95
38438 0 0.69
38440 0 0.2
38445 0 0.69
38447 0 0.71
38497 0 0.32
38508 0 0.94
38511 0 0.08
38524 0 0.91
38537 0 0.53
38545 0 0.84
38551 0 0.07
38563 0 0.1
38566 0 0.47
38577 0 0.99
38580 0 0.3
38586 0 0.0
38589 0 0.16
38590 0 0.06
38592 0 0.1
38594 0 0.8
38603 0 0.77
38603 1 0.59
38628 0 0.03
38630 0 0.95
38635 0 0.36
38635 1 0.11
38657 0 0.04
38661 0 0.04
38664 0 0.12
38669 0 0.35
38671 0 0.88
38689 0 0.77
38713 0 0.3
38715 0 0.38
38716 0 0.02
38719 0 0.62
38725 0 0.44
38733 0 0.73
38747 0 0.73
38759 0 0.79
38762 0 0.57
38773 0 0.06
38813 0 0.05
38844 0 0.56
38845 0 0.81
38848 0 0.93
38862 0 0.31
38865 0 0.18
38870 0 0.63
38901 0 0.58
38903 0 0.95
38908 0 0.33
38917 0 0.47
38919 0 0.86
38928 0 0.62
38956 0 0.14
38958 0 0.17
38963 0 0.23
38969 0 0.69
38971 0 0.55
38971 1 0.08
38972 0 0.9
38973 0 0.51
38974 0 0.99
38975 0 0.42
38985 0 0.24
38985 1 0.99
38989 0 0.79
38989 1 0.26
39022 0 0.8
39024 0 0.88
39031 0 0.13
39031 1 0.69
39049 0 0.02
39060 0 0.62
39064 0 0.89
39064 1 0.07
39064 2 0.53
39071 0 0.88
39071 1 0.67
39072 0 0.94
39082 0 0.07
39088 0 0.8
39092 0 0.56
39102 0 0.32
39102 1 0.62
39103 0 0.61
39109 0 0.86
39140 0 0.15
39143 0 0.37
39150 0 0.57
39167 0 0.33
39173 0 0.11
39174 0 0.48
39188 0 0.06
39188 1 0.15
39191 0 0.3
39191 1 0.93
39196 0 0.65
39214 0 0.86
39214 1 0.66
39224 0 0.22
39228 0 0.62
39229 0 0.35
39239 0 0.94
39254 0 0.6
39254 1 0.09
39255 0 0.18
39264 0 0.41
39270 0 0.6
39289 0 0.07
39296 0 0.26
39297 0 0.66
39297 1 0.39
39297 2 0.56
39301 0 0.79
39308 0 0.69
39325 0 0.59
39333 0 0.37
39341 0 0.92
39341 1 0.41
39341 2 0.24
39346 0 0.91
39350 0 0.72
39362 0 0.84
39366 0 0.52
39369 0 0.42
39373 0 0.46
39383 0 0.2
39385 0 0.35
39390 0 0.09
39399 0 0.06
39406 0 0.02
39421 0 0.82
39448 0 0.18
39468 0 0.13
39470 0 0.93
39473 0 0.03
39474 0 0.41
39481 0 0.07
39485 0 0.81
39486 0 0.25
39488 0 0.06
39497 0 0.47
39508 0 0.8
39514 0 0.05
39525 0 0.1
39543 0 0.15
39545 0 0.64
39548 0 0.81
39549 0 0.9
39554 0 0.57
39561 0 0.51
39572 0 0.78
39574 0 0.93
39604 0 0.27
39634 0 0.81
39654 0 0.42
39656 0 0.87
39673 0 0.45
39674 0 0.05
39678 0 0.36
39689 0 0.26
39691 0 0.24
39692 0 0.55
39695 0 0.91
39710 0 0.7
39731 0 0.14
39738 0 0.54
39743 0 0.88
39751 0 0.95
39755 0 0.01
39755 1 1.0
39757 0 0.18
39762 0 0.94
39791 0 0.85
39793 0 0.57
39796 0 0.62
39799 0 0.19
39801 0 0.61
39804 0 0.83
39804 1 0.35
39815 0 0.84
39826 0 0.66
39826 1 0.35
39852 0 0.29
39860 0 0.09
39861 0 0.23
39865 0 0.28
39867 0 0.32
39882 0 0.86
39883 0 0.2
39892 0 0.83
39908 0 0.69
39916 0 0.08
39919 0 0.97
39919 1 0.44
39930 0 0.18
39937 0 0.76
39937 1 0.49
39943 0 0.22
39943 1 0.43
39970 0 0.35
39978 0 0.82
40008 0 0.72
40011 0 0.32
40013 0 0.5
40047 0 0.35
40067 0 0.25
40092 0 0.57
40094 0 0.27
40107 0 0.32
40124 0 0.57
40126 0 0.08
40126 1 0.31
40130 0 0.24
40132 0 0.81
40156 0 0.18
40176 0 0.13
40190 0 0.84
40197 0 0.4
40203 0 0.58
40204 0 0.43
40209 0 0.39
40219 0 0.02
40224 0 0.8
40246 0 0.62
40281 0 0.17
40288 0 0.55
40294 0 0.7
40299 0 0.54
40299 1 0.7
40323 0 0.02
40324 0 0.17
40329 0 0.51
40344 0 0.81
40345 0 0.53
40345 1 0.6
40346 0 0.49
40346 1 0.09
40349 0 0.69
40352 0 0.23
40355 0 0.42
40355 1 0.46
40376 0 0.52
40395 0 0.26
40397 0 0.01
40406 0 0.87
40423 0 0.79
40424 0 0.77
40433 0 0.23
40445 0 0.26
40446 0 0.94
40450 0 0.64
40464 0 0.99
40476 0 0.42
40481 0 0.72
40487 0 0.89
40492 0 0.71
40493 0 0.07
40503 0 0.09
40504 0 0.34
40509 0 0.09
40523 0 0.46
40528 0 0.01
40534 0 0.14
40537 0 0.54
40541 0 0.04
40546 0 0.45
40549 0 0.46
40551 0 0.87
40563 0 0.37
40564 0 0.93
40577 0 0.5
40580 0 0.87
40582 0 0.18
40586 0 0.32
40625 0 0.1
40625 1 0.61
40633 0 0.48
40649 0 0.8
40655 0 0.91
40658 0 0.48
40663 0 0.16
40664 0 0.51
40668 0 0.71
40674 0 0.71
40700 0 0.14
40702 0 0.26
40707 0 0.11
40718 0 0.52
40720 0 0.3
40731 0 0.12
40776 0 0.06
40776 1 0.23
40777 0 0.59
40777 1 0.6
40789 0 0.59
40790 0 0.63
40804 0 0.5
40814 0 0.84
40828 0 0.15
40838 0 0.21
40846 0 0.29
40847 0 0.05
40863 0 0.84
40867 0 0.26
40872 0 0.19
40883 0 0.46
40899 0 0.41
40900 0 0.45
40903 0 0.06
40908 0 0.74
40909 0 0.43
40917 0 0.37
40937 0 0.95
40938 0 0.4
40939 0 0.43
40944 0 0.45
40945 0 0.47
40967 0 0.02
40981 0 0.41
40988 0 0.44
40991 0 0.39
40994 0 0.55
41003 0 0.11
41005 0 0.05
41011 0 0.71
41011 1 0.22
41018 0 0.43
41030 0 0.27
41031 0 0.09
41050 0 0.35
41072 0 0.73
41081 0 0.97
41082 0 0.77
41084 0 0.68
41088 0 0.4
41097 0 0.67
41113 0 0.81
41114 0 0.55
41129 0 0.86
41129 1 0.55
41130 0 0.96
41144 0 0.87
41154 0 0.69
41154 1 0.79
41178 0 0.63
41189 0 0.4
41197 0 0.77
41200 0 0.01
41208 0 0.55
41212 0 0.85
41214 0 0.57
41217 0 0.01
41217 1 0.29
41232 0 0.99
41237 0 0.87
41237 1 0.71
41241 0 0.34
41270 0 0.71
41270 1 0.13
41271 0 0.97
41279 0 0.62
41284 0 0.11
41286 0 0.68
41292 0 0.36
41325 0 0.96
41327 0 0.39
41346 0 0.69
41358 0 0.88
41360 0 0.42
41361 0 0.1
41386 0 0.31
41391 0 0.92
41421 0 0.72
41421 1 0.19
41423 0 0.47
41433 0 0.19
41457 0 0.22
41469 0 0.39
41470 0 0.09
41472 0 0.68
41476 0 0.37
41477 0 0.33
41520 0 0.28
41523 0 0.47
41531 0 0.12
41534 0 0.21
41538 0 0.72
41541 0 0.52
41557 0 0.06
41558 0 0.67
41582 0 0.09
41585 0 0.99
41604 0 0.51
41621 0 0.38
41625 0 0.18
41653 0 0.47
41689 0 0.34
41712 0 0.94
41720 0 0.14
41742 0 0.56
41744 0 0.23
41748 0 0.58
41750 0 0.58
41750 1 0.01
41763 0 0.37
41773 0 0.4
41784 0 0.9
41790 0 0.09
41791 0 0.17
41793 0 0.35
41794 0 0.63
41820 0 0.73
41828 0 0.52
41831 0 0.43
41831 1 0.15
41831 2 0.57
41848 0 0.62
41849 0 0.04
41863 0 0.48
41870 0 0.03
41893 0 0.04
41906 0 0.81
41913 0 0.02
41913 1 0.02
41914 0 0.64
41927 0 0.8
41958 0 0.07
41960 0 0.35
41967 0 0.23
41970 0 0.65
41972 0 0.75
41973 0 0.59
41994 0 0.22
41996 0 0.29
42003 0 0.93
42010 0 0.28
42013 0 0.19
42014 0 0.78
42026 0 0.58
42027 0 0.21
42031 0 0.63
42033 0 0.17
42045 0 0.35
42052 0 0.33
42055 0 0.85
42066 0 0.53
42075 0 0.34
42075 1 0.21
42081 0 0.99
42089 0 0.41
42090 0 0.93
42091 0 0.4
42096 0 0.3
42104 0 0.27
42107 0 0.37
42113 0 0.02
42121 0 0.41
42127 0 0.68
42133 0 0.43
42150 0 0.42
42165 0 0.7
42167 0 0.64
42168 0 0.34
42191 0 0.41
42192 0 0.06
42197 0 0.54
42223 0 0.21
42239 0 0.56
42267 0 0.07
42268 0 0.69
42278 0 0.79
42282 0 0.2
42292 0 0.08
42312 0 0.54
42327 0 0.9
42341 0 0.42
42343 0 0.59
42369 0 0.57
42371 0 0.2
42371 1 0.17
42375 0 0.9
42383 0 0.77
42401 0 0.71
42401 1 0.35
42416 0 0.24
42440 0 0.27
42446 0 0.77
42454 0 0.37
42459 0 0.83
42470 0 0.63
42472 0 0.76
42473 0 0.24
42482 0 0.6
42482 1 0.31
42483 0 0.95
42483 1 0.73
42500 0 0.04
42511 0 0.08
42516 0 0.73
42516 1 0.24
42519 0 0.02
42522 0 0.5
42534 0 0.04
42534 1 0.79
42550 0 0.94
42609 0 0.56
42626 0 0.34
42645 0 0.48
42647 0 0.06
42650 0 0.22
42662 0 0.24
42677 0 0.08
42701 0 0.28
42704 0 0.61
42706 0 0.46
42707 0 0.5
42714 0 0.94
42732 0 0.19
42743 0 0.47
42766 0 0.16
42796 0 0.73
42797 0 0.27
42797 1 0.96
42799 0 0.55
42810 0 0.94
42815 0 0.5
42863 0 0.77
42875 0 0.8
42886 0 0.72
42891 0 0.14
42895 0 0.16
42898 0 0.08
42907 0 0.63
42921 0 0.87
42927 0 0.12
42946 0 0.34
42966 0 0.98
42984 0 0.23
42998 0 0.64
43006 0 0.81
43026 0 0.41
43028 0 0.84
43028 1 0.15
43030 0 0.75
43030 1 0.0
43035 0 0.87
43050 0 0.22
43058 0 0.88
43068 0 0.17
43100 0 0.65
43101 0 0.03
43102 0 0.18
43115 0 0.7
43121 0 0.67
43136 0 0.53
43149 0 0.77
43163 0 0.06
43169 0 0.54
43171 0 0.47
43185 0 0.16
43204 0 0.8
43238 0 0.11
43244 0 0.14
43245 0 0.85
43247 0 0.43
43247 1 0.39
43253 0 0.1
43258 0 0.6
43259 0 0.11
43280 0 0.58
43282 0 0.34
43284 0 0.26
43311 0 0.85
43315 0 0.66
43325 0 0.2
43350 0 0.29
43351 0 0.55
43366 0 0.94
43378 0 0.62
43394 0 0.73
43399 0 0.33
43404 0 0.11
43404 1 0.3
43412 0 0.9
43412 1 0.85
43428 0 0.73
43435 0 0.48
43436 0 0.6
43458 0 0.09
43471 0 0.12
43483 0 0.71
43483 1 0.18
43484 0 0.08
43484 1 0.85
43486 0 0.71
43487 0 0.6
43488 0 0.34
43495 0 0.62
43518 0 0.14
43520 0 0.77
43521 0 0.62
43529 0 0.53
43538 0 0.19
43543 0 0.49
43563 0 0.31
43572 0 0.3
43582 0 0.62
43585 0 0.87
43599 0 0.44
43599 1 0.52
43601 0 0.44
43607 0 0.63
43642 0 0.68
43648 0 0.05
43648 1 0.57
43654 0 0.48
43654 1 0.9
43673 0 0.63
43677 0 0.04
43689 0 0.97
43689 1 0.08
43692 0 1.0
43693 0 0.49
43714 0 0.29
43718 0 0.07
43719 0 0.07
43741 0 0.34
43746 0 0.9
43779 0 0.41
43793 0 0.01
43798 0 0.16
43802 0 0.17
43803 0 0.44
43803 1 0.14
43807 0 0.59
43828 0 0.79
43828 1 0.03
43846 0 0.16
43848 0 0.17
43850 0 0.64
43859 0 0.39
43859 1 0.95
43859 2 0.26
43870 0 0.06
43891 0 0.38
43899 0 0.08
43912 0 0.86
43912 1 0.38
43914 0 0.74
43918 0 0.12
43920 0 0.04
43935 0 0.51
43936 0 0.63
43941 0 0.97
43947 0 0.8
43948 0 0.08
43950 0 0.29
43958 0 0.62
43975 0 0.82
43980 0 0.43
43993 0 0.36
43999 0 0.97
44000 0 0.08
44008 0 0.05
44018 0 0.77
44018 1 0.88
44031 0 0.89
44042 0 0.39
44043 0 0.94
44045 0 0.5
44048 0 0.04
44048 1 0.56
44052 0 0.23
44063 0 0.5
44064 0 0.48
44089 0 0.5
44091 0 0.42
44092 0 0.63
44097 0 0.75
44115 0 0.53
44116 0 0.02
44130 0 0.4
44130 1 0.81
44131 0 0.59
44131 1 0.09
44134 0 0.45
44158 0 0.05
44161 0 0.29
44164 0 0.25
44167 0 0.85
44194 0 0.04
44207 0 0.34
44208 0 0.98
44208 1 0.1
44211 0 0.06
44233 0 0.38
44236 0 0.76
44258 0 0.75
44271 0 0.66
44288 0 0.58
44297 0 0.43
44297 1 0.32
44298 0 0.38
44315 0 0.79
44321 0 0.28
44321 1 0.19
44326 0 0.6
44332 0 0.95
44344 0 0.5
44346 0 0.02
44346 1 0.59
44354 0 0.12
44362 0 0.28
44380 0 0.0
44385 0 0.01
44393 0 0.69
44401 0 0.16
44426 0 0.76
44434 0 0.56
44447 0 0.07
44455 0 0.7
44460 0 0.76
44475 0 0.39
44475 1 0.38
44484 0 0.68
44490 0 0.26
44502 0 0.76
44505 0 0.73
44517 0 0.2
44528 0 0.85
44535 0 0.75
44547 0 0.89
44567 0 0.3
44568 0 0.95
44570 0 0.32
44574 0 0.98
44602 0 0.15
44612 0 0.57
44621 0 0.33
44643 0 0.39
44645 0 0.54
44646 0 0.55
44649 0 0.56
44655 0 0.69
44656 0 0.68
44666 0 0.29
44671 0 0.6
44680 0 0.38
44694 0 0.65
44696 0 0.26
44696 1 0.81
44700 0 0.02
44726 0 0.11
44728 0 0.38
44734 0 0.2
44755 0 0.25
44766 0 0.44
44776 0 0.07
44781 0 0.77
44784 0 0.77
44793 0 0.82
44802 0 0.49
44820 0 0.13
44823 0 0.52
44823 1 0.31
44831 0 0.2
44855 0 0.62
44858 0 0.2
44862 0 0.52
44867 0 0.65
44901 0 0.09
44907 0 0.1
44908 0 0.22
44916 0 0.27
44922 0 0.38
44922 1 0.33
44928 0 0.83
44934 0 0.61
44935 0 0.66
44949 0 0.37
44960 0 0.76
44965 0 0.06
44967 0 0.45
44970 0 0.59
44978 0 0.98
45013 0 0.68
45024 0 0.68
45033 0 0.96
45037 0 0.37
45042 0 0.25
45052 0 0.83
45053 0 0.06
45053 1 0.82
45077 0 0.05
45077 1 0.92
45082 0 0.34
45084 0 0.88
45093 0 0.08
45103 0 0.08
45112 0 0.55
45122 0 0.55
45132 0 0.38
45148 0 0.43
45152 0 0.03
45156 0 0.74
45164 0 0.83
45165 0 0.44
45171 0 0.76
45180 0 0.78
45187 0 0.32
45191 0 0.04
45214 0 0.04
45221 0 0.07
45241 0 0.11
45273 0 0.03
45303 0 0.55
45305 0 1.0
45313 0 0.66
45359 0 0.62
45365 0 0.23
45365 1 0.98
45384 0 0.23
45388 0 0.14
45389 0 0.56
45390 0 0.18
45401 0 0.27
45412 0 0.52
45415 0 0.29
45416 0 0.9
45436 0 0.28
45439 0 0.21
45443 0 0.54
45456 0 0.6
45461 0 0.92
45489 0 0.57
45490 0 0.36
45496 0 0.09
45516 0 0.53
45518 0 0.16
45529 0 0.8
45537 0 0.66
45564 0 0.53
45564 1 0.25
45565 0 0.28
45572 0 0.63
45581 0 0.21
45588 0 0.33
45597 0 0.0
45597 1 0.16
45597 2 0.79
45603 0 0.95
45608 0 0.18
45659 0 0.83
45675 0 0.16
45699 0 0.9
45728 0 0.32
45733 0 0.87
45752 0 0.45
45758 0 0.66
45758 1 0.83
45758 2 0.16
45782 0 0.12
45789 0 0.73
45807 0 0.27
45813 0 0.49
45814 0 0.83
45829 0 0.95
45829 1 0.51
45830 0 0.64
45831 0 0.26
45854 0 0.92
45855 0 0.52
45878 0 0.35
45887 0 0.48
45889 0 0.29
45901 0 0.11
45908 0 0.31
45919 0 0.83
45925 0 0.38
45926 0 0.55
45931 0 0.88
45958 0 0.37
45959 0 0.93
45977 0 0.72
46047 0 0.63
46049 0 0.96
46054 0 0.56
46072 0 0.1
46074 0 0.34
46074 1 0.32
46083 0 0.36
46083 1 0.71
46117 0 0.16
46118 0 0.97
46124 0 0.17
46126 0 0.97
46126 1 0.37
46135 0 0.26
46138 0 0.23
46156 0 0.16
46171 0 0.21
46174 0 0.02
46188 0 0.21
46197 0 0.96
46202 0 0.21
46208 0 0.75
46210 0 0.45
46218 0 0.57
46218 1 0.74
46230 0 0.22
46233 0 0.68
46234 0 0.94
46237 0 0.16
46243 0 0.83
46256 0 0.04
46261 0 0.41
46263 0 0.03
46268 0 0.78
46281 0 0.55
46281 1 0.1
46296 0 0.83
46306 0 0.56
46322 0 0.92
46332 0 0.47
46353 0 0.78
46386 0 0.89
46387 0 0.68
46397 0 0.4
46411 0 0.08
46420 0 0.92
46425 0 0.67
46436 0 0.97
46444 0 0.74
46447 0 0.4
46452 0 0.68
46465 0 0.01
46475 0 0.29
46481 0 0.37
46494 0 0.79
46499 0 0.18
46513 0 0.15
46517 0 0.48
46517 1 0.69
46522 0 0.27
46525 0 0.41
46537 0 0.91
46542 0 0.52
46547 0 0.01
46549 0 0.16
46565 0 0.96
46565 1 0.28
46573 0 0.8
46576 0 0.42
46585 0 0.17
46588 0 0.06
46602 0 0.24
46615 0 0.71
46620 0 0.36
46628 0 0.85
46646 0 0.99
46647 0 0.54
46664 0 0.77
46684 0 0.29
46688 0 0.14
46700 0 0.35
46710 0 0.41
46717 0 0.6
46719 0 0.44
46722 0 0.59
46725 0 0.29
46730 0 0.03
46734 0 0.56
46736 0 0.52
46743 0 0.32
46760 0 0.95
46773 0 0.96
46786 0 0.51
46791 0 0.11
46812 0 0.66
46813 0 0.59
46813 1 0.4
46816 0 0.64
46822 0 0.79
46849 0 0.54
46850 0 0.74
46867 0 0.2
46873 0 0.68
46874 0 0.43
46876 0 0.29
46876 1 0.95
46879 0 0.71
46887 0 0.51
46896 0 0.87
46896 1 0.74
46931 0 0.96
46937 0 0.8
46944 0 0.94
46957 0 0.05
46961 0 0.09
46964 0 0.82
46964 1 0.2
46979 0 0.51
46981 0 0.38
46989 0 0.92
47033 0 0.02
47034 0 0.88
47053 0 0.34
47054 0 0.49
47055 0 0.39
47057 0 0.62
47060 0 0.35
47073 0 0.04
47074 0 0.96
47091 0 0.21
47095 0 0.65
47106 0 0.45
47133 0 0.11
47133 1 0.83
47163 0 0.06
47164 0 0.4
47176 0 0.89
47180 0 1.0
47182 0 0.23
47182 1 0.27
47190 0 0.48
47190 1 0.75
47202 0 0.95
47229 0 0.39
47238 0 0.04
47243 0 0.01
47256 0 0.92
47274 0 0.23
47281 0 0.93
47295 0 0.3
47296 0 0.56
47310 0 0.46
47326 0 0.2
47330 0 0.93
47331 0 0.17
47337 0 0.88
47340 0 0.26
47351 0 0.94
47354 0 0.09
47360 0 0.7
47372 0 0.83
47411 0 0.85
47415 0 0.53
47415 1 0.99
47425 0 0.93
47429 0 0.45
47430 0 0.47
47436 0 0.36
47436 1 0.37
47438 0 0.62
47439 0 0.03
47455 0 0.82
47458 0 0.78
47458 1 0.15
47462 0 0.36
47465 0 0.05
47488 0 0.18
47497 0 0.71
47501 0 0.42
47503 0 0.98
47503 1 0.23
47534 0 0.28
47566 0 0.8
47580 0 0.93
47596 0 0.0
47615 0 0.54
47623 0 0.93
47642 0 0.8
47648 0 0.04
47649 0 0.67
47668 0 0.12
47668 1 0.25
47678 0 0.82
47692 0 0.48
47715 0 0.72
47725 0 0.2
47738 0 0.78
47757 0 0.71
47757 1 0.68
47770 0 0.14
47770 1 0.78
47781 0 0.09
47784 0 0.11
47792 0 0.29
47815 0 0.76
47818 0 0.16
47819 0 1.0
47830 0 0.99
47833 0 0.74
47841 0 0.81
47844 0 0.93
47853 0 0.25
47859 0 0.95
47859 1 0.35
47876 0 0.75
47882 0 0.83
47889 0 0.16
47892 0 0.33
47899 0 0.04
47912 0 0.22
47917 0 0.87
47919 0 0.23
47922 0 0.8
47925 0 0.23
47944 0 0.58
47951 0 0.12
47962 0 0.63
47979 0 0.22
47980 0 0.58
47982 0 0.77
47982 1 0.69
47985 0 0.52
47986 0 0.07
47997 0 0.8
48000 0 0.7
48002 0 0.7
48009 0 0.92
48017 0 0.68
48035 0 0.99
48042 0 0.53
48047 0 0.32
48062 0 0.85
48079 0 0.47
48092 0 0.58
48094 0 0.97
48099 0 0.71
48106 0 0.44
48109 0 0.62
48110 0 0.31
48148 0 0.57
48154 0 0.43
48154 1 0.2
48164 0 0.3
48173 0 0.5
48177 0 0.34
48186 0 0.31
48200 0 0.23
48205 0 0.18
48216 0 0.84
48217 0 0.9
48231 0 0.58
48244 0 0.86
48265 0 0.62
48273 0 0.24
48278 0 0.4
48297 0 0.6
48304 0 0.03
48327 0 0.07
48331 0 0.32
48336 0 0.08
48349 0 0.47
48357 0 0.59
48378 0 0.48
48381 0 0.18
48401 0 0.56
48412 0 0.98
48422 0 0.53
48441 0 0.88
48441 1 0.55
48441 2 0.27
48452 0 0.16
48452 1 0.88
48453 0 0.03
48463 0 0.56
48468 0 0.5
48499 0 0.86
48503 0 0.95
48507 0 0.51
48509 0 0.99
48510 0 0.94
48513 0 0.9
48517 0 0.92
48517 1 0.53
48517 2 0.19
48518 0 0.15
48524 0 0.73
48533 0 0.74
48536 0 0.12
48545 0 0.03
48564 0 0.34
48569 0 0.23
48574 0 0.05
48595 0 0.88
48605 0 0.01
48612 0 0.59
48621 0 0.96
48655 0 0.55
48655 1 0.94
48660 0 0.42
48686 0 0.39
48734 0 0.78
48741 0 0.91
48742 0 0.81
48759 0 0.85
48774 0 0.74
48774 1 0.63
48774 2 0.87
48785 0 0.59
48787 0 0.69
48790 0 0.19
48823 0 0.5
48825 0 0.13
48825 1 0.41
48825 2 0.89
48828 0 0.75
48828 1 0.71
48830 0 0.42
48834 0 0.17
48845 0 0.77
48845 1 0.61
48860 0 0.25
48862 0 0.04
48870 0 0.9
48882 0 0.4
48886 0 0.08
48886 1 0.26
48886 2 0.15
48892 0 0.28
48897 0 0.14
48915 0 0.63
48929 0 0.08
48930 0 0.05
48944 0 0.79
48944 1 0.55
48953 0 0.84
48961 0 0.15
48964 0 0.07
48967 0 0.13
48979 0 0.19
49003 0 0.01
49004 0 0.44
49010 0 0.93
49010 1 0.16
49030 0 0.92
49052 0 0.28
49055 0 0.87
49056 0 0.04
49063 0 0.65
49070 0 0.83
49070 1 0.6
49071 0 0.17
49075 0 0.32
49098 0 0.36
49100 0 0.14
49117 0 0.57
49118 0 0.65
49126 0 0.49
49128 0 0.49
49147 0 0.96
49162 0 0.7
49169 0 0.37
49172 0 0.93
49172 1 0.64
49172 2 0.15
49179 0 0.01
49182 0 0.61
49189 0 0.58
49190 0 0.78
49191 0 0.97
49195 0 0.27
49225 0 0.81
49228 0 0.42
49229 0 0.5
49229 1 0.01
49256 0 0.82
49262 0 0.66
49266 0 0.13
49268 0 0.82
49268 1 0.81
49268 2 0.45
49268 3 0.19
49268 4 0.98
49276 0 0.92
49277 0 0.29
49280 0 0.7
49292 0 0.5
49324 0 0.69
49329 0 0.08
49333 0 0.57
49347 0 0.91
49352 0 0.52
49355 0 0.45
49356 0 0.93
49369 0 0.5
49374 0 0.39
49388 0 0.67
49389 0 0.17
49399 0 0.5
49399 1 0.45
49403 0 0.09
49404 0 0.61
49406 0 0.01
49427 0 0.98
49437 0 0.88
49440 0 0.36
49458 0 0.02
49463 0 0.21
49467 0 0.45
49469 0 0.67
49472 0 0.7
49482 0 0.56
49486 0 0.33
49487 0 0.22
49488 0 0.74
49489 0 0.23
49496 0 0.65
49498 0 0.64
49501 0 0.58
49529 0 0.77
49530 0 0.79
49532 0 0.45
49547 0 0.55
49554 0 0.53
49569 0 0.94
49592 0 0.89
49599 0 0.14
49599 1 0.81
49607 0 0.73
49607 1 0.7
49610 0 0.76
49642 0 0.52
49655 0 0.3
49655 1 0.63
49662 0 0.53
49667 0 0.6
49671 0 0.45
49675 0 0.97
49675 1 0.87
49684 0 0.04
49689 0 0.78
49691 0 0.63
49694 0 0.95
49701 0 0.85
49707 0 0.7
49724 0 0.95
49730 0 0.53
49735 0 0.46
49736 0 0.68
49740 0 0.44
49743 0 0.84
49750 0 0.12
49751 0 0.49
49752 0 0.08
49753 0 0.08
49763 0 0.2
49763 1 0.78
49763 2 0.57
49763 3 0.1
49789 0 0.32
49792 0 0.92
49806 0 0.57
49808 0 0.36
49819 0 0.03
49824 0 0.06
49832 0 0.23
49840 0 0.45
49846 0 0.62
49854 0 0.31
49858 0 0.5
49864 0 0.07
49867 0 0.02
49869 0 0.9
49877 0 0.04
49885 0 0.48
49892 0 0.62
49900 0 0.96
49905 0 0.56
49912 0 0.3
49913 0 0.38
49919 0 0.19
49937 0 0.09
49937 1 0.5
49937 2 0.49
49944 0 0.65
49945 0 0.65
49945 1 0.69
49962 0 0.65
49964 0 0.93
49967 0 0.56
49968 0 0.28
49973 0 0.61
49978 0 0.95
49987 0 0.77
