2 23 0.06
4 26 0.26
5 5 0.65
7 2 0.64
8 0 0.34
10 29 0.12
12 27 0.15
13 18 0.05
16 3 0.45
19 14 0.01
21 2 0.59
22 20 0.92
24 19 0.28
25 16 0.68
26 2 0.6
27 10 0.94
28 8 0.66
31 22 0.58
32 14 0.31
33 27 0.48
34 3 0.79
39 12 0.86
41 10 0.45
42 17 0.74
44 7 0.41
46 15 0.76
47 25 0.49
48 22 0.83
49 20 0.9
51 14 0.63
55 0 0.77
58 29 0.47
59 16 0.42
61 27 0.15
62 14 0.48
67 26 0.32
69 21 0.51
72 9 0.05
77 7 0.89
79 18 0.34
80 28 0.65
82 10 0.78
83 29 0.31
86 25 0.52
87 14 0.14
88 12 0.49
89 26 0.51
91 28 0.35
92 28 0.02
94 26 0.49
96 25 0.26
99 27 0.1
