3 22 0.88
6 29 0.44
8 28 0.85
10 18 0.63
11 21 0.03
15 16 0.56
16 17 0.66
18 17 0.74
20 7 0.22
23 2 0.39
25 29 0.29
27 17 0.34
28 14 0.06
29 24 0.99
30 1 0.58
31 1 0.64
36 25 0.97
42 16 0.45
45 13 0.29
46 14 0.46
50 0 0.94
52 9 0.4
53 2 0.41
55 19 0.92
56 2 0.04
58 26 0.17
62 23 0.23
63 27 0.94
64 10 0.71
67 11 0.57
68 8 0.92
69 22 0.23
70 16 0.36
71 9 0.79
74 15 0.48
75 2 0.4
77 3 0.55
78 7 1.0
82 17 0.09
84 8 0.99
87 16 0.28
88 7 0.25
94 1 0.55
100 17 0.08
102 5 0.61
103 10 0.58
104 15 0.74
105 25 0.3
106 22 0.7
107 8 0.63
108 10 0.69
109 11 0.04
110 13 0.56
111 10 0.43
112 14 0.54
115 25 0.2
117 9 0.84
119 14 0.92
120 21 0.19
122 20 0.39
123 23 0.73
124 18 0.54
125 15 0.35
128 6 0.83
134 6 0.05
138 3 0.32
141 4 0.2
142 11 0.36
143 16 0.53
146 3 0.2
148 20 0.2
149 2 0.82
150 13 0.26
151 3 0.87
152 12 0.08
153 27 0.46
154 27 0.01
156 24 0.02
158 6 0.75
159 15 0.89
165 16 0.3
167 27 0.79
169 11 0.95
172 6 0.48
174 24 0.53
175 19 0.83
176 16 0.06
183 9 0.46
184 20 0.18
188 11 0.59
189 23 0.61
190 6 0.45
191 23 0.82
192 1 0.81
194 11 0.74
197 2 0.95
198 23 0.08
200 19 0.15
201 3 0.18
202 12 0.64
204 14 0.39
205 8 0.65
207 18 0.12
209 17 0.42
214 7 0.59
215 26 0.64
216 1 0.95
218 4 0.53
220 27 0.06
221 2 0.35
222 10 0.8
225 13 0.04
226 12 0.26
227 0 0.73
229 9 0.36
230 11 0.75
232 14 0.0
235 5 0.08
236 23 0.38
239 4 0.89
240 6 0.16
241 18 0.68
242 8 0.13
244 14 0.69
245 15 0.72
246 1 0.71
247 5 0.84
248 5 0.61
251 18 0.29
252 19 0.38
254 11 0.17
256 19 0.2
257 0 0.04
260 27 0.52
263 14 0.53
267 20 0.76
268 7 0.75
269 23 0.13
270 29 0.84
271 24 0.55
272 10 0.43
274 9 0.71
276 10 0.35
278 14 0.08
280 9 0.71
281 7 0.56
282 14 0.2
283 13 0.3
284 18 0.61
285 4 0.35
287 24 0.35
289 6 0.5
290 4 0.18
291 3 0.71
292 3 0.7
293 18 0.49
295 14 0.54
296 14 0.23
300 20 0.72
301 6 0.53
302 25 0.28
303 5 0.37
304 13 0.4
305 18 0.26
306 27 0.44
310 25 0.06
313 26 0.26
314 11 0.41
315 29 0.06
317 12 0.71
318 29 0.63
322 6 0.53
324 15 0.76
326 19 0.31
328 17 0.28
331 18 0.19
332 3 0.19
335 6 0.93
339 1 0.35
341 13 0.08
343 23 0.3
345 5 0.43
347 12 0.99
348 20 1.0
350 29 0.91
352 25 0.06
353 11 0.58
354 0 0.93
357 10 0.11
359 20 0.76
360 24 0.24
363 23 0.81
369 9 0.33
370 21 0.06
371 5 0.31
375 22 0.24
376 22 0.53
378 11 0.24
383 11 0.67
387 8 0.31
388 26 0.95
396 10 0.15
399 10 0.09
403 27 0.2
404 9 0.59
405 24 0.68
408 1 0.81
410 1 0.75
413 27 0.63
415 12 0.62
417 6 0.47
418 24 0.46
420 1 0.53
422 6 0.86
426 8 0.63
429 8 0.36
430 16 0.63
431 1 0.48
432 8 0.09
435 15 0.72
436 12 0.26
438 25 0.81
442 23 0.63
444 27 0.78
446 26 0.23
448 1 0.12
450 21 0.65
451 6 0.51
452 20 0.18
454 22 0.83
456 17 0.91
457 18 0.13
462 20 0.14
463 13 0.01
464 25 0.3
467 23 0.64
469 1 0.98
471 10 0.73
472 7 0.15
474 15 0.59
475 20 0.03
478 10 0.1
479 21 0.88
480 20 0.83
481 0 0.72
483 7 0.85
488 26 0.56
492 27 0.34
493 16 0.34
494 15 0.31
497 18 0.15
499 20 0.87
501 21 0.08
502 27 0.15
503 4 0.58
508 14 0.69
509 29 0.04
512 24 0.87
515 18 0.12
516 14 0.9
517 26 0.71
520 24 0.2
521 15 0.39
524 14 0.61
526 11 0.94
527 1 0.2
528 11 0.1
529 9 0.02
530 19 0.2
535 20 0.68
536 3 0.22
539 0 0.37
541 27 0.33
543 29 0.74
544 18 0.4
546 22 0.48
547 14 0.19
548 5 0.35
549 16 0.99
550 10 0.9
553 9 0.7
554 4 0.68
555 9 0.1
556 2 0.43
557 6 0.91
558 21 0.17
559 13 0.95
562 8 0.14
563 12 0.99
565 13 0.59
566 5 0.67
568 6 0.9
570 19 0.26
572 9 0.7
573 12 0.28
574 7 0.36
575 12 0.98
577 26 0.66
578 18 0.65
585 14 0.44
586 13 0.2
587 18 0.09
588 23 0.62
590 17 0.16
593 23 0.45
594 17 0.3
595 15 0.21
596 25 0.41
597 3 0.98
598 2 0.36
600 8 0.4
604 5 0.04
605 19 0.3
607 16 0.36
609 5 0.74
610 8 0.28
612 25 0.91
613 22 0.69
614 1 0.87
623 4 0.32
626 7 0.6
628 11 0.48
629 29 0.42
632 19 0.79
633 1 0.22
635 9 0.36
636 23 0.43
637 16 0.87
638 23 0.95
639 4 0.85
640 8 0.36
641 9 0.81
644 17 0.94
645 14 0.83
646 13 0.46
651 27 0.56
652 25 0.55
656 10 0.14
658 4 0.41
659 18 0.81
660 7 0.36
663 11 0.43
664 14 0.08
668 24 0.6
669 13 0.52
670 13 0.92
672 14 0.33
673 21 0.32
677 1 0.87
678 20 0.41
681 23 0.77
682 11 0.64
684 22 0.5
685 26 0.49
692 25 0.48
693 5 0.66
695 20 0.41
697 21 0.08
703 9 0.63
705 13 0.61
706 29 0.94
707 8 0.65
712 14 0.2
713 11 0.54
714 24 0.33
717 26 0.23
720 21 0.11
721 26 0.81
722 22 0.36
724 8 0.67
725 18 0.25
726 14 0.22
731 14 0.5
733 7 0.17
734 11 0.63
735 9 0.55
737 11 0.72
743 9 0.9
745 28 0.47
746 24 0.49
748 29 0.17
749 12 0.81
752 5 0.39
753 11 0.57
755 5 0.43
756 1 0.53
757 25 0.22
759 6 0.96
762 14 0.49
763 12 0.73
764 7 0.7
766 2 0.09
772 20 0.53
774 10 0.47
777 19 0.1
778 8 0.28
779 8 0.94
780 22 0.72
782 22 0.12
785 12 0.98
786 1 0.03
789 16 0.51
790 13 0.16
793 2 0.62
794 28 0.26
795 0 0.84
796 4 0.24
797 12 0.59
798 13 0.32
801 9 0.82
804 23 0.96
805 17 0.64
806 19 0.89
810 21 0.61
811 17 0.37
813 12 0.52
814 22 0.86
815 14 0.3
816 12 0.82
818 13 0.36
820 11 0.29
821 18 0.84
822 28 0.14
823 29 0.25
827 0 0.63
828 17 0.7
829 11 0.31
831 5 0.72
833 27 0.13
834 12 0.01
835 14 0.56
837 13 0.16
838 20 0.92
841 27 0.05
843 22 0.19
844 4 0.28
846 7 0.71
847 3 0.24
849 22 0.93
850 17 0.6
851 29 0.6
852 5 0.12
856 9 0.45
857 12 0.08
858 16 0.32
859 10 0.18
861 17 0.75
864 5 0.41
866 13 0.15
870 8 0.89
871 26 0.89
872 19 0.7
874 29 0.24
875 9 0.68
876 16 0.03
878 24 0.32
880 11 0.79
881 6 0.38
888 18 0.11
891 3 0.45
893 20 0.52
895 11 0.49
896 27 0.03
898 24 0.42
899 1 0.1
900 26 0.95
902 16 0.39
903 28 0.74
904 4 0.68
905 18 0.95
906 17 0.0
911 29 0.43
916 27 0.37
917 7 0.82
920 0 0.88
921 18 0.71
925 26 0.4
926 5 0.02
927 20 0.07
928 24 0.45
931 5 0.47
932 14 0.85
933 16 0.23
934 14 0.33
937 10 0.14
940 12 0.78
945 21 0.59
946 18 0.19
951 11 0.55
952 1 0.29
954 5 0.01
956 27 0.69
957 7 0.36
958 26 0.35
959 28 0.28
962 25 0.06
963 14 0.02
964 13 0.29
965 5 0.18
969 20 0.08
970 3 0.95
971 17 0.82
974 17 0.9
975 28 0.55
976 12 0.5
978 4 0.41
981 25 0.82
984 16 0.37
985 23 0.51
986 29 0.93
987 20 0.53
989 10 0.15
990 5 0.13
991 1 0.04
992 7 0.4
993 20 0.51
994 7 0.58
996 13 0.75
999 22 0.66
