3 18 0.85
5 19 0.74
6 7 0.69
10 25 0.9
18 2 0.88
19 23 0.79
21 23 0.29
24 19 0.83
28 26 0.26
29 11 0.85
44 25 0.21
46 4 0.96
47 15 0.04
53 2 0.48
54 6 0.2
62 21 0.79
64 5 0.88
67 8 0.88
68 25 1.0
71 3 0.61
75 22 0.22
76 27 0.29
79 20 0.4
81 14 0.31
86 10 0.14
88 2 0.23
97 25 0.24
98 20 0.74
99 8 0.67
103 18 0.55
107 7 0.42
113 20 0.82
120 19 0.92
121 9 0.49
123 12 0.96
125 8 0.5
129 6 0.48
132 9 0.85
137 26 0.31
139 2 0.41
144 0 0.84
148 0 0.62
153 17 0.34
158 5 0.74
168 25 0.41
175 6 0.33
178 7 0.87
187 13 0.26
188 19 0.5
198 11 0.71
199 27 0.61
200 9 0.31
201 8 0.63
205 22 0.6
212 10 0.52
214 15 0.57
215 20 0.22
217 1 0.98
219 27 0.37
223 0 0.16
224 20 0.14
227 7 0.0
229 16 0.59
231 23 0.59
234 11 0.64
236 22 0.26
241 13 0.01
244 17 0.84
247 17 0.26
256 11 0.79
257 22 0.47
264 11 0.33
265 20 0.25
269 26 0.39
270 13 0.27
273 11 0.17
281 15 0.5
282 15 0.05
284 21 0.89
290 2 0.1
291 5 0.86
292 25 0.47
294 3 0.89
296 6 0.42
303 26 0.87
304 4 0.06
308 16 0.74
318 9 0.49
333 28 0.94
338 16 0.05
339 15 0.19
340 23 0.64
343 20 0.44
357 17 0.27
361 12 0.46
364 17 0.71
367 0 0.64
371 24 0.86
373 24 0.64
378 3 0.7
384 9 0.97
385 15 0.62
395 6 0.39
396 7 0.07
401 27 0.14
402 13 0.8
403 21 0.01
406 1 0.91
411 14 0.4
415 26 0.76
420 28 0.18
421 21 0.4
423 26 0.41
425 29 0.72
428 15 0.04
429 4 0.79
433 20 0.8
438 3 0.3
441 11 0.72
444 6 0.82
447 20 0.84
448 27 0.04
449 23 0.35
450 25 0.55
455 3 0.15
461 8 0.98
462 24 0.16
467 25 0.77
468 10 0.43
471 19 0.55
477 11 0.21
479 14 0.93
482 23 0.26
483 16 0.02
488 25 0.56
492 28 0.15
494 0 0.02
495 9 0.59
496 16 0.71
497 5 0.88
498 28 0.79
500 21 0.84
501 15 0.66
502 14 0.69
503 25 0.82
504 1 0.39
507 5 0.85
508 26 0.71
509 24 0.83
510 23 0.67
512 2 0.31
514 20 0.24
515 19 0.54
516 1 0.36
522 0 0.54
526 3 0.83
531 25 0.1
533 27 0.02
534 11 0.01
538 9 0.29
539 14 0.6
541 20 0.19
550 29 0.41
552 19 0.53
555 13 0.04
558 10 0.23
568 20 0.82
579 28 0.13
581 2 0.62
584 18 0.08
587 13 0.45
588 18 0.19
591 18 0.35
596 7 0.5
607 19 0.07
609 2 0.65
611 9 0.07
614 0 0.01
618 7 0.58
624 29 0.65
634 22 1.0
635 13 0.5
641 3 0.63
651 7 0.23
653 16 0.72
657 17 0.75
658 5 0.06
660 11 0.58
669 24 0.37
682 17 0.61
684 10 0.57
687 16 0.75
690 22 0.05
692 1 0.26
693 24 0.45
694 26 0.97
697 28 0.34
700 4 0.4
707 9 0.68
708 0 0.01
709 28 0.33
716 1 0.6
717 3 0.66
718 22 0.82
731 8 0.56
732 28 0.12
739 2 0.09
748 19 0.63
750 12 0.23
756 14 0.07
759 1 0.54
765 29 0.92
766 19 0.65
774 0 0.35
781 26 0.56
783 26 0.25
784 17 0.23
786 17 0.21
787 16 0.06
790 29 0.1
796 26 0.62
797 19 0.18
799 22 0.45
808 6 0.04
815 19 0.0
821 20 0.06
826 16 0.89
829 9 0.9
831 14 0.93
837 8 0.49
842 22 0.53
843 17 0.95
845 19 0.51
847 19 0.37
848 11 0.44
858 20 0.45
859 15 0.6
860 21 0.82
862 2 0.87
865 21 0.39
867 18 0.3
873 19 0.74
892 24 0.72
894 3 0.39
898 5 0.15
901 6 0.17
906 24 0.53
908 14 0.07
910 2 0.81
913 12 0.03
914 29 0.99
917 21 0.64
925 13 0.94
936 14 0.59
940 27 0.63
953 24 0.22
960 19 0.88
965 4 0.4
969 28 0.71
971 22 0.93
984 19 0.71
986 10 0.1
988 11 0.0
991 14 0.13
993 2 0.95
994 15 0.07
997 29 0.51
998 16 0.8
1004 24 0.39
1019 14 0.13
1023 1 0.43
1031 3 0.49
1036 15 0.74
1038 7 0.29
1043 14 0.46
1046 6 0.16
1059 0 0.88
1060 1 0.69
1061 26 0.06
1063 26 0.72
1071 26 0.5
1072 4 0.13
1075 8 0.83
1077 21 0.39
1089 5 0.03
1090 27 0.02
1092 11 0.25
1095 22 0.49
1098 16 0.03
1105 12 0.87
1107 19 0.61
1108 22 1.0
1109 27 0.21
1119 4 0.77
1122 7 0.39
1125 12 0.42
1130 10 0.22
1131 19 0.31
1134 29 0.83
1136 23 0.19
1138 13 0.24
1140 17 0.51
1143 6 0.71
1145 5 0.43
1146 13 0.78
1150 4 0.33
1151 5 0.59
1156 3 0.1
1164 29 0.14
1167 18 0.28
1168 17 0.7
1175 10 0.77
1177 0 0.75
1179 14 0.12
1197 9 0.3
1198 27 0.62
1201 1 0.63
1208 17 0.69
1211 0 0.2
1222 28 0.32
1226 3 0.67
1227 23 0.76
1229 7 0.32
1232 6 0.01
1235 12 0.5
1243 19 0.44
1245 2 0.36
1249 9 0.94
1253 9 0.65
1254 15 0.16
1256 10 0.64
1258 19 0.65
1263 29 0.76
1271 18 0.93
1273 19 0.07
1278 26 0.93
1282 22 0.65
1286 29 1.0
1293 25 0.35
1294 12 0.22
1297 24 0.4
1299 29 0.81
1302 24 0.96
1305 2 0.07
1307 3 0.98
1309 9 0.07
1310 2 0.11
1313 6 0.85
1315 29 0.45
1319 22 0.73
1322 6 0.84
1330 6 0.08
1331 2 0.63
1333 23 0.83
1336 10 0.88
1340 27 0.39
1342 8 0.03
1360 5 0.19
1370 8 0.74
1371 1 0.8
1381 24 0.79
1383 17 0.6
1386 25 0.82
1387 14 0.66
1388 9 0.72
1400 28 0.4
1402 1 0.33
1403 8 0.14
1404 5 0.53
1415 1 0.82
1416 20 0.38
1420 14 0.29
1422 23 0.77
1424 3 0.38
1437 13 0.21
1438 22 0.56
1439 29 0.68
1441 19 0.78
1442 24 0.95
1444 17 0.5
1449 20 0.57
1450 28 0.97
1458 18 0.55
1460 7 0.8
1465 13 0.41
1468 12 0.87
1469 9 0.93
1472 1 0.15
1477 8 0.07
1478 9 0.09
1487 23 0.69
1491 9 0.64
1492 21 0.23
1494 5 0.45
1501 24 0.17
1503 27 0.05
1508 18 0.71
1523 20 0.98
1527 25 0.7
1529 11 0.19
1530 14 0.68
1532 23 0.82
1534 4 0.85
1535 10 0.54
1541 0 0.96
1542 5 0.23
1543 9 0.15
1556 17 0.01
1557 21 0.56
1563 19 0.54
1565 19 0.98
1567 10 0.36
1568 2 0.88
1581 21 0.31
1592 29 0.79
1606 24 0.99
1623 11 0.37
1629 17 0.54
1631 14 0.96
1632 12 0.67
1646 7 0.66
1650 11 0.81
1652 20 0.51
1654 17 0.39
1655 17 0.19
1659 21 0.67
1661 18 0.91
1666 25 0.91
1667 15 0.04
1672 0 0.9
1673 11 0.91
1674 2 0.83
1681 6 0.14
1688 19 0.48
1689 6 0.04
1690 8 0.59
1691 0 0.2
1693 7 0.31
1697 21 0.7
1698 0 0.74
1701 5 0.06
1703 28 0.74
1704 21 0.15
1705 29 0.28
1709 21 0.86
1710 19 0.36
1711 13 0.46
1712 4 0.7
1716 7 0.38
1717 17 0.66
1719 1 0.22
1722 1 0.38
1730 19 0.04
1732 21 0.07
1733 0 0.05
1741 17 0.19
1742 7 0.92
1749 22 0.57
1751 25 0.39
1757 8 0.44
1762 19 0.73
1763 15 0.66
1765 14 0.62
1768 23 0.21
1770 18 0.26
1773 1 0.93
1774 7 0.73
1779 18 0.79
1784 9 0.5
1788 0 0.67
1789 12 0.29
1798 2 0.04
1800 10 0.72
1806 17 0.04
1807 19 0.47
1808 19 0.66
1815 23 0.2
1819 13 0.01
1822 11 0.12
1824 28 0.63
1827 15 0.59
1831 5 0.09
1834 14 0.74
1837 10 0.97
1843 8 0.63
1844 2 0.87
1848 11 0.0
1851 3 0.98
1852 23 0.97
1855 5 0.2
1857 1 0.55
1866 5 0.68
1869 22 0.38
1872 5 0.18
1873 11 0.86
1880 2 0.08
1886 23 0.56
1888 13 0.38
1894 6 0.32
1901 13 0.41
1902 14 0.54
1903 17 0.64
1904 1 0.4
1908 20 0.53
1910 22 0.53
1913 25 0.36
1916 24 0.75
1922 22 0.38
1923 24 0.99
1929 3 0.85
1934 24 0.81
1937 14 1.0
1940 14 0.58
1956 0 0.44
1964 3 0.41
1966 25 0.76
1971 0 0.88
1973 11 0.03
1975 0 0.3
1978 23 0.8
1979 26 0.82
1980 12 0.06
1985 2 0.78
1987 19 0.48
1992 24 0.73
1993 11 0.17
1997 6 0.86
2001 12 0.91
2007 16 0.1
2008 2 0.06
2009 14 0.82
2010 15 0.23
2012 29 0.77
2021 26 0.87
2028 15 0.02
2038 19 0.85
2049 17 0.51
2053 3 0.98
2056 17 0.3
2057 2 0.96
2058 13 0.99
2060 12 0.81
2064 3 0.93
2068 5 0.35
2072 4 0.21
2073 2 0.07
2074 22 0.12
2080 3 0.83
2082 4 0.44
2085 27 0.6
2086 4 0.23
2089 11 0.86
2093 0 0.05
2109 1 0.43
2115 8 0.04
2119 8 0.87
2126 29 0.21
2128 11 0.59
2134 15 0.7
2136 18 0.75
2139 28 0.05
2140 10 0.99
2143 18 0.89
2144 24 0.4
2147 0 0.13
2148 22 0.97
2150 22 0.18
2162 24 0.13
2165 2 0.02
2171 12 0.55
2172 23 0.09
2173 18 0.97
2175 15 0.21
2179 7 0.03
2181 10 0.77
2186 15 0.76
2188 7 0.06
2189 16 0.61
2195 18 0.59
2199 28 0.1
2202 18 0.36
2203 9 0.9
2206 17 0.35
2211 25 0.86
2213 15 0.0
2215 17 0.97
2216 2 0.29
2217 8 0.01
2219 18 0.98
2220 5 0.21
2221 20 0.06
2222 7 0.84
2225 27 0.43
2227 20 0.36
2229 27 0.25
2230 13 0.08
2232 28 0.11
2233 28 0.8
2237 4 0.14
2242 14 0.3
2249 14 0.44
2256 3 0.34
2257 21 0.97
2258 25 0.32
2260 5 0.79
2263 13 0.17
2267 2 0.77
2268 0 0.96
2297 24 0.98
2298 14 0.73
2299 1 0.91
2303 21 0.24
2317 20 0.75
2330 6 0.77
2333 13 0.08
2335 17 0.38
2340 17 0.6
2341 7 0.93
2348 4 0.26
2352 19 0.63
2353 8 0.7
2356 9 0.28
2360 14 0.69
2367 13 0.65
2368 21 0.4
2370 22 0.47
2372 21 0.38
2375 1 0.47
2379 27 0.39
2384 28 0.5
2390 8 0.33
2394 17 0.24
2396 22 1.0
2397 11 0.04
2399 20 0.23
2407 0 0.62
2408 15 0.83
2411 23 0.01
2416 15 0.74
2423 2 0.67
2427 23 0.1
2428 22 0.56
2429 15 0.02
2430 12 0.13
2431 19 0.27
2432 21 0.99
2438 5 0.62
2439 13 0.49
2441 17 0.14
2443 29 0.74
2444 4 0.45
2457 5 0.96
2463 2 0.65
2464 0 0.27
2466 11 0.85
2468 27 0.6
2482 1 0.03
2485 6 0.21
2487 28 0.57
2489 7 0.83
2493 27 0.4
2503 19 0.75
2508 3 0.29
2509 27 0.7
2513 12 0.48
2517 27 0.53
2518 20 0.49
2519 26 0.18
2526 1 0.71
2527 29 0.28
2529 10 0.04
2532 19 0.52
2533 17 0.12
2534 9 0.24
2535 19 0.6
2538 15 0.35
2540 0 0.79
2546 17 0.48
2548 19 0.47
2550 19 0.3
2551 29 0.37
2557 0 0.13
2568 22 0.46
2571 1 0.18
2578 5 0.63
2579 22 0.44
2586 23 0.12
2597 0 0.73
2599 3 0.59
2601 20 0.4
2605 7 0.01
2607 8 0.19
2608 25 0.39
2614 11 0.83
2615 7 0.47
2619 27 0.43
2620 7 0.44
2621 25 0.2
2626 10 0.67
2628 2 0.27
2629 14 0.14
2634 7 0.96
2640 4 0.95
2641 18 0.06
2649 27 0.1
2654 8 0.75
2657 9 0.44
2662 26 0.13
2675 0 0.23
2682 23 0.54
2685 11 0.98
2687 7 0.26
2694 22 0.77
2695 19 0.73
2704 10 0.02
2707 17 0.33
2708 10 0.05
2710 17 0.87
2711 7 0.2
2716 11 0.1
2720 23 0.62
2721 6 0.01
2728 27 0.79
2730 7 0.62
2734 6 0.87
2739 18 0.59
2746 20 0.1
2751 6 0.51
2752 12 0.71
2754 10 0.51
2761 8 0.98
2764 13 0.06
2768 22 0.92
2769 19 0.55
2770 5 0.59
2774 5 0.75
2775 21 0.14
2776 6 0.67
2780 3 0.59
2782 15 0.59
2787 21 0.24
2789 6 0.38
2799 8 0.76
2801 29 0.3
2805 3 0.58
2808 2 0.63
2809 8 0.13
2815 1 0.4
2816 21 0.8
2820 16 0.76
2822 27 0.09
2827 25 0.92
2828 25 0.06
2829 26 0.39
2830 5 0.15
2832 16 0.41
2844 3 0.67
2852 0 0.85
2866 3 0.28
2874 24 0.82
2881 28 0.13
2884 24 0.56
2886 5 0.16
2895 25 0.57
2897 7 0.6
2901 29 0.97
2904 19 0.02
2912 27 0.1
2914 23 0.86
2915 22 0.05
2917 20 0.9
2930 22 0.8
2933 8 0.37
2937 6 0.16
2938 20 0.61
2942 29 0.27
2943 14 0.95
2945 25 0.46
2953 14 0.49
2955 9 0.65
2956 26 0.32
2957 12 0.93
2963 10 0.94
2969 21 0.45
2972 14 0.44
2975 16 0.36
2982 11 0.26
2986 10 0.25
2987 19 0.25
2989 10 0.83
2996 10 0.99
3000 22 0.68
3001 26 0.11
3008 12 0.45
3018 0 0.59
3025 14 0.09
3032 16 0.23
3033 19 0.6
3034 5 0.83
3045 19 0.07
3050 23 0.13
3051 13 0.82
3057 17 0.15
3059 12 0.34
3063 7 0.33
3090 8 0.62
3092 23 0.2
3094 21 0.66
3098 13 0.9
3100 1 0.06
3101 7 0.96
3118 6 0.24
3122 0 0.07
3123 7 0.59
3124 1 0.61
3127 0 0.09
3128 29 0.96
3129 2 0.59
3132 29 0.18
3134 9 0.31
3135 17 0.43
3137 29 0.81
3140 11 0.79
3141 18 0.79
3144 10 0.49
3149 17 0.53
3151 24 0.54
3152 11 0.73
3153 14 0.55
3166 8 0.29
3170 22 0.18
3171 27 0.61
3174 19 0.73
3176 17 0.53
3188 9 0.35
3189 22 0.5
3191 24 0.7
3192 11 0.55
3193 13 0.53
3194 11 0.44
3195 4 0.24
3197 2 0.44
3198 1 0.62
3199 3 0.77
3212 7 0.68
3218 19 0.75
3219 5 0.58
3225 10 0.11
3231 25 0.3
3233 10 0.48
3238 6 0.07
3240 9 0.18
3244 11 0.68
3252 20 0.36
3261 21 0.92
3264 29 0.04
3272 23 0.77
3273 22 0.38
3274 24 0.76
3281 2 0.41
3300 15 0.63
3309 18 0.42
3311 12 0.66
3323 20 0.13
3327 2 0.63
3331 17 0.83
3334 19 0.89
3336 3 0.61
3338 20 0.24
3340 4 0.09
3344 23 0.42
3345 23 0.96
3346 15 0.7
3356 19 0.82
3360 12 0.94
3365 5 1.0
3366 14 0.05
3369 20 0.09
3375 27 0.16
3376 13 0.84
3390 11 0.54
3391 12 0.84
3392 27 0.45
3394 9 0.78
3395 17 0.65
3400 29 0.87
3401 3 0.68
3402 2 0.43
3404 4 0.85
3409 9 0.86
3415 4 0.23
3419 23 0.61
3422 2 0.58
3425 2 0.85
3427 21 0.49
3428 5 0.37
3432 7 0.25
3435 12 0.18
3436 8 0.7
3446 6 0.07
3449 21 0.92
3452 13 0.7
3453 24 0.04
3454 13 0.97
3456 29 0.28
3457 3 0.17
3465 27 0.95
3476 29 0.82
3479 16 0.06
3486 4 0.15
3493 8 0.95
3497 9 0.9
3499 8 0.84
3504 1 0.65
3506 29 0.44
3509 24 0.91
3510 17 0.5
3512 13 0.84
3518 2 0.4
3523 18 0.07
3528 26 0.62
3529 2 0.08
3537 29 0.86
3541 26 0.95
3544 10 0.43
3545 21 0.32
3550 19 0.21
3552 3 0.96
3555 5 0.59
3565 5 0.06
3568 3 0.5
3580 24 0.5
3585 1 0.84
3592 0 0.43
3596 3 0.77
3599 1 0.17
3602 14 0.59
3617 2 0.28
3618 11 0.38
3619 27 0.55
3621 8 0.42
3626 18 0.35
3629 11 0.82
3630 9 0.98
3635 8 0.63
3637 10 0.95
3638 1 0.88
3645 7 0.84
3647 13 0.55
3649 27 0.7
3651 21 0.93
3652 4 0.15
3657 12 0.09
3662 6 0.63
3670 27 0.91
3675 2 0.56
3676 25 0.42
3678 5 0.75
3679 0 0.24
3680 11 0.96
3683 5 0.32
3685 23 0.2
3689 6 0.96
3691 4 0.4
3694 5 0.37
3697 5 0.97
3703 6 0.82
3707 6 0.87
3712 12 0.02
3717 0 0.28
3722 9 0.67
3724 10 0.49
3728 0 0.36
3729 6 0.3
3730 15 0.28
3731 15 0.57
3736 10 0.03
3737 0 0.3
3738 26 0.3
3740 17 0.01
3741 27 0.17
3743 7 0.8
3746 7 0.01
3764 24 0.67
3770 13 0.2
3775 18 0.08
3776 4 0.99
3778 22 0.87
3779 6 0.35
3780 12 0.08
3782 1 0.93
3787 28 0.01
3788 28 0.61
3792 28 0.97
3795 25 0.44
3796 12 0.2
3798 15 0.33
3801 7 0.66
3806 9 0.82
3812 13 0.36
3816 20 0.72
3827 18 0.84
3834 4 0.74
3835 19 0.63
3839 10 0.65
3842 26 0.77
3846 28 0.64
3849 16 0.58
3855 11 0.88
3856 3 0.01
3865 27 0.21
3866 2 0.98
3869 10 0.66
3870 21 0.96
3873 16 0.58
3875 5 0.4
3878 29 0.76
3880 24 0.56
3881 24 0.92
3882 4 0.1
3885 5 0.56
3888 25 0.09
3893 16 0.4
3895 11 0.65
3900 11 0.82
3904 2 0.78
3905 28 0.11
3918 27 0.98
3922 17 0.73
3926 8 0.54
3929 10 0.95
3930 16 0.03
3932 22 0.14
3936 27 0.64
3938 18 0.91
3941 6 0.54
3942 26 0.67
3956 7 0.5
3959 6 0.17
3960 0 0.32
3962 8 0.66
3963 2 0.11
3965 12 0.76
3967 18 0.85
3971 15 0.71
3976 8 0.78
3988 27 0.55
3990 13 0.51
3993 22 0.62
3995 3 0.11
3998 17 0.72
4001 28 0.61
4003 14 0.56
4006 3 0.41
4010 19 1.0
4014 11 0.69
4024 25 0.88
4036 4 0.37
4046 13 0.88
4047 8 0.52
4048 2 0.94
4054 4 0.4
4056 4 0.44
4059 3 0.22
4061 9 0.41
4062 25 0.92
4068 12 0.83
4080 25 0.01
4081 11 0.83
4082 28 0.43
4083 1 0.09
4084 26 0.82
4086 12 0.36
4087 20 0.46
4090 11 0.21
4091 24 0.63
4102 25 0.31
4104 3 0.74
4105 21 0.29
4107 11 0.48
4108 21 0.78
4114 9 0.94
4115 22 0.81
4117 1 0.98
4121 25 0.48
4122 3 0.87
4127 5 0.07
4128 28 0.5
4137 3 0.19
4139 29 0.43
4143 3 0.85
4149 15 0.53
4156 4 0.53
4160 15 0.36
4161 1 0.21
4166 19 0.47
4168 25 0.9
4174 2 0.19
4178 13 0.2
4180 20 0.75
4181 28 0.53
4183 26 0.05
4187 12 0.81
4194 22 0.52
4196 5 0.02
4197 25 0.16
4198 10 0.08
4201 1 0.74
4209 5 0.18
4215 26 0.33
4220 18 0.99
4222 15 0.32
4237 8 0.98
4243 4 0.63
4254 22 0.61
4258 18 0.11
4259 0 0.4
4264 26 0.65
4282 19 0.76
4283 9 0.22
4285 2 0.26
4289 28 0.14
4290 12 0.83
4291 24 0.95
4292 14 0.6
4306 6 0.99
4309 12 0.46
4313 1 0.25
4315 9 0.75
4319 20 0.45
4324 4 0.86
4330 15 0.28
4334 28 0.85
4345 2 0.13
4355 26 0.74
4356 18 0.85
4358 5 0.09
4359 3 1.0
4361 5 0.71
4363 0 0.73
4368 10 0.36
4371 29 0.38
4381 10 0.11
4382 17 0.71
4395 25 0.22
4398 19 0.93
4403 20 0.49
4404 1 0.33
4413 7 0.2
4418 29 0.05
4425 23 0.66
4428 0 0.82
4429 22 0.97
4432 0 0.19
4433 12 0.08
4434 5 0.4
4436 27 0.06
4438 28 0.37
4441 20 0.02
4442 8 0.35
4444 19 0.75
4446 0 0.69
4450 21 0.6
4462 16 0.73
4465 0 0.24
4469 22 0.7
4479 14 0.49
4481 2 0.17
4483 22 0.6
4495 10 0.35
4501 7 0.19
4502 23 0.5
4509 9 0.43
4511 2 0.27
4529 9 0.94
4530 1 0.52
4541 4 0.09
4548 0 0.91
4555 21 0.62
4561 2 0.21
4570 29 0.96
4571 16 0.04
4574 16 0.64
4575 1 0.29
4576 18 0.43
4579 22 0.52
4581 0 0.03
4588 16 0.92
4592 22 0.08
4596 4 0.48
4608 6 0.62
4609 8 0.53
4610 20 0.98
4611 3 0.46
4619 23 0.26
4623 28 0.22
4626 29 0.46
4627 5 0.64
4628 23 0.59
4630 25 0.61
4635 19 0.26
4639 23 0.09
4658 12 0.66
4660 11 0.58
4664 13 0.18
4667 12 0.72
4668 9 0.95
4670 18 0.49
4676 12 0.96
4684 16 0.59
4692 8 0.5
4697 27 0.35
4699 15 0.14
4703 7 0.0
4704 0 0.32
4707 17 0.0
4708 29 0.81
4719 15 0.05
4728 22 0.25
4730 14 0.94
4733 7 0.12
4735 0 0.77
4744 17 0.97
4746 28 0.21
4752 27 0.25
4756 10 0.13
4759 28 0.03
4763 19 0.61
4768 1 0.02
4774 1 0.69
4789 1 1.0
4790 18 0.04
4794 4 0.9
4795 11 0.41
4796 12 0.97
4797 9 0.18
4803 19 0.35
4806 12 0.35
4808 12 0.08
4811 16 0.13
4812 22 0.71
4815 23 0.79
4817 3 0.13
4822 1 0.01
4828 25 0.2
4829 9 0.51
4833 14 0.36
4835 6 0.5
4836 6 0.51
4845 28 0.11
4849 15 0.3
4851 6 0.64
4852 10 0.72
4853 13 0.17
4857 14 0.73
4858 16 0.94
4863 10 0.78
4869 7 0.84
4872 10 0.4
4877 23 0.91
4878 8 0.83
4881 3 0.2
4883 8 0.37
4887 7 0.3
4894 5 0.67
4896 11 0.46
4897 0 0.67
4900 24 0.13
4907 24 0.97
4908 2 0.42
4913 26 0.15
4914 7 0.66
4916 18 0.54
4923 2 0.86
4930 22 0.67
4931 2 0.3
4932 8 0.02
4933 17 0.28
4934 19 0.54
4936 14 0.22
4944 9 0.01
4950 14 0.26
4953 9 0.31
4959 24 0.8
4964 18 0.68
4965 15 0.46
4966 23 0.69
4972 28 0.43
4988 11 0.04
4991 20 0.46
4992 5 0.02
4994 22 0.66
4997 18 0.12
5001 12 0.78
5002 17 0.41
5007 29 0.39
5010 29 0.06
5012 22 0.69
5014 23 0.61
5015 13 0.87
5017 28 0.32
5019 16 0.01
5022 4 0.63
5025 26 0.1
5037 29 0.03
5041 17 0.88
5047 24 0.77
5051 9 0.55
5053 10 0.7
5059 27 0.5
5062 0 0.62
5064 7 0.8
5068 17 0.45
5070 15 0.11
5073 21 0.46
5077 18 0.79
5082 20 0.56
5086 0 0.99
5090 26 0.17
5091 28 0.25
5097 15 0.82
5099 10 0.27
5103 2 0.38
5110 28 0.71
5111 13 0.63
5115 21 0.02
5119 3 0.18
5120 23 0.81
5125 22 0.59
5127 21 0.87
5135 18 0.84
5136 23 0.34
5138 1 0.85
5140 24 0.42
5145 3 0.9
5151 12 0.82
5155 6 0.38
5157 14 0.7
5158 3 0.96
5161 27 0.88
5163 20 0.23
5167 12 0.64
5178 5 0.71
5183 1 0.89
5184 6 0.13
5185 3 0.49
5187 24 0.74
5191 8 0.34
5197 5 0.03
5199 9 0.32
5200 26 0.72
5202 28 0.77
5209 25 0.26
5211 26 0.5
5212 15 0.49
5214 9 0.9
5218 22 0.5
5222 5 0.76
5223 16 0.9
5225 18 0.83
5238 20 0.26
5242 9 0.97
5246 27 0.62
5257 16 0.78
5259 12 0.02
5260 9 0.43
5261 19 0.01
5262 24 0.26
5274 5 0.68
5279 18 0.81
5281 7 0.78
5283 5 0.47
5288 22 0.4
5289 29 0.41
5290 28 0.51
5295 24 0.57
5299 7 0.55
5300 8 0.13
5302 10 0.91
5306 23 0.57
5307 15 0.5
5308 23 0.29
5314 0 0.11
5316 4 0.26
5317 24 0.85
5326 4 0.5
5330 15 0.09
5336 4 0.1
5345 14 0.12
5347 18 0.34
5348 16 0.88
5351 2 0.5
5353 10 0.94
5363 12 0.78
5368 8 0.04
5371 9 0.75
5375 23 0.32
5379 2 0.23
5381 7 0.3
5388 6 0.69
5398 11 0.23
5401 15 0.53
5402 24 0.22
5405 3 0.13
5418 18 0.28
5420 27 0.66
5421 8 0.94
5422 5 0.24
5423 19 0.06
5427 21 0.93
5432 22 0.9
5436 5 0.64
5442 27 0.77
5443 6 0.91
5445 13 0.29
5451 12 0.84
5454 17 0.51
5457 4 0.18
5459 15 0.78
5462 10 0.94
5467 26 0.05
5474 0 0.97
5477 5 0.48
5479 17 0.19
5481 13 0.98
5488 9 0.85
5489 26 0.84
5493 23 0.3
5503 27 0.73
5507 24 0.72
5510 2 0.5
5512 24 0.17
5515 2 0.3
5518 23 0.27
5521 17 0.92
5522 22 0.64
5525 7 0.4
5528 18 0.24
5529 26 0.05
5539 0 0.1
5541 3 0.44
5545 3 0.53
5548 25 0.53
5549 11 0.05
5550 0 0.18
5552 22 0.32
5553 13 0.96
5565 20 0.95
5571 1 0.26
5572 0 0.78
5573 25 0.05
5574 20 0.42
5593 5 0.37
5603 8 0.46
5605 9 0.07
5615 22 0.19
5619 0 0.53
5628 18 0.74
5632 19 0.67
5633 4 0.9
5637 27 0.5
5645 7 0.38
5652 21 0.29
5654 0 0.72
5658 29 0.88
5662 6 0.92
5668 2 0.05
5669 26 0.02
5671 16 0.78
5679 18 0.64
5686 17 0.56
5695 15 0.21
5698 21 0.31
5704 24 0.89
5707 29 1.0
5708 0 0.99
5709 6 0.24
5716 8 0.98
5719 16 0.76
5733 24 0.97
5746 8 0.71
5749 15 0.3
5751 7 0.59
5753 21 0.76
5754 24 0.19
5755 5 0.89
5760 15 0.34
5762 6 0.51
5767 23 0.16
5771 25 0.34
5774 18 0.39
5776 9 0.94
5777 8 0.76
5778 5 0.34
5792 28 0.62
5793 8 0.77
5799 5 0.2
5807 0 0.5
5808 28 0.74
5810 19 0.96
5815 17 0.91
5821 23 0.6
5822 19 0.68
5824 28 0.48
5833 29 0.65
5834 22 0.24
5837 6 0.34
5842 13 0.16
5844 18 0.65
5846 15 0.46
5851 12 0.92
5860 15 0.47
5870 28 0.94
5871 8 0.18
5872 0 1.0
5873 13 0.73
5881 19 0.76
5883 23 0.22
5885 20 0.11
5890 18 0.96
5892 10 0.25
5909 2 0.77
5914 20 0.42
5923 24 0.47
5936 3 0.02
5937 8 0.7
5940 11 0.61
5944 25 0.7
5948 12 0.87
5949 10 0.27
5950 27 0.72
5951 22 0.47
5954 11 0.18
5964 2 0.83
5966 3 0.93
5969 5 0.75
5972 28 0.17
5973 25 0.84
5974 28 0.36
5976 22 0.36
5977 10 0.31
5978 22 0.41
5981 26 0.69
5989 23 0.66
5990 5 0.96
5998 21 0.74
6002 21 0.02
6017 1 0.71
6019 5 0.16
6034 26 0.76
6039 26 0.13
6044 0 0.33
6046 17 0.19
6049 17 0.89
6054 10 0.11
6057 24 0.04
6058 4 0.13
6061 0 0.97
6062 28 0.61
6072 19 0.84
6075 25 0.58
6076 16 0.39
6080 19 0.67
6089 17 0.42
6091 14 0.46
6095 3 0.25
6096 1 0.25
6104 18 0.0
6108 17 1.0
6124 11 0.78
6126 6 0.04
6132 9 0.32
6134 14 0.4
6135 12 0.73
6142 17 0.93
6144 21 0.38
6161 12 0.19
6162 13 0.62
6164 18 0.82
6166 12 0.27
6169 1 0.14
6173 0 0.73
6177 0 0.56
6181 21 0.24
6185 27 0.7
6186 15 0.18
6202 3 0.2
6211 17 0.61
6224 28 0.22
6230 7 0.72
6232 9 0.48
6235 16 0.96
6236 11 0.19
6237 18 0.25
6239 2 0.44
6241 20 0.24
6242 20 0.83
6243 2 0.73
6249 9 0.44
6251 13 0.05
6252 10 0.49
6256 24 0.11
6258 19 0.73
6261 29 0.93
6263 17 0.39
6276 13 0.1
6277 11 0.92
6278 12 0.53
6279 7 0.73
6290 29 0.66
6294 26 0.14
6297 6 0.86
6300 27 0.35
6308 24 0.29
6315 24 0.02
6319 20 0.56
6320 24 0.66
6321 10 0.98
6324 9 0.68
6329 11 0.56
6339 10 0.73
6340 14 0.1
6341 6 0.77
6348 19 0.38
6355 20 0.06
6356 11 0.03
6360 11 0.07
6361 26 0.38
6362 7 0.55
6366 16 0.45
6367 24 0.85
6373 10 0.47
6380 28 0.08
6385 23 0.85
6387 26 0.34
6388 21 0.09
6390 18 0.68
6397 0 0.85
6402 21 0.13
6404 15 0.34
6405 27 0.65
6407 28 0.05
6419 20 0.99
6424 20 0.09
6425 26 0.87
6428 29 0.13
6430 26 0.53
6432 21 0.55
6435 29 0.74
6436 0 0.88
6437 2 0.03
6440 3 0.01
6443 10 0.46
6444 5 0.97
6447 16 0.14
6454 26 0.3
6456 17 0.89
6464 24 0.34
6465 0 0.43
6468 17 0.88
6469 25 0.71
6472 19 0.8
6479 19 0.73
6482 10 0.59
6485 13 0.75
6486 15 0.51
6492 13 0.65
6495 3 0.56
6501 14 0.17
6502 16 0.86
6505 19 0.5
6507 28 0.82
6508 19 1.0
6509 5 0.73
6513 29 0.27
6514 1 0.77
6517 7 0.87
6521 23 0.24
6524 2 0.29
6525 17 0.41
6530 14 0.76
6531 28 0.83
6532 2 0.6
6535 24 0.95
6536 27 0.54
6538 9 0.97
6540 26 0.4
6543 2 0.28
6545 4 0.04
6553 26 0.92
6558 15 0.36
6562 0 0.57
6563 9 0.17
6564 16 0.19
6567 1 0.11
6570 2 0.58
6572 11 0.33
6574 1 0.46
6581 25 0.94
6590 24 0.67
6595 26 0.43
6599 29 0.62
6603 17 0.55
6608 20 0.05
6609 20 0.98
6620 27 0.68
6634 0 0.82
6639 7 0.92
6643 8 0.1
6649 0 0.31
6650 27 0.78
6653 13 0.37
6654 7 0.83
6658 24 0.08
6659 19 0.9
6660 24 0.96
6662 12 0.32
6663 19 0.24
6664 12 0.25
6666 25 0.47
6674 9 0.84
6676 28 0.5
6696 15 0.54
6697 8 0.57
6699 4 0.46
6708 22 0.28
6711 6 0.62
6712 16 0.24
6715 23 0.44
6716 25 0.72
6722 0 0.94
6728 23 0.24
6732 2 0.63
6737 29 0.02
6738 5 0.31
6739 24 0.34
6740 25 0.62
6742 11 0.83
6747 5 0.1
6748 20 0.26
6755 12 0.74
6758 26 0.15
6761 2 0.65
6774 19 0.55
6776 22 0.91
6789 0 0.33
6790 16 0.48
6791 1 0.74
6796 2 0.56
6802 22 0.48
6806 3 0.91
6808 20 0.18
6811 14 0.95
6813 13 0.67
6816 21 0.48
6818 21 0.08
6822 7 0.64
6826 29 0.55
6830 8 0.9
6833 8 0.83
6843 11 0.54
6845 6 0.88
6857 23 0.87
6867 28 0.28
6876 13 0.75
6879 14 0.2
6884 19 0.76
6885 26 0.37
6887 15 0.13
6889 13 0.44
6894 4 0.92
6895 20 0.57
6900 20 0.32
6902 3 0.39
6908 0 0.94
6912 0 0.08
6913 9 0.12
6916 28 0.81
6918 23 0.2
6930 9 0.98
6933 5 0.65
6937 9 0.82
6941 5 0.82
6943 24 0.98
6949 9 0.58
6959 27 0.35
6961 10 0.38
6964 11 0.47
6966 2 0.87
6977 5 0.37
6983 8 0.55
6985 10 0.34
6988 5 0.86
6989 27 0.63
6994 20 0.31
7004 22 0.82
7005 26 0.38
7009 18 0.17
7012 0 0.21
7014 14 0.22
7025 14 0.07
7026 8 0.99
7028 9 0.25
7034 25 0.72
7037 29 0.83
7041 3 0.74
7050 24 0.79
7063 15 0.49
7066 25 0.76
7067 13 0.56
7069 19 0.49
7070 1 0.37
7074 13 0.23
7078 11 0.96
7080 5 0.65
7084 8 0.44
7088 7 0.86
7092 24 0.35
7099 28 0.05
7100 3 0.28
7110 26 0.32
7113 27 0.01
7114 17 0.74
7119 28 0.77
7121 13 0.21
7124 3 0.84
7126 25 0.88
7131 24 0.69
7134 4 0.32
7135 14 0.5
7137 8 0.03
7139 4 0.99
7143 21 0.44
7145 1 0.7
7147 19 0.88
7156 16 0.83
7163 26 0.88
7167 28 0.52
7168 8 0.69
7171 25 0.9
7175 13 0.77
7176 16 0.22
7178 2 0.73
7182 17 0.63
7188 0 0.98
7189 7 0.57
7193 3 0.05
7195 3 0.87
7196 10 0.33
7199 22 0.42
7203 24 0.07
7204 28 0.21
7210 6 0.23
7213 22 0.32
7221 10 0.98
7223 8 0.93
7225 21 0.76
7231 20 0.85
7234 0 0.27
7241 3 0.87
7253 15 0.26
7255 4 0.11
7257 25 0.97
7259 12 0.71
7260 22 0.01
7261 28 0.8
7262 24 0.63
7264 0 0.03
7267 25 0.32
7270 8 0.01
7272 23 0.26
7274 19 0.31
7281 29 0.32
7292 24 0.34
7294 1 0.47
7299 24 0.68
7301 24 0.53
7302 0 0.93
7313 27 0.1
7314 25 0.33
7318 4 0.41
7319 28 0.89
7321 24 0.18
7328 13 0.45
7329 11 0.99
7332 0 0.91
7335 20 0.19
7336 27 0.92
7337 8 0.36
7340 1 0.92
7341 3 0.28
7348 20 0.06
7353 4 0.96
7354 4 0.59
7360 29 0.03
7362 8 0.38
7366 17 0.4
7370 19 0.88
7372 25 0.4
7379 3 0.77
7388 5 0.11
7389 26 0.12
7393 24 0.36
7398 17 0.21
7404 9 0.2
7408 18 0.77
7409 26 0.25
7410 20 0.58
7418 15 0.76
7423 27 0.36
7428 7 0.08
7429 23 0.59
7432 11 0.02
7433 21 0.24
7436 2 0.22
7440 18 0.44
7450 17 0.28
7456 9 0.29
7461 18 0.91
7467 27 0.54
7469 27 0.47
7470 20 0.11
7478 10 0.76
7481 2 0.24
7482 5 0.58
7485 19 0.21
7486 4 0.78
7489 1 0.53
7494 24 0.87
7503 16 0.87
7504 0 0.24
7511 16 0.6
7525 21 0.53
7534 16 0.49
7538 3 0.76
7543 5 0.02
7544 29 0.6
7546 10 0.5
7547 16 0.16
7549 23 0.51
7551 10 0.16
7557 11 0.86
7566 19 0.04
7574 10 0.98
7575 0 0.82
7576 18 0.3
7578 3 0.43
7579 0 0.57
7580 27 0.83
7583 11 0.84
7589 16 0.1
7597 13 0.6
7602 10 0.51
7607 11 0.92
7610 3 0.03
7612 3 0.74
7615 27 0.87
7619 14 0.01
7620 4 0.26
7621 27 0.58
7628 28 0.09
7629 21 0.01
7630 14 0.03
7631 16 0.28
7636 2 0.15
7639 15 0.57
7642 22 0.16
7667 5 0.7
7671 14 0.85
7672 23 0.91
7679 29 0.83
7681 12 0.4
7682 27 0.44
7686 27 0.88
7689 7 0.58
7691 11 0.46
7697 4 0.7
7700 11 0.83
7712 12 0.15
7716 19 0.76
7724 16 0.35
7730 5 0.05
7735 1 0.73
7744 2 0.47
7753 16 0.21
7757 26 0.69
7760 10 0.16
7766 27 0.71
7771 10 0.91
7773 3 0.43
7776 23 0.08
7779 29 0.7
7797 25 0.32
7798 3 0.09
7803 25 0.79
7810 7 0.81
7820 5 0.98
7822 0 0.71
7823 27 0.93
7828 14 0.55
7832 29 0.55
7838 15 0.73
7842 25 0.39
7846 2 0.69
7848 1 0.78
7853 11 0.27
7865 13 0.45
7866 12 0.46
7868 18 0.11
7874 13 0.88
7875 28 0.28
7880 9 0.81
7881 9 0.28
7895 21 0.64
7898 5 0.12
7900 1 0.0
7902 4 0.52
7906 14 0.53
7908 14 0.86
7910 8 0.02
7912 21 0.19
7915 4 0.0
7922 21 0.17
7923 21 0.05
7928 16 0.07
7930 14 0.39
7933 20 0.24
7938 20 0.22
7939 2 0.47
7942 26 0.25
7943 27 0.29
7953 10 0.06
7956 7 0.21
7958 13 0.16
7962 19 0.31
7966 2 0.45
7972 10 0.23
7974 5 0.21
7981 28 0.61
7986 19 0.1
7987 5 0.92
7990 14 0.26
7992 11 0.23
7994 2 0.59
7998 18 0.87
7999 28 0.34
8004 24 0.24
8014 11 0.83
8015 20 0.96
8021 27 0.03
8023 0 0.32
8025 14 0.28
8030 17 0.12
8031 5 0.59
8038 13 0.66
8041 14 0.42
8042 18 0.05
8048 16 0.36
8050 7 0.18
8051 28 0.26
8053 8 0.22
8057 23 0.26
8065 14 0.48
8082 24 0.38
8083 12 0.7
8087 17 0.63
8091 26 0.12
8093 13 0.33
8097 16 0.51
8099 28 0.09
8100 28 0.92
8101 1 0.29
8105 17 0.98
8109 27 0.27
8112 23 0.93
8117 29 0.67
8118 0 0.75
8125 7 0.38
8130 0 0.86
8132 16 0.6
8135 6 0.48
8137 8 0.84
8138 27 0.68
8144 18 0.88
8146 10 0.3
8158 14 0.88
8161 15 0.94
8163 8 0.83
8164 29 0.85
8165 29 0.18
8166 21 0.87
8169 19 0.39
8171 12 0.63
8172 23 0.66
8173 29 0.69
8179 16 0.45
8183 5 0.33
8184 25 0.69
8187 15 0.51
8196 18 0.25
8199 16 0.53
8201 6 0.8
8216 2 0.5
8218 16 0.03
8220 28 0.22
8223 2 0.52
8226 1 0.97
8227 9 0.47
8228 7 0.21
8231 25 0.98
8233 8 0.71
8244 12 0.38
8245 27 0.63
8248 19 0.68
8255 8 0.58
8259 27 0.53
8260 27 0.42
8268 21 0.5
8269 28 0.49
8272 2 0.5
8274 8 0.82
8276 26 0.43
8287 24 1.0
8288 9 0.91
8289 10 0.84
8291 29 0.29
8295 21 0.13
8298 19 0.52
8305 3 0.24
8306 7 0.89
8315 17 0.2
8316 3 0.11
8318 13 0.63
8326 28 0.81
8327 1 0.57
8328 20 0.34
8330 15 0.08
8331 18 0.46
8339 18 0.86
8340 13 0.84
8342 23 0.33
8347 6 0.96
8351 15 0.67
8355 21 0.99
8358 21 0.05
8360 2 0.11
8361 12 0.09
8365 28 0.54
8369 27 0.46
8371 10 0.62
8373 3 0.71
8382 6 0.09
8396 22 0.33
8407 5 0.97
8408 1 0.35
8416 12 0.75
8417 22 0.09
8431 6 0.88
8447 29 0.91
8450 21 0.99
8451 8 0.51
8455 11 0.96
8457 26 0.24
8461 22 0.44
8468 16 0.03
8472 14 0.08
8475 23 0.92
8480 7 0.16
8485 18 0.07
8486 1 0.45
8491 11 0.33
8495 16 0.45
8496 28 0.03
8497 11 0.77
8506 23 0.79
8507 9 0.4
8509 1 0.71
8512 1 0.28
8515 12 0.77
8519 12 0.7
8527 13 0.29
8530 29 0.8
8531 1 0.08
8533 6 0.47
8540 5 0.74
8545 3 0.89
8548 11 0.03
8549 29 0.98
8553 9 0.38
8555 9 0.08
8556 21 0.96
8564 17 0.11
8567 17 0.73
8568 1 0.57
8571 16 0.23
8572 24 0.19
8573 17 0.74
8582 8 0.34
8585 12 0.81
8590 14 0.21
8593 4 0.67
8594 27 0.15
8595 19 0.69
8596 2 0.38
8602 20 0.91
8608 18 0.09
8610 27 0.36
8624 10 0.73
8625 13 0.1
8631 3 0.65
8636 13 0.48
8641 22 0.49
8642 28 0.87
8643 4 0.38
8644 6 0.11
8646 13 0.32
8651 16 0.56
8653 16 0.76
8655 9 0.67
8660 5 0.25
8682 18 0.82
8687 11 0.51
8690 8 0.63
8692 27 0.83
8694 22 0.45
8695 26 0.95
8700 5 0.24
8701 10 0.69
8705 12 0.8
8707 22 0.08
8711 3 0.09
8713 25 0.68
8716 29 0.3
8723 27 0.42
8724 0 0.69
8725 12 0.2
8728 19 0.98
8729 9 0.44
8730 15 0.75
8732 18 0.67
8733 14 0.6
8737 0 0.76
8740 15 0.02
8741 19 0.29
8748 1 0.76
8757 3 0.02
8760 4 0.58
8764 20 0.97
8766 21 0.3
8775 1 0.82
8778 12 0.24
8781 5 0.54
8782 23 0.66
8783 24 0.71
8786 25 0.87
8790 28 0.56
8793 0 0.73
8794 25 0.09
8796 21 0.2
8798 6 0.96
8803 27 0.72
8810 5 0.78
8827 17 0.58
8828 7 0.23
8831 11 0.64
8835 12 0.72
8840 11 0.81
8842 13 0.69
8844 25 0.32
8850 8 0.29
8852 25 0.9
8857 7 0.68
8858 26 1.0
8862 29 0.54
8866 26 0.05
8867 22 0.47
8869 26 0.89
8872 25 0.24
8874 12 0.81
8875 2 0.04
8882 16 0.9
8885 6 0.42
8887 20 0.35
8890 13 0.4
8893 4 0.37
8899 4 0.12
8903 21 0.11
8907 4 0.8
8927 6 0.87
8929 14 0.22
8934 21 0.78
8935 4 0.98
8947 29 0.08
8949 8 0.57
8950 5 0.26
8951 12 0.88
8953 9 0.54
8954 29 0.06
8957 20 0.2
8965 21 0.09
8973 19 0.3
8976 5 0.66
8982 23 0.05
8991 24 0.97
8992 21 0.31
8994 9 0.94
8998 19 0.93
9007 19 0.06
9016 14 0.48
9017 29 0.79
9021 26 0.48
9027 26 0.86
9032 28 0.65
9035 1 0.88
9038 15 0.8
9039 11 0.85
9040 22 0.05
9041 13 0.08
9044 4 0.67
9061 26 0.17
9064 24 0.9
9066 18 0.82
9068 22 0.83
9069 27 0.57
9070 17 0.12
9076 25 0.48
9080 18 0.03
9081 27 0.65
9082 12 0.71
9086 0 0.48
9087 15 0.81
9088 18 0.58
9089 28 0.92
9090 3 0.82
9095 5 0.36
9096 27 0.61
9098 21 0.48
9101 2 0.67
9104 6 0.99
9106 27 0.69
9108 4 0.25
9110 26 0.48
9126 29 0.21
9131 23 0.07
9135 19 0.58
9140 10 0.46
9145 2 0.69
9146 3 0.17
9154 20 0.48
9160 14 0.35
9164 27 0.45
9170 29 0.8
9172 23 0.93
9179 27 0.44
9180 0 0.2
9189 4 0.77
9190 6 0.79
9193 27 0.63
9204 6 0.64
9206 27 0.22
9208 1 0.1
9209 18 0.78
9212 1 0.63
9217 11 0.53
9220 27 0.87
9222 16 0.43
9234 13 0.8
9235 26 0.41
9236 26 0.45
9238 24 0.99
9239 25 0.0
9241 11 0.64
9244 23 0.33
9249 27 0.23
9252 18 0.51
9254 26 0.64
9255 26 0.78
9256 3 0.47
9259 16 0.43
9262 17 0.44
9263 15 0.35
9264 4 0.2
9274 28 0.03
9276 8 0.49
9280 6 0.73
9285 7 0.63
9287 25 0.91
9301 26 0.62
9308 23 0.92
9309 20 0.11
9320 13 0.9
9330 8 0.76
9331 28 0.59
9332 15 0.37
9333 6 0.13
9337 22 0.63
9340 0 0.73
9344 28 0.89
9345 5 0.18
9346 20 0.88
9350 10 0.69
9351 6 0.38
9354 16 0.48
9355 13 0.57
9356 5 0.56
9361 19 0.63
9364 12 0.85
9365 8 0.87
9366 14 0.05
9368 10 0.69
9374 17 0.99
9380 6 0.62
9381 4 0.42
9382 15 0.82
9389 0 0.23
9390 24 0.65
9392 10 0.29
9393 9 0.21
9395 28 0.96
9397 13 0.02
9400 10 0.84
9401 4 0.61
9408 24 0.2
9410 6 0.36
9411 7 0.94
9412 27 0.62
9413 21 0.21
9415 20 0.59
9425 12 0.36
9432 10 0.27
9433 8 0.22
9434 8 0.47
9435 22 0.02
9436 18 0.32
9437 22 0.75
9439 2 0.49
9440 4 0.63
9442 13 0.63
9446 22 0.27
9449 9 0.43
9450 1 0.3
9454 2 0.06
9463 6 0.72
9464 5 0.99
9466 10 0.81
9469 22 0.25
9470 12 0.78
9480 2 0.75
9481 18 0.19
9483 7 0.35
9491 16 0.93
9492 5 0.38
9496 25 0.23
9498 13 0.99
9502 14 0.81
9512 12 0.94
9517 22 0.04
9532 7 0.74
9533 27 0.91
9538 2 0.46
9540 7 0.49
9541 9 0.1
9547 23 0.93
9554 1 0.83
9555 9 0.61
9558 23 0.56
9561 28 0.09
9564 25 0.86
9573 23 0.94
9578 27 0.91
9583 0 0.05
9589 18 0.99
9594 29 0.73
9605 12 0.06
9606 1 0.46
9607 24 0.91
9608 8 0.86
9613 14 0.08
9617 7 0.69
9625 0 0.94
9628 21 0.82
9632 28 0.85
9635 7 0.71
9636 14 0.46
9637 28 0.07
9642 22 0.67
9643 24 0.17
9646 7 0.98
9647 5 0.66
9648 24 0.85
9651 28 0.15
9652 0 0.4
9682 20 0.96
9692 22 0.08
9703 19 0.47
9706 1 0.49
9722 11 0.92
9730 20 0.52
9733 28 0.39
9736 26 0.07
9737 26 0.2
9738 28 0.9
9753 28 0.68
9760 24 0.44
9771 5 0.82
9773 23 0.4
9776 2 0.78
9782 13 0.14
9812 13 0.07
9813 3 0.51
9818 2 0.83
9827 28 0.59
9828 10 0.79
9830 0 0.23
9833 21 0.77
9844 29 0.54
9848 6 0.0
9850 5 0.31
9852 4 0.67
9854 20 0.46
9858 3 0.81
9864 26 0.65
9869 25 0.48
9870 3 0.27
9871 5 0.84
9873 24 0.49
9874 11 0.05
9880 29 0.77
9882 20 0.73
9883 10 0.67
9887 26 0.86
9899 17 0.23
9900 18 0.05
9903 22 0.47
9904 27 0.72
9907 20 0.71
9909 17 0.09
9910 7 0.45
9911 16 0.55
9912 19 0.48
9913 6 0.59
9916 20 0.21
9917 9 0.99
9921 18 0.79
9925 17 0.14
9926 14 0.12
9930 18 0.15
9935 17 0.46
9942 24 0.24
9944 23 0.57
9948 24 0.19
9960 3 0.68
9961 20 0.23
9962 19 0.04
9972 9 0.2
9975 8 0.28
9980 25 0.99
9984 13 0.66
9986 15 0.67
9987 15 0.19
9990 18 0.48
9995 3 0.78
9999 24 0.74
