4 23 0.4
11 26 0.12
15 1 0.91
30 7 0.33
34 4 0.28
49 16 0.27
52 7 0.91
55 3 0.87
59 17 0.77
65 24 0.15
94 5 0.44
96 24 0.48
97 0 0.48
116 29 0.31
121 1 0.81
122 11 0.3
127 4 0.46
140 1 0.45
143 29 0.87
148 9 0.52
153 11 0.58
172 5 0.16
179 13 0.53
196 23 0.12
222 9 0.46
238 16 0.03
246 2 0.77
252 2 0.31
253 11 0.05
266 20 0.88
295 13 0.82
312 9 0.0
325 8 0.38
333 16 0.97
343 2 0.68
365 7 0.81
373 9 0.15
379 28 0.16
391 4 0.63
401 15 0.27
403 18 0.3
405 15 0.11
424 1 0.26
427 13 0.64
436 20 0.04
438 26 0.85
441 1 0.6
447 20 0.47
454 12 0.46
462 27 0.57
467 29 0.79
480 22 0.65
493 20 0.2
505 22 0.06
513 20 0.35
521 23 0.9
522 7 0.71
555 18 0.77
566 13 0.24
583 15 0.22
602 15 0.48
612 17 0.18
622 0 0.35
624 0 0.39
636 8 0.1
640 21 0.6
645 7 0.66
653 13 0.06
657 13 0.69
664 10 0.94
674 16 0.41
679 6 0.67
680 24 0.82
685 21 0.48
688 9 0.16
693 14 0.61
700 14 0.25
705 19 0.67
738 6 0.44
754 2 0.65
761 20 0.55
782 0 0.41
787 28 0.48
788 20 0.31
789 28 0.87
799 18 0.9
801 5 0.19
815 26 0.29
823 19 0.4
830 18 0.99
831 3 0.17
838 16 0.8
857 13 0.49
860 28 0.06
864 25 0.92
870 6 0.11
883 21 0.85
896 25 0.72
902 26 0.38
910 22 0.92
913 14 0.54
933 4 0.78
934 14 0.5
951 27 0.89
958 4 1.0
970 20 0.78
983 23 0.42
986 29 0.99
999 6 0.85
