2 25 0.17
8 27 0.33
9 23 0.91
11 11 0.46
19 18 0.79
20 20 0.33
26 12 0.27
33 3 0.85
44 12 0.99
46 19 0.92
47 20 0.88
55 10 0.25
56 1 0.31
58 27 0.13
61 21 0.59
65 21 0.28
66 16 0.13
71 27 0.8
77 21 0.56
80 22 0.62
83 11 0.83
86 29 0.54
92 15 0.55
95 27 0.49
99 10 0.41
102 28 0.69
103 13 0.13
109 19 0.89
110 18 0.77
111 6 0.74
123 18 0.28
128 17 0.01
131 10 0.86
134 12 0.89
146 3 0.41
150 0 0.5
152 20 0.12
154 22 0.76
157 2 0.09
158 9 0.01
162 2 0.76
168 12 0.32
170 19 0.69
172 18 0.83
174 19 0.25
175 7 0.7
178 17 0.95
179 13 0.34
184 26 0.69
185 26 0.95
190 5 0.12
191 1 0.03
192 13 0.64
195 9 0.46
196 19 0.51
203 0 0.88
210 4 0.53
220 19 0.96
222 28 0.27
225 19 0.99
229 13 0.78
233 15 0.96
238 0 0.45
242 1 0.75
244 25 0.65
248 21 0.24
264 24 0.14
278 10 0.47
283 5 0.74
284 2 0.06
289 3 0.58
295 16 0.45
299 22 0.76
300 10 0.7
305 10 0.13
311 16 0.96
313 13 0.2
329 9 0.06
330 21 0.96
334 15 0.87
338 11 0.04
342 8 0.27
346 22 0.39
347 17 0.56
350 20 0.93
354 16 0.67
356 16 0.11
360 21 0.81
364 19 0.01
367 25 0.26
372 23 0.97
383 24 0.5
385 22 0.87
388 23 0.58
390 0 0.56
391 21 0.71
397 18 0.66
400 23 0.11
406 26 0.13
407 4 0.62
410 20 0.03
423 22 0.73
428 16 0.1
435 20 0.81
436 22 0.63
440 8 0.95
443 11 0.89
450 27 0.52
455 8 0.49
458 1 0.71
459 25 0.15
469 23 0.61
471 28 0.41
472 4 0.48
475 11 0.19
482 22 0.1
484 24 0.1
486 11 0.07
487 5 0.84
493 7 0.24
496 24 0.75
500 22 0.25
501 2 0.86
503 19 0.82
512 19 0.84
513 22 0.18
515 25 0.32
517 29 0.76
518 7 0.15
519 13 0.35
522 12 0.68
523 17 0.62
525 10 0.55
529 22 0.79
535 3 0.32
538 13 0.37
545 24 0.08
546 0 0.32
548 2 0.22
549 29 0.75
555 23 0.04
559 9 0.38
565 7 0.91
566 12 0.69
568 13 0.43
570 7 0.81
571 17 0.19
573 29 0.89
576 10 0.13
578 3 1.0
581 7 0.91
585 21 0.25
587 17 0.06
588 0 0.21
590 17 0.39
591 19 0.7
594 29 0.2
596 8 1.0
601 28 0.25
605 28 0.14
607 27 0.16
612 7 0.61
615 2 0.98
616 25 0.41
625 27 0.49
636 6 0.97
640 15 0.72
642 4 1.0
646 10 0.53
649 9 0.87
651 3 0.93
652 28 0.84
653 20 0.39
657 14 0.16
658 25 0.96
659 10 0.4
664 0 0.98
667 19 0.5
669 23 0.57
674 7 0.42
686 2 0.96
687 25 0.59
693 16 0.33
701 11 0.64
703 13 0.16
704 11 0.93
705 18 0.39
709 4 0.27
711 16 0.5
717 10 0.63
718 12 0.05
730 26 0.88
734 20 0.23
738 15 0.99
739 22 0.24
742 12 0.74
747 10 0.63
748 26 0.13
750 25 0.33
754 21 0.79
758 11 0.04
763 29 0.72
767 8 0.58
769 22 0.48
771 25 0.49
776 25 0.47
787 1 0.66
788 8 0.09
795 3 0.36
797 9 0.12
800 12 0.11
801 8 0.43
809 26 0.94
816 9 0.48
821 26 0.04
827 17 0.56
830 16 0.94
833 16 0.78
834 29 0.21
840 0 0.07
842 1 0.91
851 18 0.02
852 27 0.8
854 10 0.75
859 18 0.48
860 0 0.81
862 14 0.03
866 14 0.05
871 21 0.81
874 7 0.4
875 6 0.89
878 18 0.14
883 3 0.65
885 16 0.9
891 15 0.52
899 27 0.94
906 21 0.04
907 21 0.47
912 23 0.75
914 0 0.58
916 7 0.44
920 12 0.28
921 23 0.6
925 3 0.56
928 16 0.67
933 23 0.46
934 11 0.16
935 18 0.69
939 11 0.22
941 3 0.46
942 19 0.75
944 28 0.14
950 26 0.36
954 1 0.38
955 14 0.56
961 12 0.41
965 18 0.58
968 7 0.89
970 20 0.12
972 3 0.92
973 7 0.12
974 20 0.6
977 27 0.94
978 27 0.45
985 9 0.92
987 5 0.33
988 1 0.64
990 20 0.93
991 24 0.91
994 15 0.69
997 6 0.37
