3 8 0.41
9 6 0.43
12 1 0.28
47 3 0.65
71 25 0.75
89 14 0.02
110 1 0.86
118 18 0.96
137 20 0.34
140 3 0.06
165 26 0.16
166 25 0.86
183 19 0.0
185 13 0.96
191 11 0.97
192 9 0.58
198 1 0.33
199 2 0.08
202 2 0.95
205 16 0.1
211 29 0.3
223 20 0.1
228 3 0.61
230 18 0.99
235 14 0.4
246 2 0.09
256 27 0.35
276 24 0.83
279 27 0.63
287 13 0.01
293 0 0.55
295 4 0.43
317 1 0.89
318 6 0.2
322 25 0.48
362 10 0.48
370 2 0.05
388 17 0.07
392 24 0.17
397 25 0.38
399 11 0.41
408 11 0.82
414 1 0.01
423 16 0.57
434 21 0.83
440 7 0.58
444 13 0.89
454 9 0.06
455 19 0.13
461 9 0.07
462 18 0.86
464 23 0.21
469 20 0.94
519 5 0.31
520 12 0.6
530 11 0.56
542 12 0.83
544 17 0.32
555 28 0.74
577 18 0.81
588 9 0.23
619 26 0.09
620 26 0.12
624 25 0.94
626 9 0.63
628 2 0.06
630 7 0.3
637 10 0.61
650 12 0.43
656 11 0.46
665 5 0.72
686 20 0.58
689 14 0.9
733 23 0.81
755 18 0.06
763 6 0.71
777 2 0.77
778 1 0.88
787 19 0.93
831 12 0.84
836 11 0.06
839 12 0.77
861 23 0.72
865 20 0.84
876 25 0.82
878 9 0.76
890 1 0.98
893 16 0.34
912 8 0.73
916 7 0.09
917 19 0.5
920 18 0.78
921 25 0.24
941 2 0.64
943 5 0.19
945 14 0.31
949 4 0.83
953 19 0.17
956 23 0.67
961 23 0.03
966 6 0.43
970 22 0.45
971 3 0.99
976 23 0.92
984 10 0.41
997 22 0.29
1016 15 0.66
1028 4 0.45
1036 14 0.91
1056 4 0.19
1063 19 0.3
1067 5 0.8
1072 4 0.48
1083 16 0.1
1085 29 0.46
1098 1 0.37
1107 11 0.2
1115 26 0.35
1123 9 0.88
1153 24 0.76
1170 9 0.71
1175 28 0.17
1181 24 0.92
1185 19 0.85
1189 22 0.58
1198 18 0.15
1205 2 0.37
1221 25 1.0
1222 23 0.36
1241 24 0.45
1242 23 0.14
1254 8 0.77
1261 28 0.86
1270 27 0.31
1275 26 0.65
1293 0 0.48
1295 2 0.88
1326 29 0.23
1339 2 0.16
1346 21 0.72
1368 16 0.33
1375 25 0.33
1377 15 0.86
1383 2 0.05
1393 21 0.89
1429 28 0.07
1459 5 0.42
1486 13 0.0
1530 27 0.31
1531 21 0.99
1540 7 0.08
1545 17 0.22
1550 8 0.76
1554 1 0.98
1559 4 0.1
1563 7 0.19
1584 4 0.58
1595 17 0.51
1605 8 0.17
1609 28 0.56
1627 27 0.95
1629 17 0.59
1630 26 0.89
1656 4 0.04
1657 2 0.66
1664 1 0.25
1681 6 0.27
1687 4 0.12
1691 20 0.49
1723 27 0.93
1740 25 0.81
1744 28 0.29
1753 28 0.03
1756 21 0.87
1762 1 0.71
1779 17 0.88
1785 29 0.49
1787 20 0.39
1788 28 0.04
1798 18 0.33
1815 20 0.39
1827 27 0.75
1828 26 0.48
1830 22 0.42
1832 29 0.77
1837 23 0.84
1842 23 0.75
1845 29 0.92
1851 3 0.78
1862 10 0.57
1876 24 0.8
1883 1 0.52
1886 21 0.81
1887 29 0.38
1889 23 0.84
1894 1 0.99
1898 17 0.25
1907 28 0.76
1932 10 0.8
1938 9 0.45
1948 5 0.51
1960 14 0.92
1961 24 0.88
1964 20 0.16
1970 13 0.51
1998 6 0.01
1999 20 0.24
2002 7 0.24
2006 19 0.28
2028 16 0.24
2060 21 0.89
2073 10 0.56
2076 25 0.14
2097 19 0.07
2116 22 0.89
2119 9 0.93
2132 4 0.91
2153 20 0.6
2169 4 0.15
2171 8 0.65
2173 15 0.37
2180 23 0.24
2186 10 0.03
2208 6 0.04
2211 13 0.73
2212 19 0.76
2221 21 0.46
2222 25 0.64
2240 25 0.75
2248 27 0.85
2252 20 0.03
2272 27 0.25
2279 10 0.88
2300 23 0.19
2304 8 0.12
2306 13 0.72
2310 14 0.02
2316 16 0.97
2330 7 0.81
2347 0 0.89
2354 28 0.3
2355 18 0.2
2363 8 0.94
2371 16 0.36
2401 29 0.75
2404 7 0.39
2406 17 0.29
2410 13 0.52
2418 18 0.46
2425 21 0.21
2426 13 0.69
2429 11 0.48
2461 24 0.04
2465 5 0.95
2466 19 0.75
2477 0 0.32
2480 3 0.77
2482 0 0.49
2492 3 0.25
2498 17 0.82
2501 1 0.88
2507 9 0.92
2515 15 0.79
2519 1 0.6
2521 1 0.14
2522 13 0.08
2527 1 0.48
2530 23 0.49
2534 27 0.2
2538 5 0.45
2557 12 0.96
2570 29 0.02
2585 17 0.01
2595 23 0.74
2607 23 0.28
2615 10 0.45
2616 25 0.41
2630 6 0.53
2640 7 0.01
2664 22 0.75
2668 26 0.6
2682 5 0.02
2694 22 0.86
2717 11 0.28
2721 3 0.34
2731 12 0.19
2752 18 0.71
2760 13 0.87
2761 16 0.72
2778 27 0.27
2779 16 0.38
2781 7 0.47
2788 20 0.46
2820 3 0.45
2849 9 0.41
2855 20 0.31
2870 29 0.87
2895 25 0.1
2901 19 0.77
2913 24 0.04
2915 13 0.79
2920 19 0.61
2925 1 0.43
2930 5 0.44
2968 11 0.88
2970 28 0.87
2972 29 0.46
2983 4 0.31
2986 11 0.44
3072 10 0.93
3073 7 0.16
3087 11 0.54
3103 5 0.39
3105 10 0.85
3132 8 0.87
3136 25 0.5
3146 13 0.47
3149 10 0.0
3150 9 0.59
3161 15 0.29
3173 17 0.64
3178 27 0.06
3179 16 0.04
3184 29 0.34
3185 21 0.8
3186 10 0.43
3201 18 0.49
3204 12 0.49
3205 0 0.82
3209 11 0.32
3244 16 0.05
3245 17 0.23
3246 8 0.84
3262 27 0.2
3293 21 0.75
3298 4 0.17
3299 17 0.45
3318 4 0.36
3322 26 0.82
3342 22 0.83
3349 19 0.13
3352 21 0.32
3359 18 0.24
3361 11 0.5
3362 1 0.48
3373 8 0.86
3376 12 0.63
3397 19 0.1
3405 10 0.93
3422 8 0.51
3423 22 0.69
3449 3 0.25
3455 8 0.47
3463 6 0.53
3465 7 0.39
3480 16 0.72
3484 26 0.22
3487 12 0.3
3531 26 0.5
3536 22 0.96
3555 17 0.5
3559 2 0.97
3584 7 0.99
3601 4 0.91
3605 1 0.64
3631 24 0.31
3636 13 0.72
3638 12 0.11
3641 17 0.48
3643 18 0.79
3647 17 0.59
3650 1 0.82
3663 3 0.78
3665 20 0.6
3666 0 0.75
3674 25 0.56
3675 16 0.12
3679 18 0.01
3681 19 0.4
3686 7 0.98
3696 20 0.87
3698 7 0.94
3713 19 0.42
3717 2 0.52
3735 23 0.57
3736 2 0.81
3745 27 0.16
3749 29 0.24
3757 19 0.25
3760 24 0.87
3763 27 0.06
3776 25 1.0
3779 6 0.95
3780 19 0.47
3781 19 0.07
3786 20 0.75
3789 0 0.9
3791 28 0.01
3806 0 0.35
3807 1 0.46
3869 12 0.5
3872 10 0.71
3881 26 0.44
3887 11 0.5
3904 24 0.93
3910 27 0.71
3923 26 0.16
3925 3 0.36
3927 17 0.14
3935 12 0.0
3940 28 0.73
3941 26 0.25
3951 29 0.72
3955 28 1.0
3959 0 0.25
3964 0 0.92
3985 24 0.34
3994 4 0.86
3995 2 0.22
3998 13 0.48
4002 23 0.81
4023 9 0.36
4031 29 0.59
4033 13 0.46
4040 21 0.16
4046 27 0.74
4049 29 0.04
4083 10 0.97
4095 25 0.17
4099 10 0.34
4100 22 0.81
4101 22 0.24
4114 19 0.24
4116 9 0.65
4119 28 0.06
4126 13 0.99
4149 26 0.53
4159 23 0.64
4162 27 0.14
4168 12 0.53
4190 6 0.41
4199 20 0.28
4215 8 0.05
4221 23 0.31
4228 5 0.14
4252 23 0.33
4259 4 0.86
4261 18 0.62
4275 16 0.92
4282 12 0.88
4283 20 0.84
4292 19 0.78
4300 11 0.76
4307 12 0.42
4314 22 0.72
4319 27 0.79
4362 19 0.85
4364 6 0.13
4368 4 0.9
4369 8 0.22
4384 2 0.77
4390 29 0.53
4398 16 0.86
4402 5 0.87
4404 19 0.58
4434 23 0.53
4441 0 0.85
4444 28 0.74
4450 23 0.41
4457 27 0.56
4460 9 0.22
4492 12 0.64
4521 29 0.37
4553 3 0.76
4560 14 0.55
4569 0 0.68
4582 17 0.88
4583 18 0.79
4586 24 0.75
4593 8 0.45
4597 23 0.54
4603 26 0.2
4613 15 0.82
4621 6 0.88
4626 6 0.95
4637 27 0.18
4660 21 0.42
4662 12 0.73
4667 10 0.67
4668 17 0.68
4695 1 0.35
4697 19 0.05
4704 7 0.7
4705 27 0.99
4725 26 0.09
4744 0 0.99
4755 21 0.68
4766 12 0.82
4774 28 0.86
4791 20 0.7
4797 25 0.41
4799 26 0.44
4802 11 0.89
4811 0 0.63
4815 28 0.98
4822 3 0.83
4823 0 0.14
4856 21 0.3
4857 19 0.01
4864 4 0.06
4891 6 0.73
4925 26 0.45
4943 18 0.94
4948 11 0.74
4950 5 0.32
4978 26 0.74
4981 29 0.77
4988 2 0.01
5016 21 0.86
5017 25 0.97
5022 1 0.31
5056 17 0.11
5065 13 0.78
5074 26 0.37
5084 6 0.02
5085 23 0.45
5087 17 0.8
5100 7 0.21
5112 8 0.4
5115 26 0.39
5122 28 0.46
5125 17 0.51
5127 23 0.22
5131 23 0.19
5135 3 0.6
5164 2 0.49
5172 13 0.6
5180 27 0.11
5185 22 0.73
5202 20 0.73
5203 3 0.08
5207 18 0.49
5220 11 0.75
5223 10 0.43
5224 21 0.53
5229 27 0.62
5232 5 0.98
5239 28 0.83
5248 6 0.39
5252 14 0.39
5257 5 0.78
5271 26 0.91
5276 0 0.69
5278 18 0.87
5279 17 0.91
5282 18 0.96
5284 0 0.45
5298 9 0.64
5316 24 0.95
5324 13 0.31
5353 11 0.12
5358 8 0.52
5373 14 0.36
5384 10 0.89
5386 8 0.17
5397 26 0.46
5405 8 0.33
5408 13 0.26
5412 9 0.33
5424 28 0.22
5442 18 0.4
5455 27 0.13
5458 15 0.65
5478 2 0.2
5484 11 0.15
5485 6 0.49
5494 28 0.09
5498 10 0.91
5517 0 0.09
5518 5 0.48
5529 3 0.06
5533 21 0.07
5545 18 0.61
5548 0 0.11
5564 8 0.36
5588 7 0.39
5590 11 0.65
5598 10 0.04
5602 12 0.54
5614 21 0.86
5617 29 0.71
5626 25 0.8
5627 10 0.89
5645 15 0.79
5661 21 0.65
5665 2 0.13
5666 3 0.66
5667 2 0.34
5677 27 0.67
5698 7 0.49
5700 2 0.06
5706 4 0.11
5709 17 0.98
5710 8 0.14
5711 19 0.15
5715 18 0.09
5716 11 0.74
5733 6 0.69
5740 12 0.97
5744 6 0.86
5746 11 0.21
5761 22 0.07
5769 19 0.86
5770 27 0.49
5772 20 0.79
5781 17 0.39
5783 23 0.46
5786 26 0.06
5790 14 0.84
5797 21 0.88
5799 12 0.22
5804 12 0.42
5806 4 0.13
5811 11 0.24
5818 24 0.37
5828 23 0.42
5829 18 0.86
5836 9 0.83
5839 26 0.67
5872 11 0.81
5898 24 0.19
5899 22 0.35
5931 20 0.44
5933 7 0.99
5937 13 0.38
5953 7 0.34
5954 14 0.68
5974 7 0.97
5976 2 0.88
5999 17 0.47
6002 12 0.61
6003 9 0.83
6014 26 0.81
6034 25 0.96
6037 16 0.93
6073 3 0.69
6075 20 0.34
6080 6 0.43
6095 0 0.12
6114 13 0.21
6115 1 0.88
6146 16 0.98
6148 8 0.64
6150 2 0.5
6169 17 0.97
6172 22 0.34
6191 4 0.79
6192 18 0.33
6210 26 0.9
6223 10 0.3
6228 16 0.48
6240 25 0.16
6246 8 0.89
6250 26 0.12
6255 1 0.62
6270 27 0.99
6286 21 0.58
6293 24 0.02
6296 20 0.86
6302 18 0.65
6306 23 0.57
6313 16 0.61
6325 4 0.32
6348 26 0.64
6353 29 0.78
6368 23 0.28
6369 23 0.69
6371 14 0.15
6372 6 0.53
6377 8 0.42
6389 9 0.66
6398 20 0.73
6408 28 0.52
6409 17 0.59
6412 10 0.11
6413 8 0.05
6415 3 0.68
6418 8 0.34
6429 16 0.86
6433 22 0.62
6446 4 0.63
6456 8 0.19
6488 5 0.82
6496 3 0.68
6498 20 0.27
6503 13 0.64
6508 25 0.32
6522 22 0.71
6528 16 0.69
6530 14 0.93
6549 7 0.13
6557 1 0.51
6579 8 0.56
6594 3 0.21
6606 28 0.04
6608 28 0.14
6623 19 0.06
6625 14 0.43
6639 2 0.5
6649 23 0.22
6657 16 0.36
6670 11 0.8
6677 10 0.27
6685 11 0.32
6696 14 0.98
6741 16 0.38
6749 15 0.86
6751 23 0.56
6759 5 0.66
6768 24 0.08
6770 8 0.38
6778 21 0.63
6786 6 0.53
6800 23 0.46
6817 6 0.08
6819 16 0.56
6822 28 0.31
6842 20 0.02
6843 7 0.39
6857 23 0.33
6865 6 0.63
6875 1 0.93
6880 14 0.14
6884 4 0.05
6906 2 0.63
6911 27 0.41
6927 26 0.38
6932 2 0.64
6937 5 0.81
6944 28 0.15
6945 5 0.8
6952 28 0.97
6953 12 0.35
6955 15 0.76
6963 21 0.42
6965 19 0.43
6970 25 0.86
6975 7 0.47
7004 20 0.04
7009 9 0.58
7010 9 0.9
7018 9 0.18
7019 3 0.49
7032 25 0.67
7040 6 0.52
7047 19 0.66
7066 21 0.8
7069 23 0.51
7076 23 0.56
7090 21 0.03
7093 4 0.78
7132 7 0.61
7152 28 0.97
7165 7 0.59
7170 10 0.72
7175 1 0.31
7180 6 0.69
7206 2 0.53
7216 28 0.95
7238 1 0.03
7239 25 0.19
7241 21 0.21
7261 3 0.84
7267 2 0.2
7288 10 0.44
7298 20 0.11
7312 23 0.3
7319 7 0.47
7328 26 0.4
7340 19 0.94
7362 14 0.67
7368 3 0.68
7372 18 0.17
7373 12 0.54
7377 18 0.35
7378 21 0.09
7395 26 0.25
7397 13 0.1
7412 4 0.76
7415 3 0.41
7424 20 0.82
7432 6 0.27
7437 13 0.01
7454 25 0.1
7463 26 0.87
7474 18 0.46
7480 23 0.26
7500 29 0.48
7501 6 0.17
7505 14 0.19
7514 10 0.67
7526 27 0.3
7540 14 0.7
7554 13 0.69
7563 5 0.38
7580 6 0.94
7592 14 0.53
7598 26 0.59
7601 20 0.16
7613 28 0.61
7615 26 0.28
7624 22 0.88
7637 18 0.43
7645 13 0.97
7650 14 0.87
7669 1 0.4
7676 10 0.13
7679 24 0.95
7686 21 0.37
7692 27 0.58
7698 5 0.06
7735 16 0.51
7748 16 0.75
7752 25 0.96
7757 28 0.31
7779 5 0.67
7809 16 0.7
7810 5 0.69
7820 14 0.54
7827 1 0.92
7849 3 0.1
7856 11 0.38
7872 13 0.87
7875 5 0.99
7890 1 0.26
7898 0 0.2
7909 21 0.09
7916 13 0.78
7932 9 0.16
7934 17 0.18
7941 28 0.01
7945 11 0.47
7949 18 0.28
7952 27 0.07
7970 4 0.67
7971 20 0.51
7972 28 0.49
7974 2 0.77
7989 0 0.96
7993 15 0.82
7995 13 0.43
7996 10 0.98
8035 20 0.37
8039 17 0.38
8043 9 0.28
8058 6 0.7
8067 20 0.58
8068 2 0.67
8099 14 0.56
8102 16 0.78
8106 24 0.49
8108 19 0.8
8123 1 0.12
8129 27 0.84
8144 16 0.08
8176 22 0.3
8186 27 0.72
8187 22 0.48
8209 2 0.84
8220 7 0.16
8243 9 0.24
8245 26 0.82
8263 2 0.29
8268 20 0.94
8275 0 0.47
8300 25 0.39
8302 12 0.05
8305 1 0.92
8307 29 0.82
8325 3 0.74
8342 1 0.56
8351 6 0.3
8370 18 0.25
8383 4 0.74
8393 10 0.8
8395 1 0.0
8403 20 0.52
8405 18 0.39
8406 5 0.69
8421 9 0.66
8422 24 0.23
8435 24 0.0
8447 7 0.99
8448 17 0.91
8450 1 0.1
8454 18 0.34
8461 3 0.58
8462 27 0.81
8468 10 0.97
8505 15 0.13
8516 13 0.23
8518 9 0.8
8529 1 0.47
8537 8 0.8
8545 8 0.57
8549 24 0.05
8550 22 0.31
8562 12 0.22
8578 23 0.37
8581 7 0.26
8582 29 0.86
8592 27 0.48
8594 21 0.06
8604 28 0.43
8638 4 0.73
8649 14 0.05
8660 12 0.3
8685 24 0.45
8694 10 0.18
8712 1 0.77
8731 1 0.2
8748 23 0.94
8752 29 0.33
8753 27 0.76
8754 22 0.73
8757 10 0.1
8775 10 0.54
8778 12 0.89
8796 1 0.5
8799 26 0.07
8824 16 0.13
8844 18 0.26
8856 19 0.37
8870 1 0.75
8871 29 0.74
8885 13 0.42
8889 1 0.92
8895 21 0.88
8903 24 0.65
8907 6 0.05
8908 20 0.68
8913 28 0.31
8931 21 0.18
8938 16 0.78
8951 4 0.86
8956 2 0.4
8967 27 0.14
8976 11 0.79
8980 25 0.68
8981 26 0.79
8987 12 0.17
9002 5 0.5
9026 2 0.7
9048 22 0.48
9049 20 0.8
9057 12 0.55
9085 4 0.29
9086 6 0.34
9090 23 0.55
9097 23 0.85
9109 18 0.42
9119 21 0.8
9124 14 0.57
9128 0 0.8
9134 16 0.02
9139 25 0.89
9141 13 0.67
9145 18 0.23
9166 2 0.57
9171 7 0.6
9180 25 0.67
9181 22 0.19
9186 29 0.21
9218 18 0.28
9224 9 0.8
9263 16 0.25
9269 10 0.12
9297 22 0.15
9315 26 0.75
9325 18 0.7
9329 0 0.46
9347 8 0.73
9350 18 0.86
9356 16 0.14
9395 10 0.04
9420 6 0.6
9426 23 0.63
9432 8 0.63
9450 16 0.34
9456 27 0.68
9458 3 0.84
9480 20 0.28
9492 20 0.95
9503 15 0.77
9507 7 0.81
9527 19 0.67
9533 9 0.6
9543 8 0.45
9547 10 0.79
9558 11 0.87
9566 17 0.39
9572 25 0.17
9586 14 0.09
9605 27 0.21
9628 8 0.89
9645 3 0.65
9646 19 0.78
9652 0 0.56
9664 19 0.97
9673 21 0.86
9674 21 0.42
9678 21 0.43
9700 9 0.39
9704 8 0.47
9709 0 0.96
9711 5 0.32
9712 29 0.74
9723 18 0.11
9735 22 0.24
9736 18 0.06
9743 7 0.74
9773 14 0.42
9781 26 0.03
9787 22 0.78
9790 19 0.09
9808 13 0.9
9823 24 0.57
9829 16 0.9
9840 28 0.94
9845 14 0.57
9853 25 0.24
9868 4 0.12
9878 14 0.86
9888 29 0.05
9897 19 0.61
9898 2 0.71
9911 1 0.29
9912 24 0.77
9934 8 0.82
9936 28 0.9
9948 20 0.34
9959 8 0.08
9979 22 0.31
9980 21 0.59
9986 18 0.0
9988 18 0.35
9989 27 0.99
9994 2 0.55
