1 18 0.8
6 29 0.16
9 7 0.75
11 19 0.61
12 29 0.7
13 23 0.71
14 16 0.42
15 26 0.48
16 5 0.12
17 2 0.98
18 22 0.53
25 8 0.36
26 7 0.58
27 18 0.55
30 6 0.62
31 25 0.58
35 22 0.25
36 20 0.42
41 8 0.79
43 21 0.96
44 0 0.69
53 10 0.07
54 14 0.06
56 17 0.21
58 2 0.04
61 4 0.53
62 5 0.33
63 28 0.57
65 9 0.37
69 23 0.96
70 7 0.47
71 20 0.84
74 5 0.71
75 6 0.21
77 16 0.05
78 29 0.44
79 28 0.83
81 23 0.78
83 9 0.24
87 7 0.3
89 1 0.74
90 28 0.76
92 16 0.94
95 1 0.68
96 8 0.74
97 4 0.19
98 10 0.83
99 9 0.2
100 22 0.83
104 0 0.24
106 29 0.59
107 25 0.69
109 8 0.06
112 16 0.36
113 4 0.62
114 2 0.98
117 18 0.57
118 29 0.97
119 16 0.74
120 0 0.69
121 26 0.12
122 3 0.34
123 21 0.56
125 14 0.09
126 7 0.62
129 17 0.43
130 28 0.75
131 5 0.65
132 7 0.92
133 8 0.6
137 20 0.99
138 29 0.0
140 2 0.51
142 18 0.18
144 29 0.48
148 2 0.93
153 28 0.5
154 0 0.07
156 12 0.05
157 28 0.33
159 27 0.31
160 10 0.97
166 7 0.37
168 15 0.03
173 25 0.39
176 20 0.04
177 7 0.58
178 18 0.09
179 0 0.11
181 6 0.47
184 0 0.78
186 2 0.33
188 3 0.38
189 9 0.65
191 21 0.61
192 3 0.47
193 20 0.88
197 12 0.77
199 9 0.47
200 1 0.14
203 12 0.02
207 16 0.75
208 4 0.53
210 10 0.49
211 1 0.78
214 10 0.22
218 13 0.48
220 3 0.98
221 13 0.29
223 18 0.31
226 11 0.78
228 16 0.36
230 13 0.75
231 8 0.33
233 14 0.46
235 13 0.17
236 9 0.75
237 12 0.27
238 28 0.01
240 25 0.03
241 26 0.96
244 7 0.66
246 1 0.99
247 13 0.73
249 22 0.89
250 22 0.55
253 3 0.13
254 11 0.64
255 20 0.2
257 1 0.23
258 15 0.54
263 3 0.48
265 6 0.25
269 3 0.34
270 2 0.02
274 18 0.6
277 24 0.67
278 7 0.05
279 12 0.66
282 17 0.25
283 8 0.16
284 13 0.76
285 4 0.7
286 9 0.97
289 2 0.49
290 5 0.05
291 9 0.28
292 27 0.42
299 25 0.95
301 4 0.98
302 11 0.17
303 6 0.16
306 14 0.04
308 13 0.6
310 26 0.76
311 2 0.68
312 1 0.78
313 13 0.65
315 15 0.27
317 22 0.68
318 11 0.9
320 11 0.77
321 12 0.55
322 21 0.46
324 14 0.81
325 23 0.48
326 21 0.49
329 2 0.88
330 3 0.82
332 18 0.36
336 0 0.42
337 21 0.38
339 5 0.69
340 25 0.52
342 16 0.71
346 4 0.72
347 2 0.48
350 4 0.04
351 3 0.2
352 18 0.12
353 3 0.52
354 0 0.22
356 8 0.91
357 16 0.39
358 2 0.64
359 9 0.95
360 0 0.83
363 24 0.16
365 9 0.82
366 18 0.91
369 2 0.92
371 0 0.54
374 18 0.21
375 23 0.53
377 11 0.57
379 2 0.06
380 12 0.92
381 27 0.19
382 6 0.71
384 24 0.6
385 5 1.0
386 19 0.0
387 3 0.56
390 22 0.37
394 12 0.57
399 29 0.54
400 5 0.17
401 18 0.34
402 3 0.01
403 5 0.86
411 28 0.44
413 21 0.73
414 14 0.58
415 3 0.25
416 21 0.33
417 12 0.51
421 5 0.83
422 26 0.23
423 29 0.1
424 17 0.06
425 19 0.44
427 29 0.37
429 18 0.95
430 10 0.19
432 8 0.18
433 25 0.24
434 3 0.17
436 16 0.36
439 10 0.45
442 20 0.52
447 28 0.88
448 17 0.53
450 10 0.37
453 1 0.62
456 4 0.06
457 18 0.69
461 11 0.91
465 24 0.71
467 1 0.79
468 6 0.62
469 8 0.54
470 24 0.26
476 21 0.46
477 23 0.45
478 7 1.0
481 11 0.14
482 22 0.1
484 3 0.71
485 20 0.2
489 11 0.61
490 1 0.01
491 23 0.48
493 0 0.6
495 8 0.31
499 17 0.65
501 23 0.91
503 10 0.59
504 11 0.98
505 4 0.41
511 25 0.15
512 23 0.17
513 27 0.58
514 21 0.78
516 0 0.34
518 26 0.82
519 9 0.67
520 3 0.05
522 12 0.1
524 27 0.86
525 16 0.59
526 5 0.38
527 16 0.71
529 9 0.86
531 11 0.83
534 10 0.35
539 1 0.21
541 3 0.37
542 24 1.0
543 7 0.38
544 9 0.92
545 17 0.06
549 12 0.92
550 19 0.76
551 3 0.78
554 9 1.0
555 6 0.29
556 15 0.27
557 8 1.0
558 15 0.12
559 2 0.55
563 23 0.89
566 14 0.06
568 1 0.97
570 1 0.78
571 2 0.94
572 2 0.27
575 19 0.92
576 20 0.97
578 14 0.51
581 19 0.89
583 0 0.38
584 9 0.42
585 28 0.83
586 17 0.72
587 9 0.28
588 17 0.97
589 0 0.42
590 3 0.98
591 7 0.28
594 20 0.51
597 7 0.27
600 4 0.65
602 22 0.67
604 19 0.85
608 21 0.45
609 17 0.88
613 27 0.2
614 24 0.11
615 10 0.05
616 10 0.08
618 27 0.39
620 21 0.94
621 13 0.43
622 3 0.65
624 11 0.57
628 25 0.09
630 27 0.9
631 10 0.31
632 11 0.22
636 7 0.66
637 20 0.87
638 28 0.3
639 28 0.83
641 23 0.1
643 1 0.3
645 20 0.13
647 2 0.84
651 1 0.53
652 28 0.04
653 17 0.26
654 3 0.52
656 11 0.38
659 17 0.49
661 1 0.94
662 0 0.26
663 26 0.25
666 18 0.06
667 18 0.35
668 11 0.24
671 21 0.59
672 11 0.04
674 21 0.71
677 25 0.2
680 28 0.32
681 8 0.53
683 28 0.56
686 2 0.66
687 21 0.4
688 9 0.22
689 11 0.77
691 27 0.58
692 8 0.72
693 16 0.18
695 13 0.0
696 11 0.7
697 14 0.6
698 25 0.61
699 18 0.2
700 10 0.32
701 17 0.11
702 23 0.71
703 16 0.17
705 11 0.07
706 24 0.26
707 19 0.53
708 10 0.88
709 9 0.93
711 17 0.8
714 20 0.13
720 9 0.89
724 8 0.24
725 12 0.41
728 2 0.05
730 16 0.69
732 16 0.52
734 18 0.46
735 12 0.29
737 28 0.38
739 17 0.0
741 27 0.36
742 17 0.89
743 8 0.61
746 2 0.13
747 21 0.42
750 10 0.63
752 28 0.12
757 10 0.66
759 4 0.24
764 4 0.07
765 25 0.21
766 14 0.63
768 12 0.15
775 17 0.45
777 0 0.62
779 4 0.95
782 3 0.35
787 10 0.76
789 26 0.47
792 20 0.19
800 7 0.24
801 10 1.0
802 9 0.52
803 8 0.8
804 3 0.65
805 25 0.11
806 10 0.86
810 15 0.86
811 27 0.12
813 20 0.32
814 22 0.93
815 18 0.42
819 25 0.3
820 21 0.72
823 12 0.22
824 13 0.43
825 5 0.01
826 1 0.4
827 18 0.42
828 24 0.63
829 5 0.82
832 28 0.29
839 24 0.17
842 11 0.37
843 1 0.45
844 6 0.54
848 21 0.55
850 24 0.27
853 12 1.0
855 19 0.04
862 29 0.09
865 29 0.49
866 21 0.54
870 0 0.03
871 13 0.27
872 14 0.08
873 18 0.28
874 9 0.35
875 16 0.53
876 15 0.03
878 11 0.63
879 13 0.7
880 8 0.13
881 18 0.1
883 10 0.31
887 25 0.39
891 3 0.0
892 3 0.15
893 21 0.61
896 25 0.69
901 10 0.61
902 7 0.11
903 5 0.84
905 1 0.1
906 17 0.79
907 20 0.86
909 7 0.52
911 17 0.53
912 8 0.18
914 10 0.72
917 3 0.35
918 24 0.57
922 13 0.56
924 8 0.8
928 27 0.32
933 5 0.0
937 22 0.2
938 9 0.03
943 5 0.28
945 19 0.97
946 14 0.14
948 10 0.55
949 19 0.99
951 26 0.75
952 25 0.99
954 7 0.13
957 0 0.17
958 2 0.99
960 16 0.2
961 25 0.15
968 11 0.32
970 27 0.8
972 17 0.88
975 22 0.44
978 19 0.39
981 25 0.47
982 7 0.75
983 22 0.47
993 19 0.1
996 5 0.77
1001 6 0.23
1003 23 0.08
1004 16 0.54
1005 5 0.61
1007 9 0.62
1011 16 0.12
1012 22 0.01
1014 24 0.66
1015 9 0.05
1016 12 0.9
1017 27 0.99
1018 0 0.55
1019 5 0.3
1022 19 0.32
1023 16 0.6
1024 9 0.23
1026 11 0.3
1027 11 0.26
1028 14 0.08
1029 19 0.02
1030 0 0.92
1033 10 0.92
1036 20 0.34
1037 11 0.18
1038 14 0.92
1041 7 0.75
1044 23 0.58
1047 18 0.23
1048 15 0.16
1049 14 0.48
1050 18 0.25
1052 20 0.99
1054 26 0.66
1055 3 0.29
1056 9 0.94
1057 16 0.61
1063 7 0.41
1066 26 0.3
1069 28 0.21
1070 13 0.57
1071 20 0.38
1077 25 0.59
1081 21 0.01
1083 6 0.25
1085 5 0.4
1088 15 0.09
1090 29 0.71
1091 24 0.68
1092 15 0.52
1094 2 0.0
1095 8 0.99
1097 27 0.27
1100 17 0.8
1101 4 0.04
1103 17 0.64
1104 25 0.8
1105 2 0.06
1108 1 0.63
1110 16 0.27
1111 17 0.12
1112 1 0.98
1113 3 0.97
1114 4 0.41
1115 9 0.32
1116 27 0.14
1117 27 0.41
1120 7 0.89
1124 4 0.22
1127 29 0.6
1128 2 0.29
1129 18 0.2
1130 13 0.99
1131 12 0.25
1132 1 0.3
1133 1 0.41
1134 2 0.4
1139 17 0.05
1141 11 0.88
1145 3 0.89
1149 16 0.3
1152 17 0.68
1154 16 0.32
1155 28 0.24
1158 29 0.66
1159 16 0.42
1160 24 0.99
1163 25 0.99
1164 8 0.75
1165 29 0.01
1166 6 0.94
1170 29 0.76
1177 26 0.17
1179 18 0.78
1182 8 0.8
1184 24 0.59
1189 5 0.08
1191 5 0.82
1194 16 0.4
1201 0 0.38
1202 27 0.07
1203 25 0.49
1205 27 0.11
1206 15 0.48
1210 25 0.98
1211 0 0.22
1215 21 0.49
1217 24 0.75
1219 4 0.43
1220 5 0.82
1222 9 0.27
1224 24 0.07
1225 27 0.38
1226 17 0.36
1230 1 0.09
1231 17 0.04
1232 19 0.55
1233 12 0.98
1234 20 0.28
1235 24 0.89
1237 3 0.72
1238 7 0.74
1240 25 0.03
1241 24 0.98
1242 3 0.35
1243 28 0.27
1244 10 0.5
1245 18 0.47
1246 16 0.31
1247 3 0.13
1248 24 0.58
1249 22 0.3
1251 10 0.89
1252 1 0.23
1254 19 0.98
1255 12 0.93
1256 17 0.21
1259 8 0.51
1260 26 0.27
1261 10 0.54
1262 25 0.8
1264 1 0.88
1267 25 0.98
1271 11 0.32
1273 2 0.47
1275 2 0.28
1276 17 0.68
1277 21 0.19
1279 15 0.62
1280 2 0.1
1282 25 0.83
1285 13 0.93
1288 8 0.92
1289 1 0.01
1292 0 0.57
1294 3 0.39
1296 19 0.59
1301 29 0.13
1305 9 0.43
1307 8 0.53
1308 19 0.75
1312 8 0.85
1314 13 0.26
1317 3 0.05
1318 2 0.09
1319 5 0.71
1320 18 0.74
1321 3 0.57
1322 17 0.17
1324 29 0.5
1328 7 0.18
1332 27 0.06
1334 9 0.27
1336 3 0.14
1337 7 0.65
1338 13 0.74
1339 13 0.19
1341 13 0.95
1342 6 0.05
1343 0 0.23
1344 11 0.83
1346 20 0.38
1348 7 0.58
1350 13 0.65
1356 8 0.45
1357 15 0.03
1359 5 0.04
1360 16 0.34
1361 27 0.59
1362 25 0.6
1364 17 0.39
1366 13 0.25
1370 9 0.24
1371 25 0.63
1375 27 0.3
1376 4 0.16
1378 15 0.77
1381 11 0.32
1382 3 0.41
1385 21 0.25
1388 18 0.88
1390 19 0.91
1392 15 0.2
1393 25 0.96
1395 25 0.54
1397 17 0.23
1398 15 0.01
1403 1 0.01
1404 19 0.48
1406 2 0.52
1410 15 0.35
1411 12 0.83
1413 8 0.67
1417 17 0.62
1419 6 0.37
1420 3 0.56
1422 21 0.46
1427 2 0.22
1428 23 0.37
1429 29 0.24
1434 4 0.96
1437 11 0.49
1438 21 0.17
1440 28 0.13
1441 12 0.87
1442 10 0.69
1443 18 0.27
1445 22 0.27
1448 24 0.57
1450 19 0.85
1451 7 0.48
1456 15 0.17
1457 7 0.03
1459 20 0.76
1462 8 0.47
1464 29 0.88
1466 15 0.7
1468 28 0.78
1469 19 0.37
1470 16 0.95
1471 29 0.31
1473 21 0.2
1475 26 0.38
1478 20 0.02
1481 23 0.84
1486 13 0.54
1487 24 0.29
1492 2 0.65
1495 7 0.48
1496 24 0.4
1497 13 0.52
1498 0 0.49
1499 23 0.08
1500 0 0.31
1501 10 0.12
1503 12 0.49
1505 15 0.38
1506 0 0.21
1508 10 0.49
1510 17 0.74
1512 24 0.48
1513 27 0.17
1515 26 0.19
1516 23 0.11
1517 8 0.23
1518 19 0.7
1519 4 0.07
1521 22 0.19
1522 6 0.51
1523 1 0.6
1524 26 0.96
1526 22 0.74
1527 16 0.37
1528 1 0.4
1529 13 0.48
1530 17 0.57
1533 17 0.95
1534 18 0.2
1537 25 0.8
1538 21 0.48
1543 16 0.33
1544 1 0.55
1545 18 0.72
1546 27 0.31
1547 2 0.59
1548 11 0.7
1552 14 0.42
1554 2 0.92
1555 2 0.87
1556 12 0.91
1557 8 0.86
1565 6 0.35
1566 19 0.68
1567 21 0.44
1568 17 0.13
1570 11 0.25
1571 23 0.89
1573 27 0.52
1574 19 0.38
1575 28 0.81
1578 5 0.92
1580 22 0.7
1583 1 0.83
1586 25 0.1
1587 22 0.62
1590 3 0.65
1592 12 0.61
1593 5 0.91
1594 23 0.3
1596 6 0.34
1597 15 0.17
1598 0 0.23
1600 1 0.53
1604 29 0.89
1607 29 0.39
1608 20 0.95
1611 11 0.34
1612 21 0.68
1613 22 0.76
1616 10 0.04
1617 15 0.29
1618 21 0.9
1619 6 0.1
1620 22 0.83
1621 0 0.18
1623 24 0.43
1624 0 0.63
1625 7 0.07
1626 19 0.76
1627 27 0.78
1628 1 0.48
1629 24 0.89
1630 21 0.81
1631 10 0.21
1633 6 0.69
1637 14 0.05
1639 15 0.27
1640 25 0.17
1644 13 0.65
1645 14 0.91
1646 9 0.84
1649 11 0.07
1650 5 0.63
1652 7 0.55
1653 10 0.58
1654 10 0.52
1655 2 0.63
1657 20 0.05
1660 2 0.81
1661 6 0.74
1662 15 0.41
1663 1 0.97
1670 23 0.99
1672 2 0.88
1683 5 0.62
1690 13 0.44
1691 5 0.81
1692 23 0.47
1693 13 0.45
1695 9 0.73
1696 4 0.45
1698 29 0.65
1700 7 0.41
1702 11 0.23
1703 20 0.56
1705 1 0.25
1707 20 0.82
1708 26 1.0
1709 19 0.83
1711 19 0.49
1715 20 0.24
1717 11 0.47
1723 13 0.5
1724 16 0.97
1725 5 0.43
1729 7 0.81
1730 19 0.88
1732 6 0.32
1733 22 0.41
1735 21 0.98
1739 19 0.49
1740 7 0.82
1743 26 0.42
1745 22 0.62
1746 8 0.42
1747 1 0.95
1750 28 0.72
1751 25 0.14
1752 4 0.98
1756 21 0.44
1757 6 0.99
1759 11 0.07
1761 3 0.31
1762 15 0.78
1767 9 0.95
1769 5 0.69
1770 7 0.09
1774 15 0.72
1777 29 0.44
1780 10 0.58
1781 13 0.24
1782 22 0.51
1783 21 0.24
1784 25 0.93
1788 12 0.81
1794 25 0.74
1798 5 0.26
1801 5 0.58
1805 20 0.82
1807 18 0.31
1808 22 0.67
1810 17 0.26
1811 5 0.99
1815 28 0.74
1816 6 0.22
1820 7 0.43
1821 18 0.96
1822 24 0.33
1825 6 0.5
1826 28 0.16
1828 18 0.35
1830 0 0.25
1831 18 0.06
1833 9 0.16
1835 15 0.62
1836 19 0.8
1837 26 0.43
1839 17 0.83
1841 1 0.27
1842 19 0.84
1844 6 0.35
1845 28 0.08
1846 5 0.57
1847 26 0.92
1849 18 0.61
1852 19 0.55
1855 9 0.44
1856 3 0.38
1859 6 0.93
1860 26 0.32
1861 19 0.01
1865 19 0.85
1866 20 0.4
1867 0 0.05
1869 2 0.17
1870 11 0.42
1878 27 0.03
1881 18 0.07
1883 5 0.98
1885 4 0.81
1888 27 0.94
1889 22 0.96
1890 12 0.27
1891 25 0.02
1892 17 0.98
1897 21 0.2
1898 17 0.08
1902 20 0.57
1905 12 0.4
1906 9 0.23
1909 2 0.46
1910 7 0.78
1911 1 0.25
1912 29 0.45
1914 25 0.46
1915 23 0.26
1917 27 0.16
1919 15 0.56
1923 21 0.64
1925 10 0.15
1926 16 0.01
1928 5 0.73
1931 9 0.21
1932 19 0.24
1933 29 0.76
1934 2 0.39
1936 21 0.21
1937 24 0.57
1938 7 0.71
1941 24 0.4
1943 0 0.08
1947 29 0.76
1948 27 0.07
1949 29 0.28
1950 3 0.63
1951 24 0.48
1952 19 0.66
1957 18 0.95
1958 28 0.73
1959 15 0.19
1961 5 0.47
1962 21 0.48
1964 23 0.97
1965 25 0.35
1966 17 0.2
1967 4 0.34
1969 3 0.5
1970 13 0.98
1971 24 0.88
1972 12 0.86
1975 27 0.11
1977 7 0.66
1980 9 0.31
1982 29 0.94
1983 25 0.3
1984 8 0.5
1985 24 0.96
1989 6 0.23
1991 17 0.63
1993 8 1.0
1998 15 0.01
1999 1 0.5
2000 24 0.78
2001 29 0.71
2002 21 0.21
2003 8 0.21
2007 25 0.84
2009 27 0.81
2010 13 0.91
2011 3 0.62
2012 23 0.79
2014 9 0.52
2016 18 0.42
2018 25 0.25
2020 0 0.19
2022 25 0.35
2023 17 0.59
2024 3 0.35
2028 3 0.49
2032 20 0.93
2034 25 0.14
2036 21 0.19
2038 25 0.46
2039 24 0.71
2040 27 0.74
2042 4 0.8
2044 12 0.94
2048 12 0.05
2049 16 0.27
2050 24 0.1
2051 2 0.57
2052 19 0.21
2053 22 0.67
2055 19 0.87
2060 12 0.04
2061 12 0.67
2062 26 0.09
2063 6 0.21
2066 10 0.21
2068 25 0.85
2069 16 0.97
2070 8 0.01
2071 12 0.43
2072 22 0.82
2076 11 0.92
2077 24 0.16
2080 20 0.14
2081 27 0.8
2082 16 0.54
2083 10 0.03
2084 19 0.66
2087 2 0.36
2090 14 0.54
2091 1 0.99
2093 4 0.79
2094 21 0.16
2095 7 0.37
2096 9 0.95
2097 4 0.31
2100 18 0.66
2102 8 0.18
2103 17 0.85
2104 3 0.28
2105 29 0.55
2107 9 0.53
2109 17 0.82
2110 15 0.27
2113 13 0.81
2115 6 0.07
2118 22 0.64
2120 20 0.29
2122 15 0.41
2123 14 0.13
2124 23 0.95
2127 27 0.63
2129 18 0.34
2130 23 0.75
2133 11 0.25
2134 16 0.11
2137 13 0.45
2138 20 0.42
2139 26 0.24
2141 17 0.36
2142 13 0.45
2148 8 0.46
2149 2 0.49
2150 8 0.31
2153 23 0.74
2155 7 0.26
2156 27 0.31
2157 0 0.58
2158 3 0.55
2160 20 0.93
2163 7 0.55
2164 3 0.9
2167 3 0.81
2169 14 0.73
2171 17 0.97
2172 11 0.05
2176 4 0.33
2177 15 0.8
2184 24 0.21
2190 14 0.43
2191 9 0.19
2192 2 0.64
2197 2 0.67
2199 1 0.37
2200 20 0.95
2205 12 0.72
2207 0 0.93
2209 19 0.45
2210 21 0.7
2212 11 0.8
2213 28 0.32
2214 1 0.51
2216 12 0.66
2218 10 0.43
2219 22 0.53
2221 3 0.98
2225 25 0.86
2227 22 0.15
2230 0 0.67
2231 5 0.13
2233 17 0.42
2237 24 0.27
2244 26 0.16
2246 18 0.82
2247 16 0.38
2249 7 0.67
2251 19 0.67
2253 23 0.66
2256 23 0.43
2258 14 0.95
2259 13 0.0
2262 6 0.4
2263 1 0.75
2264 10 0.39
2265 22 0.65
2266 28 0.83
2267 25 0.07
2268 13 0.71
2269 17 0.95
2270 13 0.41
2273 16 0.54
2274 13 0.35
2276 18 0.25
2277 26 0.16
2283 1 0.88
2284 24 0.95
2285 21 0.66
2286 27 0.06
2287 1 0.48
2288 28 0.77
2291 9 0.76
2292 2 0.83
2293 4 0.64
2294 26 0.88
2296 10 0.29
2298 22 0.91
2299 26 0.07
2304 27 0.95
2305 3 0.16
2306 16 0.8
2309 19 0.68
2312 3 0.84
2314 3 0.77
2315 3 0.52
2316 7 0.82
2317 1 0.65
2319 13 0.13
2321 13 0.91
2323 23 0.02
2325 20 0.17
2326 18 0.77
2333 28 0.08
2334 21 0.4
2335 15 0.35
2340 18 0.59
2341 11 0.5
2343 25 0.13
2344 15 0.52
2346 29 0.84
2347 7 0.01
2350 3 0.87
2351 10 0.83
2352 16 0.63
2355 13 0.38
2358 22 0.73
2361 13 0.55
2363 4 0.45
2365 18 0.92
2367 10 0.95
2368 6 0.48
2369 11 0.96
2370 12 0.68
2371 17 0.26
2374 4 0.09
2376 26 0.55
2378 0 0.16
2381 20 0.33
2382 21 0.09
2383 0 0.69
2385 25 0.13
2390 12 0.29
2391 11 0.68
2392 26 0.12
2395 23 0.25
2397 6 0.61
2398 13 0.8
2401 2 0.25
2402 9 0.56
2404 20 0.67
2406 21 0.33
2407 6 0.51
2408 4 0.15
2410 1 0.75
2411 14 0.27
2412 6 0.77
2414 24 0.18
2416 23 0.4
2417 25 0.9
2422 8 0.68
2424 10 0.39
2427 11 0.25
2428 24 0.86
2430 11 0.98
2431 22 0.25
2432 0 0.63
2433 4 0.65
2434 12 0.91
2435 12 0.97
2436 11 0.57
2438 11 0.12
2439 16 0.42
2442 5 0.36
2443 13 0.92
2444 13 0.98
2449 29 0.1
2453 6 0.2
2456 17 0.06
2461 22 0.14
2462 14 0.3
2463 1 0.74
2464 10 0.32
2467 28 0.48
2469 6 0.81
2470 12 0.77
2474 2 0.62
2475 15 0.93
2477 25 0.43
2478 28 0.68
2479 22 0.04
2480 24 0.63
2481 19 0.34
2483 4 0.88
2484 7 0.4
2485 3 0.11
2487 27 0.95
2488 10 0.47
2489 18 0.15
2491 24 0.09
2494 9 0.11
2496 6 0.35
2498 0 0.06
2499 18 0.79
2501 20 0.63
2503 12 0.14
2505 28 0.94
2506 25 0.81
2507 17 0.22
2508 29 0.76
2509 26 0.65
2513 29 0.45
2517 10 0.56
2518 11 0.12
2520 6 0.03
2523 23 0.82
2524 17 0.81
2525 22 0.19
2527 28 0.38
2528 20 0.5
2533 12 0.67
2536 27 0.6
2538 4 0.45
2539 20 0.77
2540 15 0.98
2541 26 0.16
2543 25 0.57
2547 29 0.16
2549 28 0.23
2550 13 0.3
2551 5 0.48
2558 22 0.08
2559 4 0.96
2560 1 0.68
2562 17 0.45
2566 25 1.0
2568 10 0.05
2569 11 0.07
2570 27 0.71
2574 7 0.25
2576 19 0.33
2578 10 0.18
2579 29 0.52
2583 7 0.97
2586 4 0.48
2587 28 0.24
2589 23 0.17
2590 26 0.6
2593 11 0.23
2595 21 0.23
2600 19 0.31
2602 10 0.14
2603 27 0.04
2606 11 0.01
2607 25 0.28
2608 18 0.76
2609 18 0.96
2610 28 0.6
2611 13 0.19
2612 2 0.59
2614 18 0.2
2617 28 0.34
2618 27 0.78
2620 13 0.53
2622 7 0.05
2623 27 0.86
2627 8 0.75
2629 29 0.27
2630 15 0.06
2631 17 0.28
2632 16 0.89
2635 22 0.64
2638 23 0.06
2640 10 0.13
2641 29 0.8
2642 0 0.34
2644 20 0.82
2649 23 0.37
2651 3 0.33
2652 24 0.21
2654 27 0.25
2656 10 0.97
2659 12 0.43
2661 20 0.92
2664 24 0.57
2665 9 0.27
2669 3 0.85
2671 22 0.15
2673 23 0.98
2674 22 0.57
2676 10 0.66
2677 4 0.07
2678 27 0.29
2679 28 0.62
2680 6 0.25
2682 14 0.09
2683 12 0.5
2684 6 0.66
2685 25 0.92
2689 18 0.03
2697 26 0.64
2699 0 0.07
2700 24 0.61
2704 15 0.13
2707 25 0.15
2712 17 0.6
2713 3 0.07
2715 11 0.55
2716 18 0.11
2718 0 0.71
2720 29 0.45
2724 7 0.93
2725 4 0.52
2726 10 0.85
2727 1 0.87
2728 2 0.27
2732 28 0.7
2738 3 0.98
2743 13 0.04
2747 12 0.54
2749 1 0.21
2750 10 0.19
2751 19 0.09
2753 14 0.32
2755 8 0.99
2757 24 0.01
2760 16 0.24
2762 4 0.79
2774 2 0.49
2777 3 0.93
2778 18 0.62
2780 22 0.43
2783 10 0.11
2785 14 0.57
2786 16 0.14
2787 5 0.55
2788 6 0.09
2790 6 0.04
2795 7 0.12
2797 6 0.81
2798 25 0.81
2799 1 0.87
2801 19 0.39
2802 0 1.0
2803 11 0.25
2805 6 0.56
2806 19 0.56
2807 23 0.2
2808 25 0.56
2810 5 0.46
2811 7 0.67
2812 25 0.21
2813 5 0.4
2816 23 0.34
2817 22 0.22
2818 13 0.94
2825 19 0.75
2826 15 0.6
2827 13 0.34
2828 7 0.11
2830 26 0.56
2833 12 0.95
2835 29 0.41
2841 28 0.89
2843 11 0.8
2845 9 0.57
2846 13 0.5
2847 25 0.57
2850 25 0.12
2851 20 0.81
2853 4 0.36
2854 22 0.11
2855 9 0.78
2856 6 0.41
2858 7 0.77
2861 28 0.12
2863 1 0.1
2864 10 0.29
2865 9 0.34
2869 17 0.23
2871 27 0.18
2872 5 0.16
2875 14 0.52
2880 27 0.21
2884 17 0.57
2885 24 0.85
2886 11 0.4
2890 5 0.35
2891 7 0.89
2892 3 0.85
2893 5 0.17
2894 7 0.05
2895 1 0.56
2896 0 0.41
2897 17 0.02
2898 14 0.67
2899 2 0.69
2902 10 0.45
2905 4 0.68
2906 13 0.58
2912 20 0.77
2919 7 0.04
2920 2 0.5
2922 22 0.57
2926 28 0.71
2930 20 0.85
2931 23 0.99
2933 4 0.13
2934 27 0.01
2939 13 0.57
2944 12 0.81
2945 8 0.8
2947 17 0.28
2948 22 0.9
2950 29 0.58
2951 13 0.53
2952 29 0.6
2954 16 0.41
2962 11 0.86
2963 24 0.25
2967 5 0.11
2968 8 0.39
2969 26 0.76
2970 5 0.79
2971 27 0.29
2972 25 0.81
2974 23 0.76
2975 13 0.06
2976 8 0.43
2978 3 0.25
2980 4 0.75
2981 13 0.61
2982 26 0.41
2983 3 0.56
2986 16 0.4
2990 0 0.68
2991 9 0.72
2993 12 0.82
2994 16 0.36
2996 28 0.66
2998 12 0.77
3001 21 0.41
3002 0 0.36
3003 29 0.84
3004 28 0.9
3005 18 0.33
3006 18 0.3
3007 21 0.71
3008 8 0.47
3009 28 0.24
3014 19 0.08
3015 22 0.52
3019 1 0.25
3021 21 0.55
3025 16 0.83
3026 24 0.59
3028 15 0.17
3030 9 0.81
3031 1 0.39
3036 6 0.63
3037 29 0.72
3043 4 0.25
3045 4 0.17
3050 15 0.32
3051 19 0.12
3052 19 0.57
3061 3 0.94
3062 6 0.02
3063 23 0.02
3065 11 0.09
3066 4 0.8
3069 5 0.52
3072 23 0.39
3073 24 0.72
3076 5 0.63
3077 29 0.52
3079 18 0.87
3081 4 0.18
3085 27 0.11
3087 14 0.73
3090 23 0.68
3093 9 0.04
3094 19 0.87
3096 8 0.39
3097 17 0.63
3098 8 0.89
3100 11 0.96
3103 25 0.43
3105 10 0.43
3107 4 0.11
3108 9 0.13
3111 20 0.44
3112 19 0.18
3113 11 0.61
3116 9 0.17
3119 10 0.65
3120 12 0.53
3121 2 0.96
3127 10 0.54
3128 3 0.88
3134 0 0.15
3137 26 0.89
3138 28 0.02
3140 6 0.62
3143 22 0.66
3144 28 0.05
3146 2 0.27
3147 2 0.33
3151 6 0.09
3153 18 0.04
3154 15 0.2
3155 24 0.4
3158 2 0.76
3165 3 0.69
3167 13 0.42
3170 6 0.18
3171 12 0.12
3174 24 0.02
3175 12 0.88
3176 29 0.42
3181 20 0.27
3189 7 0.98
3192 24 0.2
3193 25 0.24
3194 7 0.46
3195 15 0.74
3196 4 0.17
3197 22 0.63
3198 3 0.71
3199 12 0.1
3201 20 0.57
3202 19 0.63
3205 25 0.12
3207 14 0.04
3208 16 0.28
3210 9 0.54
3212 19 0.18
3215 23 0.19
3217 1 0.92
3218 26 0.04
3219 22 0.21
3225 27 0.16
3227 7 0.81
3229 12 0.59
3230 12 0.22
3231 24 0.22
3236 22 0.57
3239 0 0.8
3240 8 0.53
3241 27 0.85
3242 12 0.03
3245 25 0.36
3248 21 0.45
3249 3 0.05
3251 5 0.17
3253 22 0.87
3254 4 0.8
3255 10 0.8
3261 4 0.93
3262 23 0.77
3266 0 0.75
3267 7 0.64
3268 25 0.36
3270 29 0.96
3273 28 0.57
3275 28 0.46
3276 24 0.07
3277 26 0.47
3283 18 0.61
3285 27 0.67
3286 29 0.98
3295 16 0.41
3296 25 0.9
3297 15 0.56
3298 21 0.06
3300 7 0.9
3303 14 0.19
3307 3 0.75
3309 19 0.38
3310 8 0.14
3312 29 0.84
3314 8 0.42
3315 23 0.93
3316 6 0.58
3317 7 0.72
3318 27 0.9
3319 17 0.95
3321 27 0.21
3323 23 0.82
3325 25 0.51
3327 13 0.72
3328 12 0.48
3332 24 0.49
3333 23 0.3
3335 9 0.07
3339 21 0.39
3341 11 0.5
3343 18 0.57
3344 6 0.31
3345 20 0.06
3347 12 0.22
3348 24 0.27
3350 3 0.34
3351 10 0.28
3352 10 0.06
3355 2 0.29
3357 5 0.03
3359 28 0.21
3360 13 0.71
3361 21 0.22
3363 11 0.31
3364 10 0.75
3367 27 0.46
3368 7 0.04
3370 12 0.23
3371 8 0.79
3373 9 0.65
3374 3 0.34
3375 10 0.43
3377 23 0.4
3378 20 0.32
3380 29 0.8
3382 17 0.01
3385 2 0.9
3389 13 0.62
3391 24 0.78
3393 16 0.43
3395 20 0.58
3396 23 0.96
3401 19 0.59
3403 19 0.75
3404 6 0.61
3405 9 0.81
3407 22 0.79
3408 15 0.5
3411 4 0.77
3418 17 0.7
3420 13 0.43
3421 11 0.78
3423 25 0.97
3424 27 0.87
3428 4 0.84
3429 20 0.44
3432 26 0.87
3433 14 0.84
3434 4 0.22
3437 10 0.45
3438 22 0.58
3442 12 0.02
3443 28 0.79
3444 15 0.05
3445 16 0.71
3447 17 0.84
3448 13 0.22
3451 24 0.51
3454 28 0.69
3456 21 0.02
3457 13 0.51
3460 3 0.7
3462 16 0.88
3466 7 0.78
3470 9 0.31
3471 9 0.17
3474 2 0.74
3477 17 0.52
3480 1 0.64
3481 29 0.87
3488 18 0.7
3489 18 0.58
3492 13 0.92
3493 0 0.22
3494 25 0.53
3496 28 0.64
3497 15 0.02
3499 22 0.37
3500 10 0.12
3501 16 0.11
3502 16 0.98
3503 22 0.34
3504 25 0.62
3505 21 0.15
3509 2 0.12
3510 18 0.23
3511 17 0.54
3514 25 0.75
3515 18 0.45
3517 29 0.06
3518 1 0.38
3519 12 0.47
3520 14 0.75
3521 5 0.67
3522 9 0.55
3524 13 0.82
3528 11 0.09
3529 24 0.58
3532 2 0.77
3533 3 0.9
3538 28 0.27
3539 29 0.32
3540 26 0.18
3543 7 0.36
3544 0 0.65
3546 9 0.49
3548 10 0.36
3551 14 0.48
3557 14 0.43
3558 17 0.11
3563 17 0.69
3564 24 0.3
3565 19 0.5
3566 29 0.74
3567 8 0.0
3568 24 0.45
3576 2 0.09
3579 14 0.65
3580 19 0.09
3581 14 0.28
3582 29 0.3
3587 24 0.52
3589 8 0.61
3590 9 0.32
3591 23 0.5
3593 7 0.71
3594 5 0.71
3597 22 0.36
3598 11 0.35
3600 5 0.59
3601 14 0.64
3603 25 0.74
3604 0 0.69
3605 9 0.52
3606 10 0.24
3607 4 0.11
3608 11 0.82
3611 26 0.23
3615 12 0.45
3616 6 0.11
3618 26 0.06
3620 12 0.29
3622 5 0.48
3625 10 0.2
3626 18 0.4
3627 12 0.92
3628 10 0.69
3631 20 0.55
3632 19 0.71
3633 17 0.2
3634 11 0.69
3635 24 0.86
3636 8 0.04
3638 24 0.96
3640 15 0.08
3641 22 0.18
3648 11 0.14
3650 22 0.38
3651 19 0.34
3655 16 0.43
3656 1 0.22
3657 17 0.31
3658 8 0.55
3662 4 0.02
3663 21 0.45
3664 3 0.11
3665 19 0.28
3666 24 0.07
3667 3 0.43
3668 21 0.9
3670 10 0.4
3671 6 0.82
3680 8 0.88
3681 28 0.01
3683 12 0.92
3684 15 0.18
3685 0 0.22
3687 18 0.38
3689 29 0.46
3693 4 0.68
3694 1 0.9
3697 9 0.22
3698 6 0.26
3700 17 0.31
3701 10 0.19
3702 6 0.74
3705 18 0.55
3717 7 0.93
3720 3 0.15
3721 9 0.06
3723 20 0.81
3724 28 0.46
3725 19 0.97
3730 15 0.82
3731 19 0.48
3733 13 0.99
3734 3 0.16
3738 14 0.49
3739 18 0.01
3740 2 0.5
3743 28 0.25
3746 6 0.47
3748 7 0.76
3749 0 0.65
3750 20 0.09
3752 20 0.6
3753 8 0.61
3757 1 0.39
3758 3 0.57
3762 9 0.59
3763 28 0.37
3765 14 0.97
3768 15 0.94
3769 8 0.57
3770 23 0.05
3773 28 0.58
3774 0 0.59
3778 26 0.99
3781 27 0.33
3782 28 0.94
3783 19 0.85
3785 28 0.64
3788 24 0.26
3790 6 0.32
3792 5 0.06
3793 14 0.84
3794 1 0.2
3795 27 0.77
3797 13 0.02
3800 22 0.55
3806 2 0.3
3807 21 0.65
3808 25 0.46
3811 28 0.29
3812 13 0.41
3813 16 0.79
3822 22 0.38
3826 27 0.0
3829 1 0.93
3830 25 0.3
3831 10 0.53
3834 21 0.15
3835 16 0.26
3837 10 0.76
3840 2 0.2
3842 2 0.68
3843 16 0.51
3847 24 0.62
3848 28 0.34
3851 6 0.0
3852 22 0.86
3858 21 0.99
3861 4 0.86
3862 16 0.68
3863 16 0.41
3866 10 0.98
3867 1 0.05
3873 22 0.42
3877 23 0.23
3878 1 0.58
3879 14 0.24
3880 10 0.87
3882 20 0.38
3883 12 0.31
3890 19 0.18
3894 20 0.73
3895 11 0.18
3896 19 0.03
3897 22 0.09
3898 26 0.15
3900 21 0.69
3903 24 0.53
3904 20 0.18
3906 3 0.08
3912 18 0.1
3913 25 0.78
3914 21 0.29
3915 6 0.89
3916 17 0.68
3920 2 0.22
3927 3 0.73
3929 2 0.83
3930 5 0.87
3931 9 0.67
3933 21 0.16
3934 4 0.14
3935 8 0.53
3936 6 0.72
3937 27 0.09
3938 18 0.56
3939 9 0.15
3940 26 0.14
3941 27 0.56
3943 13 0.26
3952 19 0.3
3953 27 0.93
3954 16 0.75
3955 7 0.59
3959 28 0.6
3961 16 0.4
3962 11 0.86
3963 13 0.5
3964 17 0.51
3965 22 0.9
3968 1 0.12
3969 26 0.22
3970 7 0.28
3971 26 0.85
3973 18 0.57
3977 11 0.99
3981 4 0.32
3982 24 0.12
3983 14 0.09
3987 11 0.42
3988 12 0.99
3991 25 0.72
3992 11 0.09
3995 21 0.59
3999 28 0.4
4000 0 0.82
4001 23 0.91
4002 23 0.73
4003 28 0.92
4004 0 0.36
4007 3 0.57
4010 7 0.65
4014 1 0.6
4015 24 0.16
4018 22 0.83
4019 29 0.98
4020 11 0.18
4022 13 0.52
4023 26 0.06
4024 28 0.75
4028 28 0.65
4030 17 0.62
4031 21 0.88
4032 0 0.29
4033 26 0.65
4035 3 0.24
4037 19 0.9
4038 15 0.55
4039 15 0.93
4040 26 0.8
4042 10 0.34
4043 4 0.2
4044 25 0.95
4047 5 0.18
4048 25 0.34
4049 12 0.52
4051 7 0.55
4054 0 0.66
4055 7 0.99
4058 24 0.16
4061 29 0.05
4063 9 0.75
4065 22 0.21
4068 23 0.15
4070 25 0.95
4072 21 0.75
4073 16 0.52
4076 27 0.3
4080 15 0.39
4082 3 0.81
4086 9 0.93
4088 9 0.12
4091 8 0.9
4094 3 0.39
4097 11 0.89
4099 18 0.94
4100 4 0.48
4101 14 0.01
4103 26 0.15
4107 7 0.15
4110 13 0.08
4111 4 0.26
4113 11 0.22
4116 28 0.26
4118 25 0.99
4120 2 0.09
4122 21 0.97
4124 13 0.26
4128 0 0.35
4129 19 0.48
4131 16 0.77
4135 29 0.85
4137 17 0.85
4138 28 0.22
4139 1 0.53
4143 16 0.66
4145 24 0.88
4148 12 0.46
4149 15 0.75
4150 27 0.03
4152 23 0.55
4153 10 0.63
4156 17 0.29
4157 2 0.37
4159 10 0.85
4160 1 0.26
4161 2 0.01
4162 9 0.72
4163 21 0.69
4164 21 0.45
4165 19 0.9
4166 13 0.62
4167 24 0.13
4170 4 0.22
4174 17 0.05
4176 22 0.83
4178 7 0.21
4182 5 0.29
4186 24 0.12
4187 10 0.2
4188 25 0.53
4189 9 0.15
4191 14 0.02
4193 0 0.46
4195 13 0.76
4197 26 0.58
4198 26 0.43
4201 14 0.05
4202 18 0.88
4205 20 0.56
4211 3 0.19
4216 0 0.82
4217 0 0.73
4218 24 0.31
4219 27 0.16
4220 6 0.24
4222 2 0.78
4223 23 0.9
4225 0 0.45
4226 13 0.82
4227 21 0.81
4229 6 0.46
4233 28 0.82
4234 15 0.4
4239 1 0.41
4240 12 0.62
4241 19 0.56
4243 0 0.13
4247 17 0.87
4248 9 0.29
4256 26 0.06
4257 2 0.25
4258 23 0.58
4260 6 0.33
4262 6 0.45
4264 15 0.96
4265 23 0.99
4266 28 0.07
4268 18 0.17
4270 19 0.56
4273 10 0.63
4276 2 0.27
4277 28 0.9
4278 0 0.89
4280 17 0.69
4281 29 0.65
4282 26 0.94
4283 0 0.39
4287 2 0.27
4288 3 0.23
4289 3 0.44
4291 29 0.21
4294 26 0.6
4296 11 0.66
4297 23 0.73
4300 5 0.96
4301 16 0.9
4302 11 0.95
4303 28 0.12
4304 28 0.81
4306 22 0.56
4307 1 0.22
4310 14 0.93
4314 7 0.63
4316 4 0.35
4319 9 0.23
4325 12 0.56
4326 1 0.37
4327 20 0.42
4328 19 1.0
4329 22 0.86
4331 2 0.48
4332 17 0.32
4337 27 0.69
4338 15 0.02
4340 22 0.59
4341 25 0.94
4342 26 0.73
4343 14 0.35
4345 3 0.42
4347 11 0.07
4351 27 0.96
4352 5 0.77
4354 27 0.87
4355 5 0.78
4357 10 0.54
4358 4 0.84
4360 19 0.01
4361 26 0.28
4366 28 0.61
4367 13 0.33
4368 23 0.89
4369 28 0.28
4371 10 0.95
4374 2 0.82
4377 22 0.44
4379 4 0.17
4380 9 0.15
4382 28 0.9
4384 16 0.95
4385 0 0.7
4388 7 0.99
4390 20 0.06
4391 1 0.97
4393 17 0.8
4394 26 0.26
4395 13 0.83
4396 11 0.87
4400 17 0.98
4401 29 0.38
4402 14 0.95
4404 7 0.73
4406 13 0.83
4407 28 0.42
4412 29 0.84
4414 19 0.58
4416 7 0.34
4417 22 0.19
4419 13 0.92
4421 13 0.73
4424 18 0.42
4426 21 0.6
4427 6 0.99
4428 7 0.79
4429 7 0.77
4431 23 0.41
4432 6 1.0
4433 14 0.51
4437 1 0.68
4440 26 0.44
4441 20 0.88
4442 18 0.05
4443 14 0.95
4445 0 0.09
4450 7 0.26
4451 11 0.45
4452 0 0.18
4453 9 0.48
4454 0 0.02
4455 15 0.33
4456 11 0.41
4457 17 0.53
4464 13 0.27
4466 6 0.27
4468 3 0.1
4471 17 0.04
4472 8 0.93
4473 29 0.13
4475 6 0.98
4478 4 0.01
4480 29 0.43
4481 9 0.96
4483 22 0.37
4484 10 0.84
4485 6 0.79
4487 27 0.38
4488 17 0.56
4489 16 0.95
4490 15 0.83
4493 10 0.99
4496 23 0.47
4500 23 0.48
4502 14 0.65
4504 3 0.36
4507 17 0.1
4508 13 0.95
4509 3 0.89
4512 1 0.59
4514 11 0.04
4517 16 0.32
4518 6 0.02
4519 4 0.2
4520 16 0.12
4523 16 0.65
4525 12 0.4
4528 15 0.37
4529 6 0.03
4531 7 0.0
4533 2 0.18
4534 18 0.01
4536 9 0.61
4537 17 0.83
4538 6 0.16
4539 18 0.63
4541 8 0.95
4542 10 0.08
4543 17 0.81
4546 19 0.03
4547 14 0.9
4548 15 0.59
4551 20 0.86
4554 28 0.5
4555 28 0.99
4556 2 0.71
4557 23 0.38
4560 16 0.17
4561 20 0.6
4562 10 0.25
4563 3 0.11
4567 9 0.46
4569 0 0.66
4570 29 0.44
4572 6 0.62
4573 14 0.77
4580 17 0.67
4581 3 0.75
4582 9 0.46
4583 11 0.83
4586 10 0.05
4588 21 0.8
4589 15 0.24
4594 12 0.26
4595 28 0.19
4596 24 0.32
4599 18 0.2
4600 24 0.78
4602 10 0.46
4603 20 0.7
4606 12 0.04
4607 10 0.57
4610 0 0.93
4611 18 0.84
4618 1 0.73
4623 19 0.48
4625 28 0.71
4630 6 0.48
4631 15 0.26
4632 0 0.14
4633 12 0.92
4634 2 0.94
4635 11 0.93
4636 7 0.9
4640 25 0.11
4643 12 0.23
4645 15 0.1
4646 29 0.98
4647 19 0.5
4649 25 0.53
4650 5 0.8
4651 28 0.09
4653 0 0.81
4654 5 0.23
4655 27 0.12
4656 19 0.6
4657 21 0.56
4660 4 0.82
4661 25 0.04
4662 5 0.9
4663 28 0.52
4664 14 0.5
4668 7 0.35
4670 1 0.25
4671 9 0.41
4674 10 0.96
4676 10 0.55
4683 26 0.18
4684 7 0.03
4685 11 0.75
4686 8 0.07
4687 6 0.66
4689 25 0.57
4690 18 0.52
4694 1 0.58
4695 2 0.48
4696 24 0.28
4697 27 0.89
4698 6 0.18
4701 21 0.2
4704 11 0.36
4707 20 0.26
4709 26 0.15
4710 18 0.3
4712 23 0.27
4716 22 0.74
4720 1 0.99
4721 21 0.57
4722 26 0.39
4725 21 0.39
4726 27 0.48
4727 26 0.95
4728 18 0.84
4729 25 0.85
4732 9 0.09
4733 12 0.46
4736 19 0.23
4737 25 0.88
4740 11 0.45
4741 13 0.55
4742 2 0.03
4746 19 0.41
4748 5 0.37
4749 1 0.71
4750 28 0.52
4751 6 0.02
4752 26 0.47
4753 24 0.85
4757 4 0.69
4759 17 0.52
4762 18 0.88
4765 1 0.46
4766 18 0.57
4767 23 0.4
4768 13 0.96
4771 23 0.37
4772 12 0.19
4773 27 0.29
4774 1 0.13
4775 27 0.42
4776 23 0.67
4777 4 0.53
4778 20 0.9
4779 15 0.46
4781 25 0.68
4782 7 0.46
4786 27 0.42
4788 29 0.88
4793 21 0.53
4799 17 0.88
4800 8 0.92
4801 1 0.98
4802 18 0.94
4803 13 0.08
4806 5 0.55
4807 2 0.76
4808 22 0.39
4811 7 0.72
4814 21 0.58
4815 7 0.96
4816 3 0.86
4817 21 0.42
4819 11 0.03
4820 11 1.0
4821 23 0.44
4824 0 0.38
4825 29 0.3
4826 18 0.93
4827 15 0.31
4833 15 0.05
4835 22 0.28
4836 19 0.51
4837 16 0.95
4838 17 0.96
4839 28 0.02
4840 14 0.22
4841 5 0.28
4846 12 0.05
4848 9 0.12
4849 10 0.71
4851 2 0.03
4852 7 0.09
4855 1 0.54
4856 0 0.84
4858 27 0.72
4859 8 0.52
4861 26 0.28
4862 28 0.22
4867 26 0.28
4868 8 0.9
4869 18 0.83
4872 13 0.84
4873 19 0.28
4874 16 0.76
4878 29 0.08
4881 11 0.2
4885 22 0.47
4886 26 0.35
4891 9 0.39
4892 18 0.48
4895 12 0.81
4896 9 0.38
4901 0 0.83
4902 28 0.44
4903 14 0.57
4911 5 0.12
4912 9 0.5
4914 3 0.56
4915 10 0.97
4916 8 0.92
4917 29 0.72
4918 8 0.27
4920 15 0.53
4923 20 0.11
4925 0 0.57
4926 1 0.14
4929 2 0.1
4932 3 0.68
4934 10 0.75
4935 6 0.93
4940 12 0.57
4941 6 0.44
4942 25 0.92
4943 28 0.21
4945 23 0.43
4946 27 0.51
4948 9 0.81
4949 11 0.95
4954 25 0.23
4957 1 0.93
4958 11 0.41
4961 13 0.72
4962 14 0.59
4963 27 0.11
4964 4 0.72
4966 26 0.21
4968 25 0.44
4971 15 0.91
4973 17 0.28
4974 21 0.13
4975 11 0.18
4976 27 0.32
4977 17 0.44
4978 20 0.23
4979 29 0.53
4980 24 0.45
4981 9 0.2
4982 22 0.18
4983 10 0.51
4984 3 0.19
4987 25 0.05
4988 22 0.93
4990 16 0.12
4991 21 0.54
4994 17 0.43
4995 21 0.73
4998 15 0.72
5008 3 0.24
5012 10 0.99
5017 8 0.6
5020 4 0.21
5025 19 0.12
5027 20 0.33
5030 11 0.24
5031 27 0.18
5033 29 0.75
5039 5 0.97
5041 7 0.97
5042 14 0.15
5043 11 0.94
5045 14 0.4
5047 14 0.35
5048 16 0.09
5051 9 0.66
5052 26 0.61
5053 5 0.97
5062 4 0.24
5063 7 0.31
5065 16 0.29
5066 15 0.94
5067 1 0.78
5070 4 0.58
5071 3 0.72
5072 19 0.44
5073 0 0.53
5075 7 0.11
5076 10 0.07
5077 2 0.26
5080 27 0.29
5082 1 0.42
5084 10 0.2
5086 13 0.06
5087 27 0.06
5088 11 0.29
5090 17 0.81
5092 24 0.17
5093 16 0.38
5095 20 0.66
5096 15 0.75
5097 17 0.99
5098 22 0.28
5101 21 0.05
5102 17 0.74
5103 3 0.37
5107 5 0.29
5108 19 0.1
5109 2 0.48
5112 28 0.11
5114 12 0.82
5115 10 0.13
5116 14 0.28
5119 26 0.79
5123 19 0.65
5125 10 0.78
5127 27 0.58
5131 17 0.43
5132 16 0.5
5134 26 0.81
5135 4 0.37
5138 6 0.88
5140 16 0.42
5142 8 0.63
5147 20 0.62
5150 16 0.07
5152 3 0.64
5153 27 0.98
5160 1 0.83
5161 13 0.57
5162 4 0.61
5163 20 0.2
5164 16 0.68
5165 23 0.88
5167 23 0.59
5168 29 0.58
5171 29 0.11
5172 25 0.98
5173 16 0.8
5174 10 0.4
5175 21 0.59
5176 17 0.63
5178 28 0.86
5180 21 0.85
5181 11 0.64
5182 3 0.93
5184 21 0.22
5185 14 0.03
5186 3 0.8
5187 2 0.74
5188 14 0.07
5189 1 0.77
5191 6 0.84
5192 4 0.35
5194 2 0.15
5196 7 0.2
5197 11 0.69
5201 7 0.15
5202 24 0.79
5206 19 0.25
5209 29 0.31
5210 26 0.54
5212 13 0.53
5213 24 0.12
5214 23 0.93
5215 19 0.08
5216 0 0.07
5218 11 0.17
5220 27 0.16
5221 24 0.36
5226 27 0.3
5230 22 0.96
5231 26 0.96
5236 29 0.24
5240 25 0.82
5244 10 0.02
5251 29 0.83
5252 6 0.85
5255 17 0.39
5256 14 0.71
5258 4 0.25
5260 3 0.92
5261 9 0.61
5263 24 0.84
5264 19 0.83
5266 26 0.76
5267 0 0.97
5268 23 0.62
5271 11 0.19
5272 17 0.2
5274 4 0.94
5276 27 0.74
5278 25 0.11
5280 23 0.9
5281 18 0.34
5285 29 0.82
5286 24 0.71
5287 7 0.21
5288 10 0.74
5291 20 0.65
5292 11 0.52
5294 5 0.98
5296 25 0.82
5297 20 0.57
5298 5 0.04
5300 7 0.94
5301 20 0.73
5302 14 0.97
5303 18 0.39
5307 24 0.28
5308 21 0.39
5311 29 0.83
5314 13 0.79
5315 3 0.09
5317 2 0.19
5318 26 0.37
5320 2 0.37
5321 20 0.02
5322 23 0.46
5324 11 0.1
5326 21 0.05
5328 15 0.02
5329 8 0.73
5330 5 0.94
5331 12 0.7
5332 15 0.51
5333 1 0.82
5336 25 0.05
5338 29 0.32
5340 25 0.11
5346 21 0.5
5350 3 0.03
5353 27 0.54
5355 12 0.87
5359 11 0.35
5365 17 0.9
5366 3 0.51
5367 6 0.8
5370 20 0.62
5371 2 0.02
5373 29 0.92
5375 24 0.46
5378 12 0.75
5380 25 0.83
5381 8 0.82
5385 7 0.76
5387 1 0.36
5388 5 0.92
5390 22 0.12
5393 1 0.8
5394 24 0.58
5396 10 0.27
5399 29 0.25
5400 10 0.93
5401 9 0.79
5402 1 0.88
5403 13 1.0
5408 13 0.2
5409 16 0.62
5411 21 0.58
5412 19 0.29
5413 7 0.68
5417 25 0.1
5418 23 0.75
5419 6 0.84
5421 10 0.72
5422 13 0.06
5423 14 0.89
5425 21 0.61
5426 24 0.03
5428 21 0.61
5430 22 0.75
5431 24 0.46
5432 1 0.16
5437 13 0.72
5441 28 0.83
5442 28 0.01
5446 17 0.14
5449 7 0.66
5450 6 0.61
5452 22 0.74
5453 26 0.09
5454 6 0.71
5456 11 0.35
5458 13 0.57
5460 2 0.47
5465 24 0.35
5466 8 0.88
5469 10 0.81
5471 1 0.75
5472 16 0.51
5473 5 0.84
5474 9 0.35
5475 10 0.49
5477 8 0.54
5478 24 0.22
5479 5 0.46
5480 2 0.23
5481 1 0.57
5486 18 0.78
5487 15 0.03
5492 24 0.86
5495 13 0.14
5496 20 0.93
5497 9 0.86
5499 29 0.96
5500 14 0.11
5501 21 0.65
5505 23 0.8
5506 28 0.37
5507 14 0.99
5509 14 0.14
5510 29 0.36
5511 13 0.87
5512 19 0.73
5514 9 0.26
5515 23 0.38
5518 16 0.22
5522 24 0.48
5528 16 0.84
5530 14 0.54
5531 5 0.91
5534 22 0.85
5535 7 0.16
5536 4 0.85
5540 15 0.26
5544 20 0.36
5545 12 0.02
5547 10 0.7
5548 8 0.68
5550 26 0.7
5551 11 0.46
5552 18 0.71
5553 0 0.66
5554 17 0.29
5555 4 0.67
5556 13 0.36
5557 17 0.52
5559 24 0.26
5564 23 0.27
5567 4 0.86
5569 11 0.59
5570 16 0.89
5574 0 0.36
5575 16 0.17
5576 8 0.05
5577 9 0.51
5578 9 0.99
5579 0 0.41
5580 9 0.24
5582 7 0.49
5584 19 0.17
5585 8 0.64
5586 24 0.37
5587 13 0.01
5588 3 0.41
5590 17 0.26
5591 12 0.82
5592 2 0.27
5594 9 0.76
5595 24 0.89
5596 24 0.14
5598 15 0.8
5601 16 0.09
5603 23 0.15
5605 23 0.35
5607 25 0.12
5609 15 0.83
5610 1 0.48
5611 11 0.3
5616 25 0.54
5618 18 0.84
5621 13 0.4
5622 15 0.89
5623 13 0.25
5624 21 0.95
5626 26 0.17
5628 16 0.15
5633 20 0.8
5634 8 0.39
5636 12 0.91
5637 9 0.98
5638 29 0.32
5639 5 0.44
5642 26 0.44
5647 16 0.19
5648 5 0.16
5652 25 0.68
5653 12 0.61
5658 5 0.06
5659 2 0.77
5661 20 0.07
5663 23 0.2
5667 7 0.18
5669 17 0.52
5672 14 0.85
5675 10 0.7
5677 13 0.44
5678 12 0.54
5682 8 0.35
5685 5 0.15
5686 29 0.13
5688 17 0.41
5689 3 0.23
5690 2 0.24
5691 17 0.39
5692 13 0.99
5696 13 0.9
5698 13 0.5
5702 11 0.46
5704 3 0.48
5711 15 0.25
5712 5 0.14
5713 8 0.61
5714 24 0.86
5717 0 0.69
5722 27 0.07
5728 20 0.7
5729 4 0.81
5730 18 0.27
5731 11 0.67
5733 11 0.46
5735 8 0.04
5737 10 0.94
5742 25 0.5
5745 3 0.25
5747 15 0.5
5750 4 0.7
5751 10 0.24
5753 19 0.76
5754 21 0.41
5755 15 0.05
5756 18 0.51
5757 6 0.85
5759 27 0.61
5761 7 0.31
5762 0 0.4
5763 10 0.91
5764 21 0.69
5766 11 0.76
5767 2 0.5
5768 19 0.97
5769 1 0.37
5772 12 0.68
5773 20 0.09
5774 28 0.25
5775 14 0.12
5780 24 0.39
5781 15 0.61
5782 11 0.63
5783 8 0.78
5784 20 0.27
5785 13 0.24
5786 10 0.49
5787 12 0.8
5788 7 0.39
5789 18 0.94
5792 1 0.69
5794 8 0.72
5797 7 0.07
5799 22 0.13
5800 2 0.06
5802 12 0.64
5803 13 0.96
5804 10 0.96
5806 25 0.84
5807 5 0.83
5808 1 0.47
5811 10 0.33
5812 24 0.27
5816 11 0.21
5819 25 0.96
5821 10 0.92
5822 25 0.23
5825 5 0.69
5828 3 0.05
5829 10 0.19
5830 21 0.45
5831 20 0.65
5832 28 0.83
5835 27 0.2
5840 4 0.71
5842 29 0.77
5843 10 0.63
5844 18 0.46
5845 21 0.75
5846 19 0.28
5847 10 0.85
5848 5 0.5
5854 26 0.83
5855 20 0.66
5856 4 0.7
5859 9 0.9
5861 18 0.38
5866 14 0.72
5867 13 0.47
5868 16 0.27
5872 6 0.64
5877 9 0.32
5878 15 0.29
5880 12 0.32
5881 10 0.54
5882 15 0.03
5883 16 0.64
5885 17 0.67
5890 21 0.98
5891 23 0.72
5892 7 0.45
5893 11 0.3
5895 6 0.34
5896 13 0.05
5897 21 0.97
5900 16 0.4
5906 17 0.66
5908 28 0.18
5911 21 0.58
5913 2 0.45
5915 10 0.35
5916 23 0.35
5917 25 0.45
5918 5 0.83
5921 1 0.37
5922 10 0.47
5923 29 0.68
5925 17 0.29
5926 6 0.2
5928 6 0.01
5929 13 0.6
5930 16 0.1
5931 25 0.79
5932 15 0.58
5933 10 0.19
5936 7 0.01
5941 5 0.19
5943 12 0.59
5944 15 0.29
5945 27 0.21
5947 3 0.89
5951 8 0.75
5952 22 0.55
5956 13 0.03
5957 11 0.6
5959 12 0.32
5960 22 0.95
5961 9 0.79
5962 6 0.85
5964 24 0.39
5965 21 0.8
5967 7 0.74
5969 4 0.47
5970 2 0.17
5975 22 0.69
5976 29 0.9
5978 0 0.43
5981 23 0.63
5982 12 0.96
5988 29 0.0
5991 8 0.46
5992 15 0.73
5995 10 0.6
5999 9 0.8
6001 14 0.06
6002 3 0.83
6006 9 0.4
6009 8 0.28
6011 1 0.73
6014 23 0.08
6017 5 0.83
6019 2 0.73
6021 7 0.2
6022 14 0.87
6023 0 0.7
6025 1 0.2
6028 26 0.14
6033 2 0.84
6034 5 0.73
6037 14 0.94
6041 4 0.8
6042 4 0.69
6043 28 0.31
6047 14 0.27
6048 20 0.74
6049 25 0.4
6050 11 0.94
6055 25 0.65
6056 1 0.07
6057 25 0.39
6058 20 0.45
6061 9 0.32
6062 0 0.41
6063 2 0.09
6064 20 0.93
6065 7 0.39
6067 7 0.99
6069 12 0.51
6070 4 0.89
6072 11 0.62
6073 14 0.52
6074 20 0.71
6075 0 0.2
6078 7 0.27
6081 29 0.96
6084 26 0.99
6085 15 0.85
6086 24 0.01
6087 27 0.17
6088 10 0.58
6089 0 0.14
6096 26 0.79
6098 15 0.32
6100 8 0.72
6101 22 0.35
6103 10 0.64
6105 6 0.29
6107 25 0.28
6110 20 0.99
6111 25 0.19
6112 12 0.29
6113 3 0.98
6115 26 0.98
6117 3 0.61
6120 24 0.62
6121 9 0.53
6124 29 0.25
6125 26 0.62
6127 21 0.14
6128 10 0.81
6130 27 0.5
6133 4 0.72
6135 8 0.05
6136 11 0.37
6137 2 0.31
6140 15 0.58
6141 11 0.71
6142 14 0.26
6144 25 0.8
6147 4 0.24
6148 15 0.86
6149 7 0.16
6153 28 0.38
6154 15 0.01
6156 10 0.3
6157 27 0.1
6158 14 0.17
6161 13 0.67
6167 10 0.01
6168 1 0.12
6169 7 0.09
6171 20 0.5
6172 17 0.54
6176 19 0.49
6177 21 0.77
6179 16 0.8
6180 26 0.83
6181 7 0.04
6184 22 0.76
6185 16 0.61
6186 23 0.64
6190 10 0.71
6192 18 0.9
6194 23 0.68
6199 24 0.72
6200 25 0.06
6203 24 0.93
6206 7 0.89
6207 10 0.76
6211 14 0.28
6213 18 0.29
6214 12 0.42
6215 27 0.16
6216 18 0.16
6219 15 0.36
6223 27 0.06
6224 2 0.92
6226 14 0.01
6229 16 0.84
6230 23 0.99
6231 28 0.49
6234 13 0.47
6239 8 0.18
6242 2 0.11
6243 15 0.13
6244 17 0.75
6247 16 0.35
6248 21 0.35
6249 29 0.61
6250 3 0.76
6251 1 0.46
6252 9 0.01
6253 18 0.96
6256 26 0.73
6257 11 0.01
6259 10 0.29
6261 28 0.16
6264 14 0.47
6267 10 0.14
6268 3 0.7
6271 15 0.63
6275 15 0.09
6276 15 1.0
6279 11 0.31
6280 21 0.57
6281 10 0.32
6282 14 0.13
6283 3 0.05
6287 21 0.9
6288 18 0.6
6290 27 0.94
6292 9 0.73
6293 9 0.2
6294 16 0.7
6295 3 0.39
6296 2 0.37
6297 10 0.44
6299 1 0.75
6300 23 0.36
6303 25 0.75
6304 7 0.0
6308 26 0.69
6310 13 0.28
6313 7 0.16
6316 29 0.4
6317 10 0.9
6320 12 0.22
6321 26 0.37
6322 23 0.73
6324 1 0.02
6325 4 0.2
6326 0 0.58
6330 19 0.78
6331 17 0.8
6336 5 0.14
6337 18 0.51
6338 11 0.34
6339 6 0.26
6340 16 0.98
6343 3 0.54
6344 12 0.21
6347 1 0.08
6350 21 0.66
6351 3 1.0
6353 27 0.48
6355 27 0.63
6360 3 0.92
6361 2 0.55
6362 4 0.06
6364 14 0.21
6365 18 0.01
6366 24 0.29
6370 20 0.92
6372 18 0.93
6379 0 0.02
6381 19 0.07
6382 14 0.52
6383 27 0.35
6384 18 0.79
6385 11 0.64
6387 4 0.88
6388 21 0.12
6389 23 0.67
6390 15 0.16
6391 10 0.54
6394 18 0.2
6395 3 0.43
6403 2 0.67
6406 7 0.46
6410 17 0.6
6411 19 0.98
6413 13 0.73
6414 16 0.86
6416 3 0.23
6418 17 0.82
6420 1 0.77
6421 20 0.71
6423 21 0.9
6426 8 0.15
6427 22 0.76
6430 8 0.25
6431 10 0.37
6433 25 0.11
6435 10 0.06
6437 26 0.22
6438 13 0.66
6439 3 0.91
6442 10 0.52
6443 23 0.43
6447 15 0.04
6452 3 0.36
6453 27 0.39
6454 27 0.04
6458 13 0.43
6461 8 0.76
6464 27 0.37
6466 4 0.49
6471 8 0.5
6474 17 0.78
6480 3 0.56
6481 12 0.72
6485 4 0.44
6486 8 0.46
6487 0 0.77
6489 7 0.3
6492 20 0.49
6495 29 0.85
6498 24 0.52
6500 12 0.68
6501 6 0.58
6502 2 0.3
6507 4 0.57
6508 29 0.05
6510 22 0.6
6511 21 0.34
6514 23 0.34
6515 18 0.26
6516 14 0.2
6517 9 0.78
6518 18 0.92
6521 4 0.86
6522 8 0.76
6523 22 0.29
6524 7 0.05
6525 3 0.63
6526 19 0.25
6527 14 0.96
6531 14 0.14
6532 9 0.04
6534 2 0.37
6536 7 0.77
6538 4 0.2
6542 11 0.94
6545 16 0.6
6548 22 0.4
6550 25 0.12
6551 18 0.77
6553 11 0.83
6554 29 0.74
6557 28 0.35
6559 4 0.83
6561 6 0.08
6564 15 0.69
6568 28 0.49
6570 17 0.35
6571 14 0.63
6572 17 0.32
6573 5 0.41
6574 17 0.12
6576 13 0.78
6580 9 0.02
6581 28 0.61
6582 21 0.18
6583 2 0.37
6584 13 0.64
6591 27 0.81
6592 4 0.54
6594 19 0.79
6596 6 0.27
6597 12 0.59
6599 24 0.0
6601 11 0.17
6604 3 0.04
6607 13 0.9
6608 3 0.46
6609 15 0.28
6610 1 0.77
6612 12 0.73
6616 20 0.89
6617 23 0.48
6624 26 0.66
6625 16 0.75
6627 1 0.64
6629 27 0.4
6633 5 0.86
6634 11 0.46
6635 23 0.51
6636 26 0.22
6637 29 0.45
6642 1 0.07
6643 27 0.4
6645 16 0.35
6647 13 0.77
6648 10 0.06
6649 8 0.17
6653 25 0.83
6654 16 0.86
6658 25 0.75
6661 12 0.61
6663 15 0.79
6664 13 0.23
6667 7 0.66
6669 22 0.1
6672 5 0.94
6674 16 0.7
6675 0 0.51
6676 19 0.01
6677 21 0.71
6678 24 0.17
6686 22 0.68
6688 24 0.01
6690 5 0.45
6691 0 0.98
6692 19 0.48
6693 14 0.67
6694 25 0.47
6696 23 0.89
6699 5 0.84
6700 28 0.38
6701 6 0.08
6703 1 0.99
6706 0 0.76
6709 19 0.7
6710 26 0.57
6711 0 0.64
6715 24 0.79
6721 14 0.37
6723 6 0.52
6724 1 0.37
6727 0 0.1
6728 29 0.95
6734 3 0.94
6738 15 0.47
6739 22 0.64
6741 22 0.23
6742 20 0.07
6746 15 0.04
6747 6 0.32
6749 17 0.8
6750 2 0.39
6751 5 0.91
6752 1 0.88
6754 5 0.28
6755 2 0.18
6757 16 0.56
6759 26 0.49
6760 7 0.58
6761 29 0.58
6765 9 0.9
6766 6 0.46
6768 7 0.53
6770 0 0.26
6771 14 0.62
6773 0 0.29
6774 19 0.48
6777 5 0.25
6780 19 0.05
6781 6 0.89
6783 25 0.32
6784 17 0.34
6785 12 0.35
6786 17 0.12
6789 4 0.24
6792 11 0.32
6793 9 0.69
6794 5 0.64
6796 28 0.93
6797 6 0.33
6801 20 0.9
6803 3 0.42
6804 11 0.91
6808 19 0.26
6810 1 0.55
6812 13 0.9
6813 2 0.78
6816 23 0.37
6818 4 0.25
6819 8 0.45
6820 19 0.32
6825 28 0.48
6826 7 0.52
6827 2 0.81
6828 16 0.93
6829 25 0.15
6834 6 0.57
6838 29 0.38
6840 24 0.59
6842 13 0.91
6845 17 0.64
6846 29 0.93
6848 9 0.56
6849 17 0.83
6850 18 0.39
6852 21 0.04
6853 7 0.27
6854 19 0.07
6858 10 0.99
6860 11 0.33
6862 8 0.81
6866 4 0.12
6868 24 0.21
6869 12 0.65
6874 14 0.15
6876 8 0.72
6878 11 0.16
6879 26 0.1
6880 27 0.42
6882 8 0.06
6885 4 0.31
6886 1 0.91
6889 6 0.43
6893 15 0.16
6896 4 0.26
6897 29 0.3
6899 24 0.37
6902 16 0.44
6903 4 0.39
6905 19 0.59
6906 15 0.79
6908 12 0.18
6910 21 1.0
6914 14 0.13
6927 22 0.9
6929 18 0.62
6930 13 0.66
6931 9 0.0
6932 14 0.79
6934 18 0.4
6936 9 0.34
6938 22 0.23
6939 17 0.75
6943 5 0.26
6949 26 0.54
6950 17 0.72
6954 13 0.29
6957 18 0.59
6958 15 0.34
6959 5 0.8
6961 17 0.45
6963 2 0.13
6964 3 0.17
6965 13 0.51
6966 24 0.44
6969 0 0.93
6973 24 0.11
6974 22 0.97
6976 6 0.64
6977 6 0.44
6979 17 0.76
6982 29 0.18
6983 8 0.36
6985 25 0.4
6986 5 0.97
6987 25 0.54
6989 2 0.3
6990 28 0.32
6993 27 0.21
6995 21 0.42
7002 20 0.64
7004 0 0.24
7005 3 0.51
7006 13 0.76
7007 6 0.26
7011 25 0.16
7012 21 0.85
7016 22 0.4
7017 21 0.27
7019 10 0.49
7020 23 0.58
7021 20 0.32
7023 28 0.86
7025 11 0.01
7026 8 0.39
7027 11 1.0
7030 8 0.33
7032 16 0.88
7033 18 0.08
7036 10 0.06
7037 15 0.91
7038 18 0.68
7039 1 0.67
7042 28 0.64
7047 8 0.97
7048 13 0.42
7049 8 0.45
7050 19 0.03
7052 24 0.16
7054 15 0.03
7058 10 0.3
7062 24 0.09
7063 15 0.6
7064 2 0.14
7065 21 0.82
7067 9 0.71
7069 15 0.66
7070 15 0.11
7073 1 0.58
7074 21 0.67
7076 12 0.43
7077 17 0.96
7079 9 0.49
7080 29 0.58
7083 0 0.29
7084 22 0.85
7087 12 0.95
7090 13 1.0
7091 4 0.39
7092 10 0.54
7094 21 0.53
7095 26 0.47
7096 19 0.54
7098 25 0.18
7102 21 0.73
7104 10 0.68
7105 25 0.64
7107 6 0.86
7108 2 0.63
7113 5 0.87
7114 8 0.27
7115 24 0.11
7117 20 0.09
7121 1 0.94
7122 4 0.82
7123 18 0.76
7124 18 0.69
7125 20 0.05
7128 28 0.11
7129 15 0.29
7130 15 0.45
7131 12 0.7
7132 8 0.28
7133 1 0.62
7135 2 0.74
7138 18 0.23
7141 15 0.02
7143 2 0.36
7144 23 0.71
7148 3 0.22
7152 0 0.81
7155 4 0.94
7161 4 0.3
7162 6 0.78
7165 19 0.81
7166 7 0.47
7167 21 0.49
7170 9 0.57
7171 2 0.01
7173 27 0.64
7174 4 0.85
7178 1 0.36
7180 13 0.71
7181 15 0.52
7184 18 0.06
7185 9 0.31
7186 1 0.18
7189 11 0.38
7190 20 0.2
7191 19 0.72
7193 18 0.46
7194 7 0.46
7195 0 0.77
7198 4 0.5
7200 24 0.18
7201 1 0.1
7203 4 0.91
7204 19 0.37
7205 21 0.28
7208 13 0.94
7209 14 0.77
7210 25 0.51
7216 14 0.48
7220 4 0.95
7222 19 0.53
7223 10 0.12
7224 21 0.84
7233 22 0.04
7234 18 0.25
7235 22 0.21
7237 7 0.49
7238 6 0.02
7239 9 0.08
7243 8 0.27
7244 4 0.55
7245 0 0.48
7246 20 0.69
7248 1 0.15
7249 27 0.34
7252 9 0.63
7254 5 0.52
7256 6 0.51
7259 28 0.72
7260 24 0.64
7262 26 0.87
7264 13 0.83
7266 6 0.63
7267 26 0.06
7269 20 0.64
7272 20 0.47
7273 20 0.53
7275 18 0.76
7277 21 0.75
7282 5 0.59
7286 4 0.82
7287 8 0.98
7289 19 0.81
7293 1 0.23
7294 16 0.54
7295 17 0.25
7297 25 0.68
7298 11 0.34
7299 7 0.05
7304 2 0.27
7306 3 0.73
7307 7 0.1
7310 19 0.62
7312 26 0.21
7313 3 0.24
7315 13 0.01
7316 28 0.36
7317 22 0.21
7318 0 0.37
7324 24 0.5
7325 8 0.55
7326 1 0.65
7327 8 0.61
7329 12 0.9
7331 0 0.82
7333 2 0.04
7334 18 0.74
7335 9 0.33
7341 21 0.68
7342 0 0.04
7346 5 0.19
7347 10 0.56
7349 3 0.7
7350 23 0.69
7351 12 0.57
7352 16 0.13
7353 25 0.38
7354 11 0.35
7357 13 0.28
7358 4 0.39
7360 7 0.13
7361 3 0.66
7362 24 0.16
7363 19 0.65
7365 4 0.59
7366 25 0.78
7371 25 0.31
7374 29 0.19
7376 1 0.52
7379 15 0.65
7381 23 0.54
7385 4 0.09
7386 13 0.57
7387 14 0.26
7389 4 0.52
7392 27 0.3
7393 24 0.83
7394 24 0.53
7396 27 0.2
7398 27 0.22
7399 0 0.96
7401 12 0.4
7402 12 0.11
7405 28 0.43
7408 8 0.84
7409 24 0.33
7411 2 0.89
7413 1 0.53
7415 29 0.68
7419 13 0.1
7421 21 0.21
7427 21 0.49
7428 1 0.83
7431 18 0.92
7434 9 0.45
7435 0 0.46
7437 3 0.52
7438 28 0.53
7442 7 0.61
7443 9 0.04
7444 4 0.54
7446 15 0.66
7447 23 0.24
7448 4 0.67
7449 5 0.32
7450 9 0.93
7452 5 0.69
7454 9 0.02
7455 24 0.68
7456 25 0.4
7458 7 0.93
7459 14 0.3
7461 24 0.71
7463 17 0.5
7466 7 0.56
7467 13 0.12
7470 25 0.94
7472 18 0.76
7473 11 0.61
7476 11 0.95
7478 2 0.82
7481 3 0.73
7486 22 0.12
7490 11 0.21
7493 28 0.1
7495 22 0.95
7499 8 0.33
7502 17 0.03
7503 25 0.99
7506 15 0.08
7507 26 0.09
7508 28 0.34
7509 0 0.83
7510 1 0.48
7511 17 0.81
7512 11 0.31
7513 8 0.13
7514 20 0.77
7517 12 0.23
7522 1 0.24
7525 15 0.66
7527 12 0.5
7528 18 0.7
7534 3 0.23
7538 10 0.75
7543 26 0.65
7545 16 0.39
7546 20 0.03
7548 12 0.43
7550 8 0.25
7552 25 0.5
7556 14 0.72
7557 0 0.16
7558 3 0.17
7559 11 0.28
7560 10 0.03
7564 27 0.59
7565 8 0.22
7567 24 0.18
7568 28 0.56
7570 7 0.47
7571 10 0.46
7575 14 0.43
7576 8 0.92
7578 29 0.19
7579 20 0.8
7581 6 0.83
7583 10 0.83
7584 17 0.57
7586 17 0.49
7587 20 0.6
7588 1 0.79
7589 12 0.58
7590 28 0.68
7591 5 0.57
7592 9 0.07
7593 17 0.36
7594 16 0.01
7597 19 0.83
7598 26 0.15
7601 8 0.49
7602 13 0.63
7603 29 0.71
7604 28 0.84
7606 22 0.39
7608 9 0.05
7615 7 0.95
7617 22 0.35
7619 18 0.11
7620 2 0.97
7621 29 0.95
7623 10 0.61
7624 18 0.59
7627 11 0.9
7628 18 0.9
7630 14 0.44
7631 22 0.94
7632 17 0.99
7633 14 0.75
7638 22 0.0
7639 24 0.76
7640 2 0.38
7641 2 0.96
7643 12 0.82
7644 4 0.2
7645 16 1.0
7646 20 0.68
7647 4 0.21
7650 16 0.21
7658 24 0.84
7659 26 0.86
7660 4 0.78
7661 8 0.05
7662 21 0.84
7663 10 0.07
7665 23 0.19
7666 4 0.11
7667 27 0.63
7668 7 0.12
7670 23 0.4
7671 17 0.37
7674 10 0.11
7679 25 0.03
7680 7 0.95
7681 0 0.02
7682 11 0.64
7683 24 0.76
7685 14 0.41
7686 3 0.97
7687 22 0.6
7689 23 0.27
7692 21 0.9
7693 26 0.65
7696 17 0.27
7697 8 0.1
7698 23 0.12
7699 25 0.85
7700 13 0.65
7702 25 0.98
7703 3 0.67
7706 4 0.34
7707 23 0.96
7708 24 0.91
7711 6 0.06
7714 8 0.1
7715 21 0.59
7716 0 0.69
7718 12 0.82
7719 1 0.48
7721 0 0.82
7723 7 0.17
7724 20 0.55
7728 24 0.8
7729 0 0.8
7736 0 0.51
7737 23 0.47
7743 15 0.09
7745 14 0.42
7749 13 0.18
7750 23 0.66
7752 1 0.27
7753 20 0.13
7754 16 0.98
7756 5 0.14
7757 20 0.6
7759 20 0.64
7760 13 0.32
7768 25 0.53
7774 8 0.6
7780 17 0.95
7783 16 0.81
7785 13 0.15
7787 8 0.94
7788 3 0.66
7790 7 0.98
7792 4 0.35
7793 11 0.02
7794 8 0.97
7796 20 0.07
7797 14 0.66
7798 20 0.23
7801 1 0.09
7803 9 0.91
7804 29 0.38
7805 13 0.05
7809 3 0.11
7811 12 0.26
7816 27 0.52
7820 25 0.63
7822 16 0.47
7824 1 0.83
7825 27 0.9
7827 15 0.09
7828 25 0.87
7829 9 0.03
7831 14 0.97
7832 24 0.27
7834 11 0.75
7835 26 0.05
7837 14 0.29
7840 28 0.07
7842 16 0.7
7847 6 0.13
7848 26 0.28
7849 28 0.46
7852 26 0.87
7853 20 0.56
7855 22 0.08
7856 24 0.14
7857 23 0.68
7858 24 0.7
7859 11 0.1
7860 17 0.18
7861 20 0.51
7863 24 0.95
7864 17 0.28
7865 5 0.62
7874 2 0.79
7875 16 0.64
7876 16 0.98
7877 14 0.69
7878 0 0.39
7879 20 0.13
7881 27 0.47
7882 7 0.96
7883 2 0.14
7899 29 0.35
7905 28 0.14
7908 3 0.78
7909 14 0.88
7911 25 0.08
7913 21 0.25
7914 3 0.1
7917 5 0.21
7918 14 0.73
7921 7 0.95
7924 20 0.31
7925 13 0.6
7926 25 0.41
7927 23 0.38
7928 29 0.28
7932 14 0.09
7934 7 0.01
7935 24 0.13
7936 19 0.22
7941 2 0.1
7942 16 0.27
7944 18 0.91
7945 17 0.44
7949 7 0.04
7952 17 0.03
7956 0 0.62
7959 7 0.37
7968 15 0.17
7972 5 0.01
7974 10 0.76
7975 14 0.62
7976 16 0.2
7977 3 0.18
7978 24 0.9
7979 24 0.26
7980 26 0.92
7981 26 0.79
7983 12 0.49
7985 7 0.4
7986 2 0.63
7989 7 0.52
7990 19 0.43
7991 13 0.09
7994 6 0.71
7995 27 0.1
7996 25 0.72
7998 15 0.53
8000 15 0.67
8002 11 0.95
8004 18 0.42
8007 21 0.66
8008 25 0.79
8009 0 0.57
8010 0 0.26
8011 12 0.94
8016 18 0.59
8017 4 0.21
8022 23 0.51
8023 29 0.65
8024 12 0.63
8025 0 0.1
8028 17 0.47
8031 0 0.77
8036 25 0.53
8037 18 0.84
8039 17 0.81
8040 28 0.03
8048 21 0.46
8049 17 0.53
8050 5 0.91
8054 24 0.21
8055 19 0.25
8056 9 0.03
8057 0 0.6
8061 15 0.13
8063 1 0.92
8065 3 0.26
8066 20 0.28
8067 21 0.9
8068 22 0.69
8070 18 0.53
8071 8 0.37
8072 1 0.94
8076 19 0.82
8077 7 0.03
8079 18 0.09
8082 23 0.05
8084 21 0.51
8086 22 0.31
8087 8 0.18
8092 9 0.61
8093 6 0.26
8096 21 0.33
8099 5 0.39
8100 18 0.16
8102 14 0.98
8103 4 0.58
8104 12 0.77
8110 13 0.82
8112 20 0.01
8114 1 0.65
8116 20 0.03
8119 24 0.05
8121 25 0.25
8124 13 0.31
8126 20 0.28
8127 29 0.71
8129 8 0.11
8135 15 0.16
8137 23 0.78
8139 13 0.89
8142 10 0.64
8143 19 0.03
8144 26 0.96
8148 22 0.23
8150 24 0.74
8152 14 0.38
8155 24 0.67
8156 28 0.3
8157 24 0.9
8158 13 0.38
8161 8 0.87
8162 16 0.83
8163 4 0.81
8164 9 0.07
8165 26 0.05
8166 7 0.11
8167 19 0.74
8168 26 0.75
8169 14 0.31
8172 9 0.73
8173 5 0.28
8176 28 0.47
8179 17 0.44
8180 28 0.27
8181 18 0.2
8183 15 0.53
8184 20 0.54
8185 14 0.55
8186 20 0.65
8187 9 0.19
8188 2 0.84
8189 9 0.18
8191 8 0.52
8196 7 0.8
8198 21 0.77
8203 23 0.31
8204 2 0.89
8205 26 0.13
8206 16 0.36
8208 22 0.45
8209 12 0.06
8210 23 0.42
8212 20 0.95
8213 4 0.59
8214 9 0.74
8215 6 0.14
8217 19 0.69
8220 12 0.44
8223 17 0.27
8224 27 0.44
8225 17 0.32
8227 17 0.35
8228 20 0.22
8230 5 0.33
8232 3 0.27
8233 6 0.43
8236 25 0.92
8238 24 0.68
8241 14 0.23
8244 25 0.78
8245 8 0.19
8248 14 0.3
8252 0 0.09
8254 19 0.07
8258 14 0.17
8261 26 0.76
8262 10 0.22
8268 15 0.96
8269 10 0.39
8270 11 0.38
8271 6 0.75
8272 14 0.13
8274 2 0.8
8276 11 0.45
8277 7 0.68
8278 6 0.05
8281 10 0.29
8282 4 0.05
8283 27 0.64
8284 11 0.18
8286 28 0.4
8290 16 0.1
8293 6 0.6
8294 8 0.63
8295 1 0.13
8299 18 0.71
8302 2 0.87
8303 17 0.3
8305 10 0.64
8306 18 0.25
8313 22 0.76
8315 26 0.98
8317 11 0.73
8318 11 0.65
8319 2 0.7
8320 2 0.77
8321 14 0.69
8322 19 0.82
8323 26 0.84
8324 24 0.9
8325 27 0.38
8327 27 0.14
8328 12 0.94
8329 29 0.61
8330 23 0.68
8334 10 0.78
8336 17 0.05
8337 11 0.33
8339 26 0.18
8341 13 0.75
8342 10 0.16
8346 14 0.58
8348 28 0.02
8351 10 0.27
8352 9 0.8
8353 3 0.13
8354 28 0.35
8355 22 0.4
8360 21 0.97
8363 13 0.55
8364 26 0.75
8369 0 0.63
8372 26 0.02
8373 15 0.84
8374 28 0.57
8375 20 0.11
8376 13 0.8
8377 7 0.51
8378 18 0.69
8380 17 0.66
8385 5 0.27
8386 2 0.34
8391 5 0.07
8395 13 0.71
8397 12 0.71
8398 26 0.3
8402 18 0.18
8403 28 0.25
8404 19 0.46
8405 19 0.57
8406 5 0.46
8407 0 0.77
8411 1 0.29
8413 13 0.48
8414 27 0.6
8415 0 0.52
8420 17 0.74
8423 20 0.45
8428 26 0.37
8430 9 0.42
8431 2 0.28
8434 15 0.86
8436 15 0.13
8437 5 0.98
8438 17 0.62
8440 7 0.14
8447 15 0.95
8451 25 0.61
8455 18 0.89
8457 20 0.11
8458 7 0.7
8459 10 0.29
8464 7 0.06
8465 4 0.7
8469 16 0.74
8470 21 0.13
8471 8 0.35
8473 12 0.78
8475 5 0.05
8479 5 0.54
8480 24 0.61
8481 11 0.42
8482 13 0.49
8483 1 0.46
8485 13 0.79
8487 14 0.37
8489 10 1.0
8490 2 0.13
8496 16 0.1
8497 13 0.2
8498 7 0.5
8500 27 0.08
8503 19 0.78
8504 16 0.6
8505 26 0.24
8506 12 0.72
8507 2 0.67
8508 25 0.72
8510 6 0.44
8511 17 0.17
8513 14 0.71
8514 23 0.29
8515 14 0.75
8518 10 0.58
8519 4 0.42
8521 16 0.29
8522 18 0.66
8523 26 0.32
8525 14 0.53
8526 28 0.01
8528 7 0.22
8529 28 0.04
8532 2 0.94
8534 27 0.85
8536 23 0.27
8537 4 0.31
8539 25 0.87
8540 6 0.81
8546 7 0.42
8548 7 0.09
8549 4 0.24
8550 17 0.95
8551 28 0.46
8552 17 0.28
8555 4 0.94
8560 11 0.03
8562 18 0.14
8563 25 0.23
8565 23 0.41
8567 10 0.15
8568 22 0.81
8574 15 0.86
8576 9 0.83
8578 6 0.87
8585 23 0.08
8586 3 0.82
8591 28 0.48
8592 13 0.5
8593 23 0.83
8596 11 0.2
8597 14 0.52
8599 8 0.74
8601 14 0.17
8602 7 0.22
8605 9 0.13
8607 3 0.83
8611 16 0.43
8612 10 0.87
8614 1 0.53
8616 3 0.32
8617 10 0.17
8618 29 0.0
8620 22 0.28
8621 11 0.1
8627 26 0.38
8628 19 0.82
8629 23 0.46
8632 16 0.92
8633 2 0.48
8635 5 0.31
8637 8 0.39
8638 26 0.49
8646 7 0.35
8647 22 0.72
8648 14 0.64
8649 9 0.25
8651 6 0.32
8652 24 0.27
8654 18 0.35
8657 23 0.58
8658 0 0.74
8661 24 0.87
8662 28 0.52
8664 27 0.01
8667 7 0.56
8669 21 0.76
8673 9 0.03
8674 19 0.78
8678 4 0.62
8680 23 0.78
8681 21 0.53
8683 24 0.66
8684 23 0.51
8685 9 0.09
8686 25 0.69
8687 26 0.85
8688 14 0.91
8689 22 0.57
8692 25 0.08
8696 5 0.53
8697 15 0.72
8699 11 0.38
8700 25 0.43
8707 11 0.49
8708 19 0.49
8709 21 0.65
8714 20 0.75
8716 27 0.4
8720 25 0.0
8723 21 0.04
8724 5 0.53
8727 3 0.04
8729 3 0.15
8730 3 0.67
8732 20 0.76
8738 21 0.64
8739 5 0.67
8742 25 0.41
8744 11 0.62
8746 20 0.22
8747 9 0.49
8749 19 0.31
8750 19 0.45
8752 12 0.47
8753 27 0.72
8754 9 0.93
8755 8 0.41
8757 11 0.13
8758 18 0.79
8759 12 0.81
8764 29 0.41
8768 12 0.39
8769 13 0.97
8771 13 0.05
8772 3 0.52
8773 25 0.76
8777 5 0.73
8782 20 0.54
8786 2 0.76
8787 29 0.81
8788 9 0.89
8791 19 0.8
8792 23 0.86
8793 10 0.5
8795 19 0.92
8796 10 0.79
8799 0 0.79
8800 4 0.58
8801 16 0.6
8802 14 0.03
8803 22 0.85
8809 22 1.0
8810 10 0.88
8811 0 0.52
8813 0 0.48
8819 28 0.85
8820 0 0.96
8823 27 0.54
8824 3 0.39
8826 14 0.9
8827 22 0.87
8832 5 0.23
8833 14 0.2
8834 23 0.92
8836 1 0.43
8840 10 0.72
8842 19 0.5
8844 3 0.75
8845 16 0.24
8846 24 0.06
8847 28 0.53
8848 6 0.83
8850 0 0.17
8851 8 0.91
8852 22 0.97
8853 29 0.51
8856 8 0.97
8857 27 0.48
8858 5 0.09
8861 19 0.22
8865 5 0.83
8867 16 0.9
8868 9 0.41
8869 16 0.8
8872 6 0.09
8873 5 0.19
8875 13 0.4
8877 23 0.59
8879 15 0.97
8883 25 0.96
8885 8 0.88
8890 20 1.0
8892 19 0.82
8894 12 0.65
8898 7 0.99
8899 5 0.59
8902 27 0.38
8903 23 0.15
8904 10 0.39
8905 29 0.39
8907 16 0.01
8908 4 0.92
8909 26 0.81
8910 13 0.61
8912 6 0.68
8914 18 0.61
8916 17 0.29
8918 4 0.8
8926 8 0.7
8934 2 0.25
8935 7 0.54
8936 4 0.32
8938 12 0.96
8939 5 0.12
8940 15 0.44
8941 17 0.22
8942 7 0.41
8943 5 0.74
8944 8 0.47
8945 13 0.04
8948 2 0.96
8949 12 0.28
8953 9 0.93
8954 9 0.17
8955 23 0.14
8957 24 0.87
8958 5 0.1
8959 28 0.29
8960 7 0.88
8964 5 0.08
8966 28 0.3
8968 1 0.59
8969 3 0.06
8973 16 0.69
8975 10 0.04
8977 12 0.89
8981 6 0.42
8983 12 0.81
8984 22 0.89
8985 4 0.87
8986 25 0.3
8988 1 0.27
8990 29 0.35
8995 0 0.96
8996 11 0.93
8997 4 0.1
8998 12 0.97
9000 19 0.23
9002 19 0.62
9005 27 0.73
9006 19 0.32
9007 18 0.48
9008 6 0.74
9013 25 0.79
9015 9 0.61
9016 9 0.04
9017 11 0.7
9022 28 0.58
9023 4 0.34
9024 15 0.16
9027 5 0.1
9028 9 0.02
9031 8 0.51
9033 17 0.39
9034 15 0.09
9038 9 0.79
9040 28 0.2
9041 9 0.09
9042 18 0.35
9043 17 0.7
9046 26 0.94
9047 21 0.43
9049 13 0.38
9050 12 0.38
9052 10 0.16
9053 24 0.21
9057 23 0.02
9058 16 0.24
9059 24 0.54
9060 2 0.89
9061 12 0.95
9063 27 0.23
9064 23 0.92
9065 0 0.44
9069 19 0.74
9070 12 0.31
9071 16 0.02
9073 28 0.84
9074 1 0.25
9075 13 0.18
9078 26 0.33
9079 0 0.75
9080 9 0.73
9085 20 0.5
9087 7 0.24
9090 5 0.8
9093 20 0.72
9095 1 0.21
9096 14 0.07
9099 24 0.42
9100 18 1.0
9101 25 0.69
9102 5 0.58
9103 23 0.42
9105 9 0.8
9107 11 0.57
9109 20 0.58
9110 4 0.13
9111 11 0.53
9112 18 0.52
9113 18 0.72
9114 26 0.44
9115 16 0.23
9116 14 0.78
9117 17 0.19
9118 6 0.05
9119 16 0.66
9120 8 0.4
9121 10 0.7
9122 10 0.54
9123 18 0.17
9124 18 0.53
9125 8 0.73
9126 6 0.84
9128 7 0.76
9129 5 0.34
9132 20 0.2
9133 4 0.81
9139 6 0.55
9143 11 0.36
9144 2 0.73
9148 1 0.13
9150 22 0.39
9155 10 0.62
9156 8 0.77
9157 6 0.13
9158 27 0.87
9160 18 0.4
9161 11 0.32
9162 21 0.92
9163 9 0.14
9164 9 0.01
9166 25 0.82
9168 11 0.14
9169 9 0.36
9171 13 0.84
9172 13 0.53
9173 1 0.76
9175 15 0.09
9176 18 0.12
9178 20 0.57
9179 18 0.93
9180 2 0.98
9181 26 0.12
9183 6 0.84
9185 12 0.68
9187 21 0.43
9189 0 0.7
9190 21 0.85
9193 1 0.94
9194 7 0.71
9195 20 0.68
9197 10 0.89
9199 1 0.41
9200 10 0.29
9201 9 0.39
9202 23 0.78
9203 9 0.91
9204 26 0.63
9205 16 0.69
9206 12 0.74
9210 6 0.61
9214 15 0.24
9217 18 0.78
9220 20 0.13
9221 26 0.54
9222 7 0.1
9225 24 0.18
9227 21 0.52
9229 0 0.31
9230 22 0.04
9231 20 0.44
9232 20 0.36
9234 13 0.5
9237 25 0.15
9240 9 0.19
9241 29 0.19
9242 14 0.43
9244 19 0.87
9247 0 0.85
9248 3 0.84
9249 25 0.47
9252 25 0.79
9254 1 0.78
9257 7 0.03
9258 8 0.04
9260 22 0.18
9261 4 0.51
9263 16 0.97
9264 5 0.91
9265 25 0.84
9271 9 0.6
9272 24 0.12
9275 19 0.81
9276 23 0.49
9279 5 0.42
9281 25 0.43
9282 28 0.91
9283 23 0.99
9288 19 0.01
9291 21 0.96
9292 26 0.85
9296 17 0.62
9297 13 0.51
9300 8 0.19
9303 3 0.62
9305 13 0.13
9306 6 0.1
9307 24 0.9
9308 6 0.4
9310 15 0.19
9311 26 0.05
9312 19 0.35
9318 13 0.45
9319 12 0.94
9320 9 0.16
9321 0 0.76
9325 18 0.15
9327 10 0.33
9328 0 0.68
9330 14 0.08
9331 7 0.62
9334 14 0.48
9337 21 0.64
9338 9 1.0
9339 4 0.06
9341 15 0.23
9342 13 0.04
9344 5 0.11
9347 12 0.04
9350 11 0.47
9351 22 0.11
9352 26 0.76
9355 14 0.78
9356 1 0.04
9358 15 0.0
9362 8 0.42
9365 19 0.25
9366 20 0.39
9368 3 0.32
9370 3 0.78
9371 10 0.0
9373 12 0.56
9376 26 0.52
9379 5 0.52
9381 0 0.83
9383 15 0.66
9388 15 0.96
9391 26 0.53
9392 18 0.8
9398 28 0.22
9399 24 0.14
9403 13 0.67
9404 12 0.34
9405 28 0.53
9407 27 0.1
9410 11 0.0
9412 25 0.77
9414 7 0.13
9417 2 0.82
9422 10 0.32
9423 25 0.53
9424 23 0.12
9426 11 0.86
9427 8 0.16
9429 8 0.19
9430 0 0.17
9432 17 0.17
9436 5 0.47
9439 2 0.08
9440 14 0.67
9441 23 0.83
9442 6 0.46
9443 21 0.38
9446 2 0.18
9447 12 0.89
9449 22 0.41
9450 27 0.32
9454 11 0.7
9458 20 0.4
9459 29 0.74
9461 9 0.95
9462 27 0.92
9463 7 0.14
9467 22 0.27
9468 7 0.97
9476 7 0.92
9478 16 0.95
9482 10 0.34
9484 8 0.63
9486 28 0.25
9488 18 0.68
9489 24 0.8
9491 15 0.49
9493 1 0.86
9494 0 0.36
9495 13 0.06
9497 19 0.59
9499 4 0.86
9501 9 0.63
9503 4 0.84
9504 1 0.33
9505 4 0.53
9506 9 1.0
9507 9 0.98
9510 27 0.77
9512 10 0.52
9514 17 0.55
9515 24 0.12
9516 4 0.08
9517 9 0.72
9518 8 0.08
9519 22 0.44
9521 14 0.72
9524 12 0.03
9525 11 0.06
9530 22 0.87
9531 28 0.66
9532 11 0.11
9536 22 0.89
9537 18 0.5
9539 0 0.79
9542 16 1.0
9544 5 0.16
9546 7 0.0
9547 3 0.68
9550 13 0.12
9552 2 0.29
9553 8 0.43
9558 29 0.67
9559 3 0.04
9560 12 0.48
9561 8 0.42
9562 1 0.26
9564 14 0.28
9565 20 0.78
9568 14 0.43
9572 18 0.01
9573 14 0.65
9576 20 0.24
9577 9 0.1
9578 4 0.29
9579 11 0.67
9585 7 0.78
9587 6 0.37
9588 29 0.08
9589 28 0.74
9590 25 0.66
9591 23 0.51
9594 1 0.93
9595 14 0.1
9596 11 0.96
9597 12 0.51
9598 28 0.64
9599 26 0.45
9601 5 0.36
9602 25 0.13
9603 5 0.94
9605 6 0.63
9606 16 0.81
9607 7 0.45
9610 27 0.12
9612 21 0.55
9615 11 0.79
9616 26 0.75
9618 26 0.73
9619 19 0.29
9620 26 0.45
9624 22 0.93
9625 1 0.24
9628 11 0.74
9631 26 0.29
9632 23 0.58
9634 24 0.02
9637 6 0.14
9639 28 0.63
9641 20 0.58
9644 24 0.05
9645 9 0.84
9649 18 0.96
9650 19 0.87
9651 10 0.57
9655 17 0.96
9657 9 0.55
9658 2 0.7
9662 17 0.92
9663 28 0.47
9664 11 0.27
9665 17 0.95
9667 8 0.18
9668 23 0.49
9669 19 0.58
9671 24 0.66
9677 28 0.63
9679 26 0.15
9684 16 0.2
9686 20 0.46
9691 14 0.83
9692 22 0.46
9696 24 0.49
9697 25 0.85
9698 10 0.03
9699 6 0.86
9700 22 0.55
9701 20 0.68
9702 20 0.54
9703 23 0.24
9708 10 0.69
9709 25 0.75
9710 26 0.7
9715 11 0.93
9716 2 0.8
9720 23 0.42
9721 27 0.44
9722 3 0.0
9723 19 0.9
9729 11 0.97
9731 29 0.15
9732 25 0.51
9733 16 0.75
9734 19 0.72
9738 0 0.4
9740 9 0.89
9741 0 0.08
9744 20 0.07
9745 6 0.67
9746 25 0.77
9747 12 0.15
9748 3 0.24
9752 11 0.94
9753 0 0.21
9754 28 0.38
9755 5 0.8
9756 18 0.8
9759 13 0.98
9760 23 0.17
9764 14 0.81
9765 27 0.16
9767 14 0.24
9768 24 0.9
9773 9 0.85
9774 23 0.3
9776 23 0.05
9778 22 0.6
9779 25 0.85
9781 9 0.61
9782 28 0.47
9783 5 0.06
9785 19 0.01
9787 21 0.89
9788 18 0.03
9790 5 0.84
9793 22 0.79
9795 25 0.99
9796 13 0.73
9801 0 0.22
9803 6 0.19
9804 17 0.45
9805 10 0.94
9806 8 0.42
9807 12 0.13
9808 10 0.99
9809 14 0.09
9810 9 0.72
9811 13 0.04
9813 19 0.83
9814 0 0.18
9817 17 0.39
9819 25 0.05
9820 25 0.74
9821 18 0.58
9822 2 0.08
9824 22 0.0
9825 5 0.03
9826 20 0.59
9827 5 0.7
9828 6 0.29
9830 3 0.02
9831 5 0.93
9832 4 0.65
9834 22 0.04
9837 24 0.23
9839 24 0.18
9840 11 0.41
9841 26 0.97
9842 20 0.96
9844 14 0.94
9846 27 0.5
9848 0 0.33
9849 5 0.76
9850 9 0.16
9851 18 0.57
9852 22 0.73
9855 20 0.82
9856 9 0.84
9859 24 0.88
9860 7 0.32
9862 13 0.02
9863 4 0.56
9864 9 0.68
9868 20 0.5
9869 23 0.89
9870 12 0.97
9873 12 0.09
9874 8 0.14
9877 19 0.74
9880 7 0.25
9883 3 0.74
9884 16 0.89
9888 26 0.86
9889 6 0.21
9890 0 0.9
9891 3 0.02
9892 15 0.28
9894 19 0.83
9895 25 0.34
9897 13 0.09
9899 8 0.13
9901 15 0.2
9903 25 0.14
9905 19 0.19
9907 28 0.89
9908 26 0.21
9910 15 0.82
9911 6 0.67
9912 17 0.65
9913 12 0.77
9914 2 0.62
9917 1 0.71
9919 6 0.32
9921 8 0.39
9927 20 0.97
9928 6 0.71
9932 15 0.76
9934 9 0.92
9935 20 0.17
9936 0 0.73
9938 26 0.94
9939 12 0.72
9941 0 0.87
9942 17 0.28
9943 0 0.28
9946 21 0.52
9950 29 0.52
9951 1 0.56
9952 17 0.98
9955 21 0.27
9956 21 0.92
9959 6 0.38
9961 18 0.14
9962 20 0.47
9966 5 0.42
9967 16 0.2
9969 12 0.44
9970 11 0.01
9973 3 0.03
9974 28 0.47
9975 20 0.44
9977 4 0.36
9979 20 0.57
9980 15 0.99
9981 1 0.06
9982 14 0.72
9983 0 0.43
9986 9 0.71
9987 21 0.04
9990 12 0.8
9993 12 0.31
9995 22 0.75
9999 2 0.72
