0 7 0.95
1 10 0.21
8 29 0.34
9 25 0.3
10 25 0.89
12 10 0.09
13 4 0.87
14 15 0.77
15 7 0.99
17 15 0.25
19 26 0.47
20 23 0.38
21 4 0.61
25 3 0.54
26 9 0.5
27 4 0.28
28 9 0.26
30 17 0.93
35 4 0.61
36 24 0.73
37 0 0.48
38 1 0.46
39 6 0.89
40 24 0.15
41 29 0.7
43 18 0.86
44 24 0.5
45 12 0.03
46 3 0.45
48 29 0.69
50 0 0.12
53 13 0.5
55 26 0.72
60 22 0.92
61 24 0.47
66 19 0.53
68 7 0.06
71 24 0.07
72 28 0.72
73 8 0.46
76 4 0.17
82 1 0.51
83 16 0.23
84 10 0.47
85 6 0.44
87 24 0.95
88 15 0.53
89 28 0.03
92 23 0.39
93 3 0.1
95 4 0.38
97 4 0.82
99 8 0.42
100 17 0.43
102 19 0.55
104 19 0.15
106 1 0.47
108 21 0.43
109 20 0.23
110 3 0.84
112 29 0.68
113 10 0.58
116 3 0.76
117 9 0.18
118 5 0.86
125 10 0.44
127 27 0.63
128 19 0.22
129 4 0.71
131 2 0.79
132 4 0.37
134 18 0.79
135 3 0.46
136 7 0.79
138 2 0.32
139 26 0.78
141 5 0.2
142 13 0.57
146 25 0.98
150 8 0.22
152 10 0.69
154 16 0.8
155 26 0.55
159 3 0.64
168 5 0.6
171 25 0.04
173 5 0.76
174 12 0.56
175 13 0.55
177 16 0.05
179 20 0.34
181 18 1.0
182 13 0.48
184 11 0.31
186 9 0.16
187 8 0.07
189 2 0.49
192 20 0.91
193 5 0.0
194 7 0.91
197 2 0.58
198 21 0.88
200 5 0.38
203 19 0.98
204 12 0.35
207 14 0.18
209 16 0.46
211 26 0.38
213 21 0.72
216 6 0.91
217 20 1.0
218 7 0.71
219 6 0.57
220 26 0.88
221 22 0.91
223 18 0.55
225 2 0.3
231 17 0.35
233 13 0.5
234 6 0.29
235 10 0.3
236 8 0.67
237 15 0.4
239 21 0.64
240 28 0.83
245 11 0.48
246 11 0.95
249 20 0.49
