1 0 0.4
11 8 0.85
12 14 0.51
15 11 0.46
22 10 0.46
25 2 0.67
26 19 0.67
37 23 0.76
40 18 0.63
42 8 0.34
44 29 0.24
45 10 0.21
62 0 0.24
63 11 0.24
70 2 0.03
73 0 0.81
82 12 0.41
88 4 0.56
94 2 0.03
98 2 0.36
99 4 0.13
105 6 0.09
106 7 0.2
115 2 0.77
118 28 0.86
124 12 0.48
127 6 0.76
128 23 0.84
132 28 0.22
134 14 0.8
141 14 0.16
143 15 0.39
146 29 0.12
148 20 0.4
150 12 0.04
153 9 0.84
154 25 0.34
157 10 0.93
158 13 0.0
159 27 0.35
161 0 0.28
162 16 0.37
164 29 0.67
165 29 0.88
168 5 0.12
172 21 0.26
174 29 0.74
176 2 0.51
189 26 0.61
192 14 0.96
197 21 0.35
199 9 0.4
200 20 0.23
202 12 0.73
205 25 0.93
208 27 0.91
210 19 0.15
213 19 0.52
214 18 0.28
215 7 0.58
217 5 0.19
219 8 0.65
229 26 0.28
235 23 0.72
238 7 0.6
240 5 0.67
245 14 0.17
248 13 0.91
