12 21 0.23
13 3 0.84
23 17 0.33
26 27 0.84
76 28 0.88
88 24 0.64
95 26 0.84
103 7 0.93
112 5 0.25
117 2 0.13
126 9 0.83
127 28 0.55
132 26 0.69
150 24 0.27
165 13 0.84
189 24 0.8
190 9 0.19
207 29 0.88
218 18 0.49
229 22 0.5
232 10 0.01
239 16 0.14
246 21 0.47
250 28 0.63
271 26 0.07
276 5 0.79
292 0 0.14
296 20 0.89
297 4 0.63
300 29 0.32
329 21 0.3
359 11 0.79
365 2 0.92
369 4 0.54
381 23 0.57
388 7 0.38
401 3 0.74
419 18 0.61
426 3 0.64
431 3 0.95
456 8 0.83
504 3 0.8
507 4 0.9
513 12 0.61
521 24 0.1
546 26 0.51
550 28 0.52
579 17 0.15
584 26 0.8
594 26 0.09
614 23 0.36
634 25 0.29
638 27 0.25
643 5 0.15
644 1 0.88
652 29 0.34
673 1 0.58
678 7 0.24
692 5 0.69
693 11 0.93
699 15 0.44
709 28 0.15
711 9 0.61
716 7 0.32
727 29 0.64
748 22 0.75
797 22 0.17
806 18 0.61
809 22 0.61
837 0 0.95
846 17 0.45
860 26 0.06
868 17 0.47
871 13 0.54
875 4 0.13
880 17 0.09
905 12 0.09
909 27 0.07
927 0 0.42
933 29 0.72
937 3 0.81
947 18 0.71
955 23 0.83
958 9 0.19
966 15 0.37
984 7 0.34
988 8 0.34
990 18 0.31
1005 20 0.71
1032 2 0.4
1062 27 0.16
1065 0 0.48
1074 27 0.1
1078 20 0.81
1082 7 0.05
1110 7 0.36
1115 23 0.13
1127 6 0.89
1137 8 0.02
1147 2 0.91
1148 23 0.06
1152 20 0.24
1161 29 0.89
1171 12 0.42
1183 16 0.06
1186 14 0.16
1193 24 0.12
1206 24 0.9
1207 29 0.19
1208 28 0.16
1215 10 0.51
1221 8 0.53
1227 28 0.77
1232 5 0.86
1263 8 0.06
1276 2 0.12
1277 2 0.43
1283 1 0.02
1285 20 0.81
1290 7 0.63
1291 18 0.15
1293 21 0.17
1302 13 0.71
1307 11 0.44
1310 6 0.7
1316 10 0.6
1321 0 0.29
1323 19 0.88
1327 0 0.75
1330 2 0.55
1349 13 0.57
1355 20 0.67
1364 23 0.08
1376 28 0.27
1382 4 0.5
1418 9 0.35
1419 11 0.95
1438 14 0.8
1442 13 0.45
1456 26 0.19
1464 17 0.6
1466 28 0.88
1473 15 0.2
1478 19 0.38
1483 28 0.43
1484 2 0.99
1485 10 0.64
1489 15 0.2
1508 25 0.32
1514 22 0.71
1531 7 0.25
1543 6 0.37
1548 1 0.36
1551 1 0.97
1552 3 0.71
1574 1 0.56
1592 18 0.07
1644 6 0.21
1650 27 0.57
1655 28 0.47
1662 1 0.48
1666 21 0.53
1670 12 0.78
1683 2 0.69
1705 25 0.35
1706 23 0.66
1716 29 0.8
1763 11 0.47
1766 9 0.11
1774 22 0.98
1776 11 0.79
1785 4 0.31
1793 5 0.28
1795 6 0.06
1808 20 0.67
1815 10 0.43
1827 1 0.2
1828 28 0.54
1843 19 0.12
1849 16 0.65
1873 9 0.97
1876 11 0.23
1877 24 0.59
1886 0 0.25
1898 15 0.1
1904 6 0.19
1908 9 0.13
1925 2 0.09
1941 15 0.28
1949 13 0.79
1956 15 0.93
1959 26 0.87
1977 13 0.4
1984 16 0.89
1990 4 0.27
2003 19 0.05
2011 3 0.3
2021 9 0.29
2060 1 0.21
2062 22 0.28
2072 24 0.57
2076 0 0.56
2091 4 0.36
2107 1 0.01
2139 26 0.07
2151 24 0.78
2158 10 0.84
2161 2 0.46
2164 27 0.97
2167 24 0.01
2170 8 0.91
2177 28 0.98
2182 20 0.45
2186 12 0.83
2195 3 0.86
2200 27 0.94
2206 22 0.54
2226 19 0.35
2237 3 0.21
2241 2 0.94
2264 18 0.9
2268 19 0.12
2280 9 0.02
2283 3 0.68
2339 17 0.84
2350 21 0.95
2360 7 0.49
2377 0 0.54
2393 8 0.48
2398 26 0.99
2400 16 0.69
2411 13 0.74
2413 16 0.46
2417 2 0.95
2441 3 0.13
2448 17 0.9
2453 23 0.01
2458 15 0.37
2459 27 0.36
2464 24 0.47
2465 16 0.88
2484 14 0.51
2485 13 0.11
2491 24 0.16
