2 5 0.79
3 3 0.38
6 6 0.4
14 3 0.84
19 0 0.58
21 16 0.58
22 9 0.14
45 22 0.21
57 22 0.15
75 9 0.97
81 2 1.0
85 5 0.32
88 2 0.78
114 19 0.46
122 5 0.86
131 0 0.32
145 2 0.18
175 17 0.82
190 15 0.94
199 0 0.53
200 21 0.69
201 19 0.05
206 26 0.32
213 18 0.29
217 15 0.71
225 7 0.34
227 14 0.78
229 0 0.18
232 21 0.86
236 1 0.75
249 0 0.6
265 27 0.36
269 11 0.28
274 1 0.45
286 5 0.16
311 17 0.33
327 5 0.92
328 21 0.84
334 5 0.78
335 17 0.05
344 26 0.34
351 2 0.35
352 2 0.63
366 10 0.02
375 9 0.32
412 19 0.32
431 11 0.89
436 14 0.76
444 5 0.34
447 13 0.08
457 12 0.78
511 11 0.43
523 12 0.01
526 8 0.69
544 11 0.33
551 18 0.95
586 15 0.33
594 0 0.92
596 20 0.41
599 19 0.18
615 29 0.51
618 28 0.0
626 16 0.87
642 8 0.36
651 2 0.21
654 2 0.61
659 11 0.5
667 5 0.29
673 10 0.59
674 21 0.25
687 8 0.97
688 19 0.36
694 14 0.96
699 24 0.3
700 28 0.45
712 2 0.04
713 8 0.35
721 22 0.0
722 4 0.74
737 16 0.74
759 25 0.57
771 11 0.31
772 16 0.04
781 8 0.66
786 29 0.84
817 28 0.12
857 29 0.06
868 21 0.26
873 20 0.08
883 4 0.19
884 17 0.42
889 0 0.78
903 22 0.25
964 16 0.33
966 17 0.66
976 14 0.88
979 20 0.42
984 19 0.73
1016 5 0.46
1018 0 0.8
1019 3 0.84
1020 5 0.53
1021 4 0.44
1029 16 0.37
1037 6 0.73
1052 7 1.0
1054 3 0.06
1064 14 0.07
1074 28 0.92
1096 24 0.24
1115 20 0.88
1128 15 0.49
1138 3 0.81
1145 29 0.01
1158 17 0.08
1165 18 0.16
1185 17 0.96
1195 24 0.36
1197 21 0.28
1199 11 0.67
1219 1 0.51
1230 0 0.93
1232 4 0.28
1260 2 0.92
1264 4 0.84
1269 5 0.16
1271 3 0.77
1282 0 0.85
1285 4 1.0
1293 19 0.24
1294 23 0.58
1295 1 0.78
1314 26 0.88
1321 11 0.39
1326 28 0.96
1347 12 0.6
1356 11 0.55
1358 8 0.06
1362 29 0.69
1365 8 0.05
1388 28 0.8
1390 21 0.72
1415 7 0.85
1435 6 0.28
1449 20 0.47
1459 23 1.0
1466 27 0.18
1489 27 0.08
1498 25 0.25
1509 25 0.7
1510 2 0.45
1511 20 0.99
1513 11 0.25
1515 20 0.92
1528 21 0.45
1534 16 0.44
1543 12 0.98
1554 17 0.94
1558 19 0.83
1559 27 0.92
1566 24 0.54
1618 6 0.32
1630 6 0.72
1657 3 0.42
1663 11 0.33
1670 1 0.1
1673 0 0.25
1688 13 0.38
1700 25 0.51
1701 3 0.55
1730 17 0.58
1733 6 0.81
1736 6 0.58
1741 15 0.26
1758 1 0.8
1778 16 0.52
1786 13 0.97
1799 25 0.14
1819 28 0.09
1825 3 0.51
1827 2 0.45
1838 24 0.29
1852 13 0.22
1866 16 0.37
1879 27 0.58
1883 6 0.32
1896 11 0.84
1899 15 0.96
1907 21 0.5
1921 7 0.98
1929 12 0.69
1935 8 0.0
1957 22 0.87
1965 9 0.18
1977 3 0.47
2006 13 0.45
2027 28 0.86
2029 3 0.87
2034 1 0.26
2044 6 0.85
2058 0 0.42
2062 16 0.9
2068 14 0.34
2079 23 0.03
2080 0 0.8
2089 6 0.75
2096 3 0.11
2113 15 0.48
2134 20 0.08
2146 6 0.6
2147 13 0.88
2153 17 0.19
2154 0 0.06
2172 28 0.36
2179 12 0.77
2184 9 0.86
2198 7 0.84
2201 4 0.69
2211 20 0.27
2212 1 0.05
2213 13 0.97
2226 1 0.48
2227 19 0.05
2228 0 0.55
2239 25 0.75
2269 7 0.54
2281 17 0.96
2299 7 0.98
2334 21 0.36
2339 28 0.39
2341 3 0.52
2345 22 0.36
2346 5 0.33
2349 20 0.59
2353 16 0.56
2361 7 0.69
2394 7 0.97
2401 22 0.92
2413 8 0.98
2418 14 0.1
2420 21 0.84
2427 23 0.56
2430 9 0.94
2435 16 0.51
2436 10 0.81
2449 18 0.65
2455 6 0.67
2459 21 0.36
2464 7 0.41
2467 9 0.88
2468 11 0.33
2469 7 0.2
2484 17 0.45
2486 23 0.33
2507 11 0.21
2537 7 0.59
2542 5 0.34
2556 5 0.75
2592 10 0.92
2604 21 0.21
2607 25 0.49
2627 3 0.39
2630 7 0.6
2639 27 0.23
2642 14 0.38
2652 27 0.52
2658 13 0.96
2673 13 0.29
2684 20 0.38
2694 26 0.64
2696 2 0.62
2704 5 0.19
2712 23 0.77
2726 12 0.32
2728 21 0.88
2734 22 0.94
2743 23 0.62
2759 8 0.65
2783 18 0.64
2797 9 0.08
2812 15 0.67
2819 14 0.17
2847 4 0.17
2850 25 0.54
2851 6 0.05
2872 13 0.89
2877 12 0.25
2883 24 0.98
2888 5 0.26
2909 3 0.33
2911 0 0.44
2922 2 0.08
2943 28 0.6
2946 23 0.18
2947 22 0.82
2951 9 0.2
2952 26 0.09
2968 29 0.69
2977 25 0.23
2981 8 0.35
2982 28 0.27
2988 19 0.61
3009 19 0.16
3014 15 0.0
3020 17 0.52
3021 17 0.49
3030 23 0.34
3049 9 0.69
3050 20 0.79
3051 10 0.87
3060 10 0.8
3084 0 0.22
3127 13 0.8
3135 23 0.63
3173 17 0.44
3177 19 0.57
3184 0 0.86
3191 22 0.93
3195 10 0.56
3204 18 0.57
3213 7 0.35
3233 5 0.1
3241 18 0.35
3251 25 0.54
3267 25 0.38
3271 19 0.55
3278 23 0.2
3287 2 0.89
3301 13 0.04
3314 6 0.72
3326 18 0.48
3328 6 0.34
3354 6 0.46
3400 7 0.15
3405 22 0.26
3419 18 0.42
3422 1 0.44
3428 25 0.71
3430 27 0.99
3440 26 0.54
3455 22 0.09
3487 28 0.19
3506 11 0.41
3507 13 0.28
3513 24 0.92
3518 27 0.28
3536 17 0.76
3542 21 0.83
3552 10 0.28
3562 11 0.44
3570 7 0.45
3571 0 0.04
3575 14 0.77
3578 21 0.75
3581 11 0.1
3590 8 0.93
3605 10 0.42
3618 4 0.31
3622 22 0.47
3626 16 0.35
3635 0 0.54
3645 8 0.94
3649 1 0.57
3659 24 0.45
3664 22 0.75
3667 6 0.3
3668 3 0.86
3673 20 0.78
3675 16 0.16
3676 24 0.28
3687 9 0.32
3688 0 0.73
3709 26 0.55
3710 2 0.14
3713 6 0.72
3717 10 0.33
3742 1 0.32
3747 15 0.44
3754 10 0.16
3773 7 0.5
3795 2 0.86
3812 9 0.3
3816 17 0.97
3818 15 0.27
3837 11 0.69
3841 5 0.24
3884 13 0.53
3885 19 0.06
3891 15 0.45
3897 17 0.8
3935 11 0.06
3942 26 0.47
3952 7 0.11
3953 28 0.37
3958 6 0.63
3962 17 0.73
3967 13 0.68
3977 11 0.83
4021 19 0.9
4038 4 0.07
4063 20 0.94
4078 24 0.16
4080 22 0.3
4082 12 0.3
4093 0 0.04
4107 29 0.57
4116 4 0.5
4119 24 0.99
4134 20 0.45
4135 11 0.53
4141 0 0.61
4147 5 0.6
4156 3 0.34
4160 18 0.13
4161 10 0.92
4164 22 0.63
4181 14 0.15
4183 0 0.36
4187 28 0.78
4197 20 0.35
4210 4 0.42
4220 20 0.47
4225 15 0.6
4236 9 0.92
4252 3 0.28
4269 23 0.79
4277 3 0.04
4285 24 0.84
4289 11 0.31
4315 10 0.84
4337 12 0.7
4339 13 0.27
4343 5 0.86
4355 27 0.65
4357 9 0.35
4368 22 0.84
4373 8 0.1
4377 3 0.32
4380 2 0.32
4386 16 0.13
4395 12 0.59
4398 15 0.42
4401 0 0.93
4402 0 0.64
4407 13 0.15
4437 13 0.7
4479 6 0.48
4482 1 0.09
4506 5 0.73
4528 25 0.83
4531 24 0.8
4550 16 0.72
4551 17 0.47
4552 24 0.21
4565 8 0.78
4584 25 0.01
4617 21 0.43
4619 27 0.74
4621 17 0.09
4624 28 0.13
4626 11 0.87
4627 12 0.52
4649 28 0.34
4652 9 0.62
4679 25 0.68
4680 23 0.65
4681 10 0.19
4705 4 0.58
4712 29 0.96
4718 7 0.21
4721 7 0.53
4722 4 0.48
4742 21 0.34
4743 8 0.61
4772 25 0.66
4773 11 0.85
4774 0 0.61
4778 16 0.84
4779 18 0.32
4783 7 0.8
4801 24 0.15
4802 3 0.96
4815 13 0.49
4858 12 0.19
4879 9 0.74
4890 13 0.33
4894 22 0.91
4903 2 0.64
4957 12 0.15
4965 28 0.72
4990 26 0.95
5032 14 0.09
5037 24 0.76
5062 14 0.77
5071 7 0.89
5073 0 0.21
5074 18 0.72
5080 28 0.56
5113 9 0.13
5116 23 0.99
5120 29 0.2
5131 8 0.13
5134 23 0.11
5144 24 0.89
5155 26 0.25
5159 27 0.9
5174 3 0.67
5187 10 0.32
5188 6 0.14
5206 13 0.38
5213 20 0.46
5220 3 0.19
5244 26 0.5
5253 11 0.84
5256 2 0.76
5259 9 0.86
5272 11 0.5
5286 25 0.64
5288 27 0.49
5291 27 0.53
5300 20 0.77
5303 17 0.82
5320 4 0.13
5350 21 0.6
5354 17 0.36
5358 8 0.89
5363 17 0.56
5406 5 0.76
5421 23 0.77
5458 19 0.25
5461 10 0.12
5463 27 0.4
5471 29 0.45
5472 12 0.65
5473 10 0.92
5491 3 0.81
5493 17 0.83
5498 7 0.76
5508 24 0.37
5511 16 0.02
5519 10 0.02
5542 18 0.03
5594 1 0.99
5611 13 0.67
5617 5 0.79
5622 15 0.16
5623 12 0.8
5624 15 0.02
5630 2 0.16
5632 21 0.57
5636 9 0.03
5654 5 0.95
5666 3 0.42
5678 23 0.34
5683 10 1.0
5684 9 0.14
5685 16 0.91
5701 22 0.72
5716 28 0.13
5718 15 0.69
5724 23 0.45
5753 9 0.94
5756 1 0.81
5757 24 0.44
5759 19 0.93
5768 11 0.27
5783 21 0.08
5785 3 0.41
5793 24 0.3
5801 1 0.39
5811 4 0.5
5817 0 0.18
5825 25 0.69
5831 20 0.64
5838 14 0.57
5864 23 0.28
5867 20 0.67
5868 2 0.33
5873 11 0.92
5905 15 0.72
5913 14 0.08
5926 1 0.9
5932 6 0.95
5944 26 0.2
5952 15 0.86
5953 29 0.02
5957 3 0.51
5968 18 0.11
5971 9 0.77
5972 13 0.81
5976 5 0.21
5990 9 0.67
5993 4 0.07
6012 7 0.45
6015 4 0.63
6028 26 0.42
6031 22 0.13
6038 10 0.91
6043 26 0.04
6050 5 0.98
6062 15 0.01
6069 7 0.86
6075 4 0.52
6084 16 0.33
6086 13 0.34
6095 7 0.81
6098 17 0.59
6105 18 0.67
6108 9 0.73
6109 4 0.98
6125 21 0.47
6132 19 0.1
6148 1 0.86
6151 8 0.39
6152 25 0.94
6158 15 0.49
6180 4 0.14
6197 26 0.88
6201 14 0.72
6207 18 0.43
6210 14 0.87
6211 20 0.86
6231 6 0.82
6248 18 0.16
6251 2 0.77
6262 4 0.99
6268 16 0.99
6279 25 0.95
6308 9 0.63
6313 6 0.61
6331 20 0.85
6333 11 0.99
6336 9 0.52
6363 2 0.2
6369 17 0.57
6379 15 0.84
6387 9 0.94
6394 3 0.48
6403 16 0.09
6416 1 0.17
6420 26 0.98
6435 18 0.03
6447 0 0.5
6450 24 0.72
6463 11 0.13
6490 0 0.92
6491 5 0.34
6492 3 0.49
6511 9 0.79
6521 6 0.15
6530 26 0.73
6580 25 0.16
6581 24 0.58
6602 22 0.77
6619 12 0.97
6646 9 0.28
6655 2 0.9
6660 4 0.62
6670 19 0.42
6673 3 0.76
6699 23 0.47
6702 7 0.37
6705 17 0.13
6725 24 0.1
6779 0 0.95
6781 9 0.08
6784 22 0.57
6797 27 0.08
6817 18 0.29
6832 16 0.02
6836 15 0.3
6856 16 0.69
6857 2 0.26
6862 0 0.14
6881 0 0.17
6889 12 0.71
6897 26 0.66
6908 11 0.83
6917 25 0.88
6933 2 0.28
6966 27 0.55
6978 24 0.13
6980 27 0.76
6991 25 0.35
7003 21 0.64
7021 0 0.55
7026 25 0.3
7031 23 0.98
7043 18 0.07
7054 12 0.22
7056 23 0.28
7070 13 0.67
7075 20 0.41
7080 1 0.93
7087 25 0.34
7093 7 0.69
7121 15 0.42
7124 5 0.36
7125 11 0.1
7133 13 0.58
7138 9 0.97
7140 26 0.13
7148 15 0.21
7149 24 0.29
7166 10 0.98
7181 19 0.72
7183 20 0.86
7191 18 0.09
7192 28 0.27
7228 20 0.86
7233 1 0.01
7237 23 0.36
7261 24 0.39
7263 26 0.61
7284 4 0.62
7289 5 0.94
7293 29 0.65
7306 25 0.68
7311 29 0.61
7316 18 0.68
7318 7 0.07
7323 21 0.01
7326 14 0.73
7337 11 0.43
7346 26 0.2
7354 6 0.05
7360 6 0.69
7361 9 0.66
7373 23 0.32
7374 25 0.14
7377 19 0.26
7385 9 0.1
7389 9 0.01
7391 23 0.74
7393 26 0.86
7403 21 0.8
7424 22 0.78
7426 18 0.77
7430 29 0.2
7445 0 0.66
7449 0 0.67
7451 16 0.34
7458 26 0.98
7466 11 0.67
7487 4 0.47
7500 12 0.67
7521 19 0.91
7546 22 0.64
7553 28 0.41
7555 22 0.55
7581 24 0.13
7583 20 0.06
7589 27 0.26
7602 9 0.3
7606 13 0.72
7609 6 0.24
7617 0 1.0
7638 10 0.63
7646 25 0.03
7653 18 0.76
7666 25 0.63
7667 17 0.06
7670 17 0.2
7692 7 0.31
7693 24 0.9
7718 24 0.37
7733 25 0.69
7760 7 0.57
7773 18 0.02
7781 23 0.22
7784 16 0.88
7808 25 0.12
7814 28 0.01
7835 26 0.68
7837 7 0.4
7842 29 0.05
7845 2 0.78
7861 20 0.23
7863 23 0.8
7865 22 0.45
7867 4 0.8
7872 1 0.26
7879 25 0.08
7883 5 0.31
7918 24 0.4
7924 6 0.49
7925 6 0.29
7954 0 0.91
7963 14 0.49
7980 15 0.29
7984 20 0.2
7986 21 0.76
7992 26 0.06
7998 0 0.03
7999 27 0.62
8005 22 0.56
8007 27 0.3
8017 8 0.57
8034 21 0.0
8036 13 0.37
8037 23 0.35
8041 8 0.83
8054 24 0.53
8079 13 0.75
8082 18 0.47
8100 20 0.01
8107 16 0.89
8109 17 0.52
8120 11 0.8
8132 23 0.0
8141 19 0.87
8144 18 0.46
8148 15 0.62
8151 6 0.99
8154 1 0.18
8164 27 0.78
8170 6 0.4
8176 28 0.49
8184 11 0.0
8186 17 0.52
8198 8 0.22
8205 5 0.8
8225 25 0.45
8228 6 0.28
8233 26 0.26
8246 15 0.39
8252 18 0.8
8253 1 0.32
8257 28 0.62
8258 0 0.02
8266 2 0.36
8268 25 0.91
8273 6 0.59
8278 3 0.23
8279 6 0.2
8281 28 0.63
8292 25 0.78
8307 27 0.93
8309 28 0.02
8325 14 0.14
8327 22 0.43
8332 1 0.43
8340 5 0.67
8352 16 0.17
8378 21 0.37
8379 11 0.78
8411 3 0.23
8414 7 0.57
8415 12 0.81
8428 10 0.33
8436 10 0.83
8438 18 0.65
8439 9 0.25
8448 0 0.8
8465 18 0.82
8466 5 0.18
8470 18 0.95
8489 21 0.34
8495 25 0.38
8511 8 0.94
8512 25 0.8
8515 17 0.47
8518 19 0.23
8533 21 0.36
8538 5 0.45
8541 7 0.76
8547 5 0.1
8548 12 0.06
8584 7 0.03
8614 24 0.52
8616 27 0.25
8623 28 0.31
8658 23 0.41
8661 17 0.07
8667 7 0.46
8696 13 0.31
8702 20 0.04
8708 24 0.37
8714 10 0.86
8718 1 0.03
8730 2 0.44
8765 23 0.46
8785 3 0.86
8813 24 0.53
8816 22 0.17
8817 11 0.79
8827 24 0.91
8831 27 0.17
8832 0 0.31
8838 11 0.88
8849 17 0.73
8861 22 0.74
8866 23 0.72
8880 23 0.86
8884 16 0.67
8888 12 0.27
8890 10 0.76
8904 2 0.09
8908 19 0.44
8912 11 0.77
8914 11 0.35
8915 22 0.95
8918 22 0.89
8920 18 0.79
8927 21 0.92
8941 14 0.84
8942 6 0.21
8953 4 0.15
8955 16 0.77
8957 21 0.43
8974 4 0.23
8981 11 0.33
8984 24 0.16
9008 18 0.96
9014 0 0.28
9043 29 0.72
9049 8 0.01
9072 14 0.21
9089 29 0.65
9100 10 0.85
9123 21 0.33
9124 26 0.56
9132 6 0.05
9148 7 0.18
9151 17 0.25
9159 9 0.19
9162 25 0.56
9163 9 0.47
9173 5 0.6
9179 19 0.43
9188 8 0.99
9190 2 0.86
9201 23 0.04
9202 28 0.06
9209 12 0.51
9250 22 0.92
9259 17 0.89
9261 6 0.49
9286 15 0.13
9297 4 0.2
9298 3 0.23
9303 9 0.6
9308 26 0.61
9322 23 0.47
9323 17 0.38
9328 12 0.57
9333 21 0.01
9334 19 0.43
9336 22 0.47
9347 18 0.99
9349 5 0.03
9350 24 0.28
9351 3 0.07
9355 23 0.43
9356 19 0.15
9358 15 0.39
9362 21 0.77
9377 24 0.27
9382 20 0.42
9386 3 0.09
9388 26 0.07
9396 21 0.43
9416 9 0.92
9426 7 0.34
9428 1 0.87
9435 1 0.8
9440 2 0.89
9447 13 0.51
9468 22 0.16
9470 14 0.29
9500 27 0.84
9509 22 0.73
9514 0 0.36
9526 5 0.73
9529 13 0.9
9537 11 0.39
9539 2 0.49
9543 14 0.02
9546 9 1.0
9566 10 0.26
9567 17 0.84
9572 12 0.43
9576 24 0.5
9578 18 0.35
9582 22 0.62
9594 15 0.78
9607 15 0.7
9609 3 0.86
9618 1 0.91
9621 19 0.81
9624 14 0.32
9626 17 0.03
9629 14 0.53
9633 3 0.75
9670 22 0.89
9681 19 0.73
9683 8 0.88
9702 4 0.24
9704 17 0.81
9709 13 0.45
9713 8 0.45
9735 8 0.9
9747 8 0.05
9751 0 0.96
9784 20 0.83
9785 7 0.47
9803 12 0.36
9808 7 0.87
9830 5 0.53
9832 4 0.37
9834 4 0.22
9835 0 0.15
9841 18 0.78
9859 24 0.57
9867 0 0.72
9871 7 0.26
9876 16 0.8
9878 5 0.16
9884 11 0.98
9900 4 0.72
9917 7 0.57
9951 22 0.64
9954 1 0.64
9960 14 0.29
9977 11 0.13
9992 8 0.85
9999 9 0.65
10003 3 0.21
10010 1 0.39
10016 28 0.9
10033 6 0.83
10041 26 0.12
10052 26 0.37
10090 17 0.31
10100 20 0.31
10113 25 0.62
10139 29 0.25
10144 26 0.77
10161 6 0.02
10176 15 0.14
10177 10 0.26
10195 3 0.31
10201 1 0.5
10208 28 0.83
10212 5 0.35
10237 7 0.78
10257 19 0.53
10268 14 0.3
10271 20 0.7
10286 14 0.38
10287 22 1.0
10293 6 0.76
10312 8 0.25
10313 23 0.07
10320 7 0.98
10323 26 0.19
10328 6 0.61
10333 26 0.52
10355 5 0.12
10360 20 0.83
10370 13 0.39
10391 8 0.5
10394 4 0.34
10397 8 0.62
10421 5 0.32
10431 1 0.59
10433 17 0.9
10446 19 0.12
10465 27 0.41
10468 29 0.37
10476 23 0.56
10489 25 0.69
10493 26 0.27
10499 25 0.26
10507 25 0.09
10522 13 0.57
10527 8 0.02
10544 28 0.66
10545 16 0.07
10546 9 0.83
10548 6 0.79
10574 21 0.67
10578 24 0.74
10589 21 0.1
10596 1 0.99
10602 22 0.38
10608 29 0.37
10622 21 0.38
10639 29 0.04
10642 20 0.39
10648 2 0.96
10654 13 0.93
10660 19 0.02
10662 5 0.35
10672 6 0.28
10683 18 0.65
10684 17 0.72
10697 4 0.29
10731 26 0.95
10741 17 0.24
10753 19 0.35
10785 1 0.64
10790 5 0.54
10806 22 0.73
10813 24 0.28
10828 19 0.49
10846 29 0.51
10863 2 0.26
10866 20 0.58
10868 4 0.84
10875 10 0.92
10881 17 0.68
10885 1 0.69
10894 18 0.88
10904 4 0.12
10905 24 1.0
10908 23 0.08
10930 0 0.08
10945 23 0.73
10964 7 0.17
10967 5 0.41
10975 11 0.47
10977 24 0.44
10980 2 0.44
10982 21 0.31
11015 15 0.81
11017 27 0.06
11028 11 0.91
11031 1 0.95
11033 26 0.08
11040 8 0.35
11052 13 0.51
11061 11 0.93
11076 28 0.5
11077 25 0.57
11080 5 0.57
11081 18 0.52
11083 15 0.16
11093 7 0.7
11111 9 0.2
11121 2 0.82
11140 10 0.8
11156 27 0.01
11170 11 0.79
11173 9 0.44
11174 9 0.61
11178 10 0.61
11184 24 0.01
11185 26 0.85
11193 17 0.37
11198 16 0.99
11200 6 0.14
11216 22 0.99
11218 18 0.55
11224 2 0.92
11247 3 0.0
11279 21 0.56
11283 5 0.67
11317 29 0.92
11339 21 0.5
11342 2 0.13
11346 15 0.64
11363 5 0.32
11376 4 0.65
11388 5 0.22
11389 4 0.57
11400 1 0.13
11402 2 0.57
11430 5 0.58
11434 16 0.58
11437 22 0.9
11450 16 0.04
11459 17 0.24
11466 27 0.16
11484 25 0.07
11485 27 0.7
11489 3 0.31
11508 20 0.98
11516 26 0.21
11517 12 0.6
11526 22 0.59
11532 3 0.28
11538 16 0.79
11552 4 0.08
11554 27 0.37
11593 2 0.63
11594 7 0.97
11606 23 0.65
11610 22 0.34
11620 19 0.74
11638 28 0.96
11683 19 0.22
11693 23 0.17
11710 22 0.93
11712 13 0.4
11713 6 0.6
11753 19 0.13
11761 19 0.21
11763 1 0.4
11772 0 0.92
11788 19 0.47
11806 29 0.98
11811 19 0.18
11813 27 0.8
11827 26 0.38
11835 14 0.09
11847 5 0.06
11849 6 0.46
11856 21 0.41
11864 24 0.45
11865 27 0.55
11942 4 0.91
11951 26 0.71
11953 13 0.57
11957 7 0.24
11962 21 0.23
11973 6 0.57
11987 23 0.36
11990 23 0.77
12001 18 0.14
12020 15 0.86
12024 11 0.75
12025 23 0.72
12026 12 0.45
12027 5 0.53
12037 24 0.12
12044 9 0.69
12062 28 0.89
12064 10 0.88
12098 26 0.38
12109 2 0.88
12111 21 0.77
12116 5 0.89
12131 6 0.91
12139 29 0.36
12143 9 0.76
12144 2 0.18
12152 22 0.67
12160 25 0.13
12162 6 0.35
12193 20 0.95
12198 13 0.55
12206 19 0.98
12266 11 0.93
12272 7 0.33
12284 29 0.11
12290 20 0.24
12300 5 0.19
12309 16 0.6
12314 4 0.73
12326 15 0.54
12327 23 0.88
12328 20 0.44
12335 0 0.74
12366 9 0.73
12403 24 0.26
12405 10 0.49
12410 1 0.96
12425 24 0.93
12438 14 0.29
12445 27 0.53
12446 23 0.67
12447 25 0.77
12456 16 0.04
12498 12 0.22
12521 12 0.38
12525 23 0.9
12536 8 0.33
12542 9 0.73
12546 14 0.24
12549 21 0.05
12558 1 0.59
12564 27 0.84
12567 1 0.43
12590 1 0.77
12594 29 0.83
12605 2 0.14
12609 15 0.2
12610 15 0.18
12625 15 0.14
12626 28 0.35
12638 4 0.54
12646 27 0.19
12648 13 0.62
12657 14 0.11
12677 1 0.4
12698 27 0.85
12699 25 0.16
12714 11 0.51
12716 27 0.84
12723 12 0.88
12732 3 0.61
12747 12 0.5
12750 13 0.51
12767 20 0.95
12779 10 0.84
12789 16 0.51
12804 23 0.22
12811 28 0.27
12813 26 0.72
12817 3 0.53
12823 9 0.34
12851 27 0.58
12857 14 0.33
12874 13 0.38
12885 13 0.88
12897 21 0.46
12899 24 0.61
12903 22 0.37
12927 2 0.12
12929 1 0.68
12931 13 0.83
12932 4 0.65
12938 0 0.92
12944 13 0.41
12963 0 0.39
12969 26 0.23
12996 13 0.77
12997 17 0.0
12998 20 0.05
13004 11 0.39
13020 0 0.47
13026 1 0.54
13034 9 0.03
13037 5 0.71
13041 10 0.07
13061 29 0.19
13075 26 0.0
13093 14 0.61
13095 13 0.3
13107 23 0.69
13121 26 0.32
13124 8 0.93
13165 24 0.37
13171 28 0.12
13176 14 0.88
13180 27 0.49
13223 8 0.35
13236 24 0.86
13242 21 0.72
13245 24 0.71
13248 23 0.49
13252 27 0.94
13254 28 0.38
13257 13 0.52
13261 29 0.36
13263 3 0.53
13274 27 0.11
13284 23 0.54
13286 6 0.78
13311 19 0.99
13321 7 0.89
13350 5 0.14
13357 21 0.53
13364 4 0.21
13377 17 0.97
13380 10 0.74
13390 3 0.64
13396 9 0.24
13405 4 0.45
13414 14 0.17
13429 21 0.44
13453 18 0.83
13464 28 0.88
13468 15 0.07
13471 17 0.17
13494 10 0.58
13498 14 0.02
13506 10 0.45
13507 5 0.39
13515 26 0.92
13523 25 0.77
13535 29 0.21
13538 7 0.86
13546 13 0.1
13548 23 0.02
13588 29 0.98
13589 25 0.2
13608 28 0.67
13620 25 0.96
13633 26 0.21
13639 14 0.7
13647 26 0.99
13673 28 0.21
13679 28 0.58
13695 17 0.51
13733 28 0.71
13752 15 0.86
13753 23 0.6
13754 1 0.71
13755 15 0.05
13767 15 0.1
13787 21 0.38
13794 19 0.84
13801 16 0.79
13802 1 0.44
13806 3 0.4
13809 4 0.7
13830 21 0.01
13851 26 0.33
13871 22 0.54
13881 12 0.7
13882 4 0.63
13891 2 0.27
13910 15 0.99
13932 15 0.35
13937 6 0.41
13941 12 0.04
13942 14 0.63
13946 18 0.61
13954 6 0.4
13961 18 0.78
13985 20 0.83
13994 1 0.45
14006 0 0.41
14010 25 0.87
14037 15 0.48
14041 23 0.82
14044 9 0.57
14057 2 0.58
14058 11 0.88
14078 16 0.74
14081 1 0.34
14082 4 0.96
14089 1 0.56
14108 19 0.26
14126 4 0.11
14131 6 0.99
14141 1 0.18
14143 6 0.22
14152 16 0.98
14156 28 0.52
14158 28 0.19
14163 18 0.19
14173 29 0.82
14174 12 0.42
14177 3 0.94
14179 10 0.51
14181 21 0.6
14195 25 0.99
14197 4 0.37
14201 16 0.19
14207 7 0.17
14210 24 0.88
14214 19 0.73
14219 24 0.24
14221 23 0.56
14227 21 0.08
14232 9 0.18
14235 9 0.46
14237 12 0.1
14255 11 0.43
14260 26 0.91
14268 20 0.45
14276 23 0.48
14285 17 0.3
14306 18 0.64
14314 5 0.32
14323 13 0.21
14326 22 0.86
14334 13 0.35
14389 29 0.03
14397 17 0.57
14400 18 0.78
14406 0 0.58
14407 1 0.81
14418 23 0.79
14426 13 0.62
14435 11 0.79
14451 1 0.13
14462 9 0.44
14463 3 0.25
14474 14 0.34
14480 4 0.54
14481 24 0.23
14487 22 0.14
14498 9 0.68
14502 6 0.29
14505 22 0.06
14524 17 0.8
14525 9 0.04
14526 29 0.91
14549 25 0.45
14550 21 0.74
14575 10 0.16
14583 7 0.73
14593 20 0.62
14599 1 0.35
14603 13 0.7
14609 7 0.45
14620 11 0.95
14627 0 0.49
14634 14 0.54
14636 15 0.43
14668 22 0.4
14682 27 0.42
14696 9 0.61
14701 20 0.55
14712 11 0.86
14738 22 0.44
14751 1 0.95
14754 0 0.97
14760 5 0.2
14763 26 0.47
14768 22 0.13
14775 23 0.41
14808 3 0.18
14818 8 0.49
14853 20 0.93
14857 17 0.92
14862 1 0.45
14865 19 0.7
14867 15 0.48
14871 17 0.39
14875 8 0.42
14879 15 0.91
14885 4 0.81
14909 22 0.66
14915 19 0.86
14917 27 0.5
14923 29 0.58
14934 13 0.65
14950 22 0.99
14959 10 0.43
14962 10 0.22
14976 20 0.83
14977 26 0.35
14982 11 0.56
14983 15 0.51
14994 17 0.67
15007 11 0.64
15015 22 0.39
15020 9 0.65
15025 10 0.97
15032 12 0.93
15034 20 0.15
15063 7 0.26
15067 2 0.1
15092 21 0.92
15094 11 0.26
15119 7 0.96
15120 9 0.8
15144 7 0.24
15150 6 0.16
15183 8 0.14
15189 3 0.65
15197 25 0.52
15205 5 0.24
15208 9 0.44
15209 29 0.66
15215 17 0.65
15218 6 0.29
15231 23 0.32
15252 26 0.56
15279 4 0.67
15286 14 0.47
15292 13 0.65
15314 28 0.68
15316 12 0.72
15324 26 0.12
15330 0 0.89
15333 29 0.11
15338 28 0.19
15344 22 0.15
15345 12 0.74
15354 29 0.03
15355 25 0.83
15377 23 0.38
15381 15 0.31
15394 10 0.59
15406 12 0.54
15426 22 0.59
15434 17 0.42
15439 2 0.11
15441 12 0.88
15443 19 0.36
15515 13 0.62
15516 17 0.57
15519 16 0.13
15533 27 0.61
15540 19 0.06
15546 7 0.46
15556 5 0.04
15561 7 0.12
15574 4 0.48
15578 7 0.22
15579 23 0.99
15580 25 0.7
15584 17 0.48
15588 0 0.97
15589 29 0.15
15591 4 0.43
15596 16 0.89
15603 14 0.31
15604 18 0.21
15605 18 0.72
15606 29 0.99
15623 20 0.33
15626 22 0.74
15647 20 0.14
15661 12 0.16
15668 16 0.79
15681 28 0.39
15688 24 0.43
15704 23 0.54
15707 7 0.11
15709 11 0.96
15714 6 0.72
15718 29 1.0
15745 3 0.51
15760 10 0.2
15761 8 0.3
15762 22 0.24
15763 8 0.98
15764 9 0.22
15769 19 0.86
15771 12 0.49
15805 23 0.78
15812 17 0.37
15824 16 0.48
15827 5 0.88
15830 6 0.46
15831 1 0.64
15841 14 0.88
15858 29 0.18
15875 2 0.35
15886 17 0.09
15897 25 0.91
15903 1 0.69
15907 17 0.11
15908 13 0.56
15920 0 0.21
15931 28 0.48
15933 26 0.61
15941 22 0.63
15945 0 0.84
15950 12 0.66
15959 17 0.75
15961 3 0.94
15962 13 0.27
15973 5 0.63
16016 8 0.17
16018 9 0.03
16041 9 0.13
16046 18 0.75
16052 21 0.73
16062 20 0.12
16077 23 0.25
16081 13 0.78
16088 25 0.73
16096 8 0.91
16097 26 0.86
16119 5 0.38
16133 21 0.16
16135 28 0.78
16165 4 0.82
16178 24 0.9
16187 2 0.13
16196 7 0.4
16198 6 0.06
16229 24 0.55
16240 10 0.15
16248 12 0.27
16249 26 0.7
16261 0 0.7
16277 10 0.82
16282 27 0.41
16292 12 0.6
16328 11 0.04
16329 3 0.6
16333 3 0.83
16339 2 0.03
16353 28 0.97
16361 26 0.09
16375 3 0.97
16379 1 0.88
16387 19 0.89
16395 4 0.29
16408 12 0.56
16413 3 0.88
16419 0 0.36
16422 29 0.81
16426 4 0.29
16434 17 0.01
16458 12 0.11
16464 5 0.93
16468 26 0.55
16488 27 0.3
16495 2 0.98
16498 12 0.38
16510 2 0.18
16518 8 0.75
16519 2 0.06
16538 29 0.12
16539 19 0.58
16541 11 0.58
16565 12 0.55
16585 2 0.03
16588 3 0.35
16592 0 0.96
16594 5 0.71
16607 21 0.21
16610 20 0.13
16619 4 0.38
16624 18 0.01
16635 13 0.93
16636 27 0.48
16638 17 0.39
16652 28 0.16
16654 8 0.38
16663 23 0.08
16679 8 0.29
16680 9 0.97
16685 8 0.82
16686 25 0.4
16690 19 0.98
16698 16 0.17
16699 11 0.36
16704 27 0.49
16717 10 0.31
16753 14 0.0
16769 27 0.15
16775 22 0.86
16780 6 0.16
16781 18 0.15
16785 25 0.56
16790 20 0.57
16796 21 0.47
16807 26 0.38
16843 28 0.31
16849 23 0.92
16863 23 0.65
16881 26 0.48
16899 12 0.62
16931 8 0.92
16933 28 0.97
16951 13 0.44
16967 24 0.09
16974 27 0.24
16995 11 0.49
17018 21 0.18
17026 29 0.33
17029 23 0.72
17040 24 0.91
17043 16 0.29
17052 23 0.52
17053 3 0.99
17055 11 0.3
17063 2 0.98
17070 7 0.03
17087 10 0.25
17088 7 0.1
17108 19 0.98
17109 4 0.7
17143 20 0.96
17144 29 0.93
17159 4 0.41
17175 3 0.21
17176 6 0.75
17203 13 0.25
17205 26 0.95
17208 25 0.44
17209 20 0.35
17215 7 0.76
17219 11 0.71
17223 6 0.38
17228 3 0.63
17236 2 0.33
17238 14 0.27
17242 4 0.16
17246 19 0.78
17252 5 0.72
17253 24 0.68
17258 29 0.62
17259 25 0.69
17265 14 0.34
17273 22 0.31
17292 13 0.65
17299 7 0.09
17307 17 0.7
17319 9 0.98
17330 0 0.38
17336 9 0.9
17346 28 0.29
17359 20 0.01
17364 13 0.57
17376 0 0.32
17390 21 0.67
17412 8 0.3
17441 16 0.23
17457 11 0.61
17458 15 0.48
17460 29 0.87
17468 2 0.43
17483 6 0.5
17485 19 0.53
17486 16 0.67
17498 2 0.69
17507 7 0.09
17508 8 0.43
17509 24 0.08
17525 11 0.46
17537 4 0.48
17540 3 0.25
17547 12 1.0
17548 21 0.9
17555 12 0.14
17568 1 0.51
17569 24 0.67
17576 11 0.5
17590 6 0.61
17592 29 0.46
17595 0 0.18
17599 29 0.2
17614 28 0.11
17616 14 0.05
17623 12 0.19
17629 22 0.91
17643 23 0.38
17652 16 0.7
17662 15 0.67
17663 22 0.29
17697 14 0.38
17703 19 0.48
17704 5 0.15
17722 13 0.55
17727 8 0.09
17729 3 0.06
17730 16 0.27
17750 27 0.83
17754 12 0.91
17755 6 0.95
17770 4 0.41
17774 17 0.12
17776 21 0.73
17783 14 0.1
17800 12 0.72
17810 5 0.79
17819 0 0.33
17834 9 0.6
17854 14 0.25
17856 14 0.68
17866 16 0.79
17869 15 0.45
17877 15 0.92
17914 26 0.3
17915 20 0.85
17926 24 0.67
17928 2 0.99
17938 29 0.42
17943 11 0.83
17944 23 0.01
17947 0 0.73
17949 25 0.39
17970 9 0.23
17971 28 0.44
17974 18 0.97
17986 22 0.59
17990 11 0.34
17993 2 0.32
17994 28 0.22
18009 22 0.57
18022 20 0.84
18024 10 0.56
18035 10 0.26
18038 22 0.14
18040 28 0.18
18051 11 0.99
18057 7 0.15
18069 22 0.69
18070 16 0.38
18075 13 0.79
18080 9 0.56
18093 12 0.26
18108 11 0.41
18110 20 0.06
18122 17 0.02
18136 2 0.59
18141 12 0.84
18142 1 0.61
18148 24 0.35
18151 0 0.08
18155 24 0.69
18159 4 0.35
18168 28 0.26
18171 8 0.11
18172 21 0.75
18173 13 0.49
18181 2 0.37
18184 14 0.77
18198 2 0.22
18202 0 0.37
18210 1 0.92
18214 6 0.8
18216 0 0.89
18217 24 0.02
18234 21 0.64
18258 11 0.82
18260 11 0.37
18295 24 0.2
18303 11 0.51
18308 19 0.04
18309 28 0.54
18327 24 0.24
18332 14 0.31
18334 25 0.83
18353 20 0.31
18357 13 0.28
18370 10 0.05
18372 22 0.99
18411 1 0.26
18430 21 0.61
18435 3 0.43
18437 15 0.04
18441 16 0.94
18458 9 0.92
18459 22 0.09
18473 15 0.89
18477 18 0.79
18499 28 0.97
18512 2 0.9
18513 0 0.92
18544 28 0.65
18555 10 0.25
18573 5 0.34
18578 16 0.87
18579 0 0.91
18583 1 0.68
18584 11 0.23
18585 12 0.91
18595 27 0.66
18637 24 0.57
18644 16 0.56
18645 12 0.15
18664 15 0.99
18670 6 0.79
18697 24 0.92
18711 9 0.81
18714 12 0.46
18734 2 0.65
18743 15 0.57
18758 5 0.86
18768 6 0.94
18769 15 0.28
18804 5 0.92
18813 15 0.19
18816 11 0.31
18825 24 0.59
18842 20 0.71
18847 25 0.35
18864 15 0.33
18865 15 0.22
18887 23 0.82
18942 10 0.37
18971 21 0.24
19028 19 0.52
19033 2 0.92
19062 25 0.55
19067 2 0.34
19069 20 0.7
19093 17 0.02
19104 19 0.51
19108 8 0.1
19110 19 0.2
19118 15 0.42
19126 3 0.32
19133 7 0.46
19138 21 0.35
19141 11 0.14
19183 5 0.52
19187 12 0.86
19199 23 0.45
19200 14 0.69
19219 3 0.03
19233 13 0.75
19235 29 0.74
19237 24 0.74
19244 15 0.5
19251 10 0.71
19252 17 0.01
19254 29 0.35
19268 15 0.59
19280 21 0.95
19290 10 0.49
19296 12 0.62
19297 19 0.72
19299 20 0.92
19303 14 0.93
19309 4 0.29
19310 10 0.37
19312 5 0.51
19317 26 0.86
19318 13 0.51
19326 14 0.67
19334 22 0.89
19343 16 0.05
19348 7 0.32
19356 16 0.41
19358 19 0.12
19359 25 0.93
19361 18 0.8
19362 28 0.23
19365 12 0.91
19382 19 0.55
19386 10 0.07
19402 14 0.62
19424 22 0.09
19430 9 0.42
19437 0 0.59
19438 0 0.03
19448 1 0.97
19476 8 0.23
19478 13 0.92
19480 15 0.14
19518 18 0.77
19526 28 0.32
19544 27 0.42
19548 15 0.78
19550 24 0.0
19562 9 0.68
19563 18 0.18
19580 22 0.36
19584 6 0.58
19585 0 0.85
19595 19 0.93
19597 15 0.45
19600 21 0.5
19603 19 0.82
19608 8 0.06
19629 17 0.69
19641 23 0.09
19662 4 0.75
19668 1 1.0
19676 7 0.96
19677 1 0.16
19689 10 0.51
19691 6 0.87
19692 0 0.74
19703 7 0.71
19708 24 0.27
19709 1 0.27
19717 16 0.68
19719 26 0.62
19726 11 0.71
19727 23 0.69
19746 5 0.92
19756 2 0.25
19783 17 0.92
19784 3 0.53
19791 15 0.78
19793 17 0.97
19801 2 0.76
19808 5 0.65
19813 16 0.31
19829 26 0.39
19833 7 0.42
19834 28 0.08
19837 21 0.27
19857 6 0.08
19863 1 0.35
19867 16 0.09
19875 14 0.55
19878 15 0.76
19882 3 0.84
19904 0 1.0
19917 5 0.2
19922 23 0.98
19925 1 0.47
19926 17 0.26
19946 21 0.23
19948 12 0.73
19953 26 0.23
19966 19 0.44
19972 23 0.11
19973 21 0.84
19982 14 0.67
19989 11 0.72
19990 25 0.85
19996 27 0.47
19997 16 0.27
20001 18 0.3
20005 9 0.71
20006 8 0.31
20013 15 0.37
20022 4 0.43
20025 1 0.26
20044 10 0.25
20055 7 0.15
20068 23 0.05
20070 21 0.21
20116 18 0.39
20117 2 0.63
20119 21 0.04
20127 1 0.79
20140 11 0.5
20147 24 0.34
20171 23 0.21
20180 26 0.21
20188 28 0.45
20204 28 0.08
20214 19 0.25
20218 8 0.6
20220 14 0.23
20245 9 0.33
20250 9 0.56
20257 5 0.79
20271 25 0.24
20275 24 0.44
20297 26 0.56
20303 12 0.46
20305 3 0.55
20308 2 0.11
20315 12 0.59
20320 21 0.32
20326 29 0.92
20327 1 0.48
20329 16 0.65
20334 9 0.41
20345 4 0.66
20346 15 0.47
20349 24 0.24
20361 18 0.51
20375 13 0.27
20394 17 0.03
20401 26 0.86
20406 1 0.06
20422 9 0.04
20426 5 0.7
20427 11 0.55
20440 16 0.18
20454 29 0.33
20462 26 0.52
20466 3 0.08
20470 15 0.54
20522 2 0.64
20537 6 0.48
20540 18 0.14
20550 23 0.49
20556 3 0.34
20571 1 0.4
20573 3 0.36
20591 12 0.47
20603 6 0.16
20607 15 0.12
20613 26 0.33
20633 8 0.23
20641 20 0.55
20648 18 0.73
20649 6 0.36
20653 13 0.19
20654 25 0.94
20662 7 0.16
20683 10 0.24
20698 12 0.01
20705 15 0.96
20760 11 0.89
20798 26 0.59
20801 28 0.33
20812 7 0.06
20813 25 0.39
20829 9 0.15
20832 23 0.38
20839 12 0.36
20857 9 0.43
20864 6 0.86
20870 21 0.09
20874 24 0.65
20904 23 0.03
20907 22 0.8
20913 14 0.79
20921 24 0.23
20923 2 0.35
20929 17 0.45
20932 28 0.68
20938 24 0.99
20945 15 0.39
20959 11 0.84
20970 7 0.11
20986 9 0.82
20993 24 0.9
20996 12 0.38
21003 6 0.79
21012 16 0.25
21014 8 0.57
21015 27 0.25
21016 19 0.17
21019 12 0.65
21020 22 0.67
21028 14 0.36
21030 16 0.84
21056 10 0.75
21073 15 0.51
21096 15 0.65
21116 21 0.98
21117 21 0.95
21120 28 0.59
21129 7 0.46
21140 21 0.56
21147 24 0.43
21150 5 0.08
21153 12 0.92
21156 17 0.07
21161 0 0.82
21163 23 0.94
21164 19 0.6
21180 18 0.9
21190 16 0.78
21191 15 0.1
21213 5 0.28
21221 3 0.2
21238 8 0.14
21241 22 0.4
21248 19 0.52
21273 5 0.47
21291 0 0.84
21306 23 0.23
21314 4 0.6
21329 8 1.0
21332 16 0.33
21339 11 0.54
21340 4 0.03
21344 12 0.43
21350 5 0.08
21361 15 0.98
21374 26 0.69
21376 13 0.73
21391 25 0.23
21399 11 0.82
21402 25 0.37
21408 12 0.6
21417 18 0.12
21420 0 0.08
21447 27 0.71
21463 4 0.73
21468 27 0.35
21499 6 0.07
21504 29 0.09
21506 1 0.46
21549 19 0.44
21555 9 0.68
21561 17 0.38
21581 20 0.01
21583 22 0.34
21586 0 0.5
21593 29 0.19
21595 16 0.3
21598 19 0.71
21603 25 0.53
21621 1 0.18
21627 24 0.88
21655 25 0.53
21660 21 0.02
21681 7 0.79
21690 8 0.33
21692 28 0.08
21694 22 0.46
21701 14 0.49
21703 21 0.99
21719 3 0.41
21740 5 0.24
21745 20 0.49
21754 0 0.43
21757 19 0.12
21790 6 0.08
21792 18 0.98
21811 3 0.88
21820 17 0.84
21821 26 0.96
21826 2 0.65
21849 8 0.84
21871 5 0.26
21882 18 0.5
21904 29 0.81
21912 28 0.6
21913 8 0.09
21923 28 0.74
21934 6 0.64
21949 1 0.4
21960 23 0.93
21991 13 0.18
22020 17 0.16
22023 13 0.97
22026 29 0.11
22032 5 0.06
22041 21 0.09
22065 21 0.76
22086 22 0.11
22097 26 0.43
22106 5 0.01
22109 10 0.55
22111 25 0.81
22137 8 0.79
22140 25 0.79
22145 16 0.23
22146 17 0.36
22176 24 0.68
22203 10 0.3
22210 7 0.54
22215 12 0.69
22216 2 0.17
22226 1 0.28
22229 1 0.59
22235 24 0.44
22260 15 0.89
22269 9 0.3
22279 21 0.18
22283 3 0.64
22313 29 0.43
22324 21 0.83
22327 12 0.77
22328 21 0.29
22331 12 0.46
22332 24 0.62
22343 2 0.46
22347 13 0.82
22349 21 0.23
22351 24 0.77
22368 22 0.55
22374 17 0.22
22379 14 0.6
22399 12 0.74
22409 9 0.27
22416 3 0.03
22423 23 0.5
22448 1 0.02
22461 18 0.4
22464 4 0.32
22472 6 0.0
22508 23 0.82
22532 13 0.2
22539 7 0.79
22569 1 0.03
22586 18 0.58
22592 14 0.12
22606 4 0.0
22608 7 0.43
22619 1 0.93
22621 21 0.17
22635 25 0.54
22639 10 0.18
22643 14 0.24
22661 22 0.94
22664 16 0.29
22665 23 0.25
22691 12 0.37
22735 3 0.3
22744 7 0.38
22757 10 0.77
22759 3 0.48
22761 27 0.85
22762 25 0.82
22766 4 0.08
22780 28 0.04
22785 23 0.84
22795 3 0.48
22797 11 0.69
22823 6 0.91
22831 9 1.0
22841 5 0.16
22853 5 0.57
22858 0 0.94
22863 8 0.62
22866 17 0.45
22872 23 0.74
22874 28 0.32
22879 13 0.08
22900 14 0.74
22918 22 0.32
22923 15 0.19
22928 24 0.92
22929 15 0.73
22934 14 0.54
22936 19 0.08
22947 5 0.44
22949 8 0.51
22971 6 0.61
22976 14 0.47
22979 16 0.58
22990 9 0.27
23008 27 0.59
23011 4 0.05
23035 22 0.86
23038 8 0.76
23041 19 1.0
23064 16 0.66
23065 5 0.19
23075 2 0.3
23092 5 0.31
23123 29 0.57
23145 19 0.55
23157 23 0.83
23163 29 0.82
23169 25 0.83
23170 26 0.82
23182 18 0.29
23183 12 0.78
23187 27 0.12
23199 17 0.11
23221 14 0.15
23231 7 0.25
23235 25 0.77
23241 17 0.76
23249 18 0.3
23276 29 0.89
23278 18 0.33
23282 11 0.86
23283 6 0.0
23298 29 0.13
23302 5 0.22
23313 12 0.54
23315 26 0.45
23316 21 0.84
23318 24 0.56
23343 16 0.4
23357 5 0.48
23364 25 0.5
23386 0 0.65
23419 6 0.27
23421 6 0.46
23431 13 0.97
23439 15 0.51
23456 27 0.29
23467 7 0.27
23482 29 0.32
23485 22 0.73
23508 25 0.98
23553 5 0.44
23560 10 0.49
23563 1 0.19
23564 22 0.28
23588 21 0.76
23594 4 0.3
23607 26 0.49
23628 9 0.85
23631 17 0.31
23644 10 0.71
23653 28 0.48
23654 10 0.61
23658 14 0.11
23679 16 0.3
23685 21 0.0
23687 1 0.39
23689 5 0.44
23695 14 0.72
23699 12 0.45
23704 18 0.68
23728 8 0.76
23746 6 0.7
23773 17 0.48
23795 15 0.18
23804 0 0.26
23811 4 0.41
23817 27 0.45
23821 4 0.0
23830 20 0.74
23837 19 0.35
23838 19 0.56
23842 21 0.66
23847 29 0.5
23850 19 0.19
23854 13 0.59
23857 8 0.43
23861 2 0.88
23871 4 0.56
23895 13 0.29
23900 23 0.23
23901 2 0.2
23941 17 0.76
23942 13 0.75
23956 26 0.53
23957 28 0.08
23958 1 0.22
23973 11 0.87
23999 0 0.93
24008 2 0.68
24038 8 0.2
24077 9 0.8
24079 26 1.0
24083 22 0.86
24098 15 0.02
24105 19 0.09
24108 6 0.95
24129 23 1.0
24137 20 0.87
24144 12 0.06
24158 17 0.24
24166 8 0.78
24167 13 0.8
24182 26 0.45
24185 17 0.37
24187 5 0.61
24199 29 0.68
24209 12 0.93
24212 7 0.14
24216 10 0.65
24226 13 0.17
24242 8 0.88
24258 6 0.05
24263 29 0.53
24265 16 0.07
24282 17 0.37
24289 23 0.0
24299 11 0.15
24305 3 0.43
24307 25 0.43
24309 24 0.74
24330 0 0.46
24334 11 0.11
24343 3 0.17
24344 23 0.94
24351 4 0.07
24355 25 0.35
24390 11 0.3
24408 8 0.34
24409 13 0.08
24418 18 0.64
24431 25 0.75
24458 14 0.95
24465 9 0.06
24466 1 0.5
24494 21 0.71
24510 7 0.81
24522 17 0.76
24532 6 0.82
24539 20 0.12
24550 29 0.6
24585 19 0.83
24588 7 0.3
24599 16 0.64
24601 9 0.28
24616 14 0.8
24624 4 0.41
24627 18 0.17
24634 17 0.67
24660 6 0.8
24662 14 0.02
24663 10 0.82
24664 9 0.18
24665 9 0.37
24676 1 0.24
24682 6 0.43
24684 13 0.05
24705 29 0.76
24707 14 0.66
24720 29 0.27
24726 12 0.34
24729 29 0.14
24738 4 0.17
24746 20 0.27
24756 1 0.06
24763 16 0.71
24767 9 0.74
24769 2 0.01
24770 27 0.15
24772 13 0.02
24779 13 0.72
24780 23 0.97
24794 25 0.3
24799 0 0.38
24801 7 0.36
24811 8 0.15
24827 0 0.46
24830 19 0.43
24838 20 0.92
24860 12 0.69
24864 13 0.85
24865 8 0.17
24873 16 0.74
24876 18 0.94
24883 29 0.54
24886 5 0.13
24898 27 0.01
24922 26 0.98
24943 6 0.62
24959 25 0.37
24960 2 0.66
24964 11 0.51
24967 3 0.79
24983 8 0.92
24988 13 0.96
