10 5 0.14
11 22 0.35
16 29 0.98
21 19 0.82
24 17 0.05
26 8 0.8
27 19 0.08
29 7 0.78
34 8 0.54
40 15 0.86
43 21 0.54
45 6 0.0
53 8 0.16
55 13 0.42
56 2 0.24
57 15 0.29
61 12 0.58
67 20 0.8
68 3 0.63
73 24 0.16
76 9 0.73
78 27 0.23
80 16 0.5
84 18 0.34
90 23 0.49
91 13 0.8
96 13 0.72
99 4 0.04
103 16 0.19
108 28 0.26
112 14 0.07
124 3 0.72
125 20 0.22
127 20 0.65
129 16 0.23
130 14 0.87
132 12 0.05
136 0 0.01
137 13 0.29
141 0 0.36
145 11 0.76
156 10 0.95
157 16 0.1
158 26 0.25
162 24 0.91
170 23 0.06
174 5 0.61
180 3 0.08
184 7 0.9
187 0 0.1
193 27 0.25
194 22 0.13
201 20 0.77
207 8 0.27
209 26 0.43
213 16 0.87
214 27 0.78
218 4 0.1
219 24 0.95
224 4 0.21
225 0 0.32
226 15 0.83
228 6 0.46
229 27 0.45
236 27 0.57
240 5 0.35
243 13 0.21
244 29 0.53
246 25 0.09
247 13 0.57
253 3 0.7
255 19 0.09
256 4 0.62
258 18 0.65
259 18 0.3
262 20 0.66
263 22 0.56
264 11 0.98
265 26 0.15
266 26 0.91
274 2 0.97
288 5 0.07
291 19 0.1
294 16 0.17
295 8 0.26
299 23 0.69
307 28 0.71
318 11 0.35
320 27 0.59
324 4 0.12
330 22 0.73
331 9 0.62
333 3 0.39
334 20 0.44
340 23 0.56
346 8 0.27
359 5 0.82
364 15 0.75
368 0 0.76
373 5 0.63
376 28 0.37
384 27 0.88
387 28 0.94
388 23 0.23
401 1 0.45
405 16 0.13
417 2 0.61
419 3 0.96
422 18 0.46
428 16 0.32
431 26 0.06
432 25 0.52
435 20 0.57
436 12 0.2
437 12 0.7
438 0 0.39
439 2 0.47
441 7 0.7
442 19 0.03
444 1 0.95
451 22 0.26
459 4 0.18
464 0 0.4
469 12 0.84
472 12 0.28
478 18 0.24
480 14 0.16
483 18 0.01
487 27 0.96
491 26 0.38
497 1 0.31
500 20 0.12
502 26 0.45
503 14 0.92
508 27 0.83
511 12 0.47
512 23 0.81
513 11 0.64
515 0 0.59
521 27 0.41
522 2 0.06
523 27 0.3
525 17 0.28
527 14 0.85
528 1 0.24
531 5 0.77
533 3 0.62
534 13 0.86
536 4 0.65
537 11 0.69
539 10 0.3
549 2 0.87
550 26 0.7
551 18 0.2
556 20 0.24
559 24 0.81
563 4 0.2
569 1 0.75
570 1 0.43
572 19 0.43
576 14 0.81
578 20 0.38
579 13 0.39
586 2 0.43
601 18 0.32
610 6 0.83
612 19 0.05
616 12 0.4
621 17 0.08
623 6 0.4
632 11 0.08
634 23 0.66
647 6 0.32
658 5 0.1
661 2 0.18
663 0 0.15
664 11 0.44
671 13 0.98
674 0 0.27
680 17 0.57
684 11 0.21
687 0 0.08
695 5 0.04
699 3 0.02
700 9 0.51
704 0 0.36
710 27 0.56
716 24 0.31
721 8 0.49
728 3 0.59
729 19 0.2
734 28 0.1
735 1 0.43
736 25 0.63
740 10 0.49
741 15 0.81
744 16 0.54
745 22 0.01
746 15 0.94
748 20 0.79
750 2 0.24
751 28 0.6
755 16 0.36
759 4 0.22
760 3 0.41
761 1 0.17
766 17 0.8
780 22 0.37
781 3 0.11
782 23 0.11
791 20 0.32
793 25 0.45
796 1 0.24
797 2 0.53
799 8 0.01
801 18 0.52
805 1 0.25
808 24 0.62
811 10 0.89
813 17 0.96
814 5 0.79
818 7 0.18
820 16 0.12
822 6 0.98
828 14 0.56
829 1 0.0
834 17 0.55
841 1 0.79
846 21 0.29
852 29 0.84
853 18 0.43
855 26 0.86
860 18 0.27
872 17 0.44
874 13 0.63
882 6 0.97
883 10 0.88
884 8 0.55
886 11 0.28
888 13 0.88
889 13 0.29
899 5 0.14
901 15 0.62
907 19 0.45
916 1 0.45
917 9 0.8
918 3 0.3
923 5 0.65
934 15 0.35
941 2 0.81
943 18 0.43
952 5 0.72
961 29 0.59
964 15 0.12
973 25 0.51
974 5 0.57
976 17 0.77
977 28 0.48
980 28 0.16
988 3 0.85
995 3 0.63
1003 18 0.4
1005 6 0.1
1007 21 0.44
1014 25 0.72
1015 10 0.75
1019 29 0.26
1020 12 0.07
1023 7 0.97
1031 14 0.21
1032 27 0.4
1033 20 0.88
1036 1 0.03
1039 23 0.77
1046 17 0.24
1055 19 0.2
1057 2 0.11
1060 16 0.14
1064 25 0.64
1067 6 0.45
1069 4 0.09
1070 17 0.61
1075 5 0.78
1077 16 0.81
1079 21 0.46
1085 20 0.46
1086 21 0.68
1091 4 0.23
1092 19 0.81
1099 14 0.32
1109 14 0.44
1114 14 0.57
1116 25 0.61
1117 9 0.74
1119 17 0.37
1126 4 0.61
1127 12 0.56
1129 26 0.59
1144 13 0.53
1148 18 0.82
1149 21 0.89
1151 3 0.48
1152 13 0.35
1156 9 0.59
1164 23 0.76
1167 22 0.75
1170 26 0.38
1176 2 0.96
1180 4 0.16
1181 25 0.16
1190 18 0.54
1192 0 0.51
1195 7 0.7
1200 28 0.55
1208 10 0.11
1209 6 0.1
1210 24 0.86
1216 27 0.96
1241 17 0.33
1242 28 0.74
1244 15 0.35
1245 5 0.07
1248 29 0.11
1249 8 0.02
1250 8 0.31
1252 19 0.97
1259 6 0.79
1261 28 0.17
1264 24 0.62
1272 27 0.24
1276 4 0.66
1284 10 0.69
1291 26 0.89
1300 20 0.89
1309 23 0.43
1316 21 0.13
1317 1 0.61
1318 27 0.43
1333 22 0.23
1338 8 0.96
1339 11 0.59
1340 5 0.46
1341 23 0.9
1342 5 0.01
1353 22 0.45
1362 0 0.37
1365 17 0.59
1370 26 0.65
1373 9 0.21
1377 6 0.55
1380 17 0.02
1381 22 0.04
1385 24 0.1
1387 6 0.72
1388 25 0.7
1392 14 0.48
1395 7 0.8
1396 6 0.07
1403 3 0.91
1413 21 0.79
1418 0 0.72
1419 23 0.23
1424 29 0.88
1425 4 0.85
1427 24 0.68
1428 13 0.12
1430 27 0.5
1432 15 0.93
1436 7 0.78
1437 6 0.89
1444 26 0.1
1450 11 0.9
1454 28 0.07
1459 15 0.33
1461 23 0.37
1465 18 0.11
1466 4 0.7
1472 19 0.41
1483 19 0.43
1489 9 0.26
1491 26 0.64
1492 26 0.48
1502 26 0.8
1510 28 0.3
1520 17 0.79
1524 25 0.25
1529 11 0.49
1535 27 0.34
1539 27 0.07
1549 23 0.48
1551 28 0.08
1555 1 0.09
1557 16 0.96
1561 22 0.69
1563 17 0.46
1567 11 0.34
1572 28 0.82
1576 0 0.51
1578 1 0.44
1581 5 0.01
1582 20 0.85
1584 15 0.58
1585 10 0.21
1590 6 0.41
1593 12 0.59
1599 1 0.87
1603 16 0.47
1605 6 0.02
1607 29 0.68
1610 9 0.41
1614 3 0.21
1620 1 0.65
1621 4 0.33
1623 20 0.13
1629 15 0.07
1631 4 0.48
1637 10 0.5
1638 20 0.39
1640 13 0.21
1641 20 0.13
1643 10 0.28
1644 3 0.59
1654 7 0.79
1661 28 0.1
1668 2 0.22
1671 19 0.56
1672 23 0.77
1675 23 0.16
1676 1 0.95
1677 15 0.25
1678 0 0.31
1680 10 0.6
1681 23 0.02
1683 14 0.98
1688 12 0.92
1690 6 0.45
1699 25 0.66
1701 4 0.71
1706 29 0.47
1708 4 0.53
1715 9 0.61
1717 17 0.07
1718 27 0.05
1720 21 0.49
1722 10 0.04
1725 26 0.41
1726 4 0.67
1727 2 0.02
1730 23 0.8
1731 16 0.94
1734 1 0.95
1738 15 0.06
1745 23 0.32
1748 6 0.74
1749 20 0.15
1751 14 0.29
1760 7 0.15
1761 3 0.25
1763 0 0.2
1764 12 0.89
1768 16 0.99
1771 6 0.21
1775 24 0.77
1776 9 0.98
1784 23 0.33
1785 11 0.19
1789 16 0.51
1792 5 0.27
1794 12 0.16
1796 24 0.36
1804 2 0.64
1808 26 0.71
1810 20 0.28
1816 29 0.81
1818 24 0.12
1822 3 0.62
1823 7 0.28
1825 21 0.57
1829 2 0.78
1834 8 0.2
1836 25 0.77
1845 1 0.61
1848 18 0.14
1849 4 0.1
1851 17 0.97
1852 20 0.84
1854 29 0.93
1856 2 0.41
1858 16 0.0
1869 7 0.44
1875 11 0.63
1877 25 0.14
1881 21 0.86
1883 8 0.88
1887 7 0.08
1889 23 0.45
1892 11 0.72
1899 15 0.85
1906 1 0.37
1914 18 0.51
1916 27 0.67
1918 1 0.58
1922 15 0.34
1924 15 0.71
1925 23 0.6
1929 29 0.34
1935 23 0.62
1941 13 0.61
1952 23 0.69
1955 27 0.89
1957 23 0.18
1962 24 0.69
1964 24 0.16
1966 27 0.29
1967 21 0.07
1969 18 0.61
1971 6 0.33
1983 8 0.78
1988 24 0.86
1994 6 0.2
2000 2 0.87
2008 1 0.44
2011 13 0.36
2013 8 0.23
2014 4 0.96
2016 16 0.18
2023 8 0.14
2025 5 0.03
2029 2 0.18
2031 5 0.49
2038 0 0.57
2040 11 0.3
2049 24 0.65
2051 10 0.21
2053 24 0.63
2062 23 0.61
2070 6 0.47
2072 19 0.75
2081 10 0.34
2087 6 0.18
2090 2 0.1
2094 4 0.23
2100 16 0.92
2106 24 0.79
2109 13 0.78
2113 17 0.89
2114 5 0.44
2117 24 0.78
2119 11 0.45
2129 25 0.76
2130 19 0.69
2134 16 0.44
2136 7 0.81
2138 27 0.99
2139 3 0.48
2141 21 0.75
2142 27 0.07
2147 27 0.96
2148 2 0.72
2152 7 0.3
2155 17 0.65
2158 17 0.2
2161 9 0.29
2165 14 0.56
2171 19 0.38
2176 19 0.55
2178 23 0.52
2190 0 0.73
2192 25 0.76
2196 7 0.57
2197 25 0.77
2199 16 0.28
2202 27 0.51
2204 14 0.6
2207 2 0.82
2208 11 0.91
2214 8 0.8
2220 9 0.7
2223 19 0.52
2224 19 0.7
2225 9 0.63
2227 13 0.47
2228 24 0.58
2229 18 0.89
2231 6 0.71
2234 28 0.51
2236 16 0.28
2240 11 0.45
2242 5 0.62
2243 14 0.65
2244 0 0.32
2245 17 0.68
2248 10 0.14
2251 10 0.98
2252 26 0.3
2255 10 0.55
2261 17 0.09
2262 23 0.9
2264 13 0.48
2269 9 0.64
2273 15 0.33
2281 28 0.4
2288 10 0.16
2289 20 0.83
2295 20 0.05
2297 3 0.01
2299 8 0.67
2300 17 0.78
2302 15 0.64
2311 5 0.23
2315 8 0.98
2322 18 0.82
2326 28 0.92
2331 2 0.48
2334 18 0.41
2335 8 0.9
2336 14 0.29
2338 3 0.35
2339 11 0.24
2342 27 0.66
2347 5 0.92
2350 13 0.4
2352 4 0.11
2355 4 0.42
2358 9 0.06
2361 22 0.86
2362 22 0.55
2364 27 0.93
2365 4 0.63
2368 24 0.18
2370 24 0.46
2378 3 0.82
2379 21 0.6
2382 12 0.97
2386 7 0.44
2388 27 0.06
2390 8 0.47
2391 9 0.15
2394 25 0.01
2396 12 0.82
2398 21 0.85
2399 12 0.32
2405 13 0.47
2408 25 0.01
2411 12 0.22
2419 4 0.21
2420 16 0.8
2427 14 0.58
2428 16 0.28
2431 6 0.71
2433 19 0.29
2438 19 0.77
2439 22 0.66
2443 17 0.2
2448 10 0.63
2466 15 0.94
2472 19 0.31
2474 14 0.26
2476 25 0.94
2478 13 0.83
2482 6 0.68
2485 19 0.46
2489 25 0.43
2492 4 0.88
2494 16 0.75
