1 12 0.62
2 4 0.41
4 27 0.84
5 29 0.49
8 2 0.84
9 1 0.36
10 0 0.16
11 28 0.83
14 3 0.62
15 19 0.23
16 20 0.03
18 4 0.48
19 3 0.95
20 20 0.41
23 2 0.15
24 12 0.33
25 23 0.13
26 24 0.22
27 11 0.77
29 9 0.2
30 3 0.83
31 18 0.28
32 15 0.22
34 28 0.75
35 11 0.16
41 28 0.22
42 29 0.11
43 6 0.76
45 20 0.1
46 25 0.24
47 28 0.78
48 10 0.87
49 2 0.33
51 17 0.24
52 29 0.17
55 1 0.83
59 16 0.73
61 18 0.89
65 16 0.19
66 27 0.52
67 2 0.1
73 9 0.26
74 13 0.78
76 26 0.76
78 5 0.53
79 26 0.46
80 21 0.42
82 18 0.93
83 2 0.53
84 5 0.97
91 2 0.76
92 1 0.59
93 13 0.26
94 5 0.7
97 20 0.02
98 26 0.85
99 28 0.46
101 15 0.72
103 7 0.64
105 16 0.55
107 26 0.34
109 29 0.91
110 29 0.76
113 9 0.6
117 1 0.06
121 12 0.85
122 8 0.1
123 24 0.3
126 24 0.7
129 20 0.72
132 11 0.47
136 0 0.95
137 24 0.1
141 19 0.49
142 12 0.89
143 20 0.66
144 29 0.14
146 9 0.84
147 27 0.07
153 6 0.53
154 1 0.61
160 10 0.18
167 9 0.64
171 16 0.27
172 16 0.32
173 16 0.71
176 1 0.48
177 21 0.98
178 18 0.61
179 7 0.61
180 3 0.51
181 14 0.85
184 13 0.45
187 3 0.09
188 18 0.45
190 6 0.11
191 15 0.49
198 14 0.89
199 8 0.48
200 6 0.42
202 19 0.12
205 29 0.99
206 17 0.11
210 18 0.48
215 0 0.84
217 11 0.59
219 9 0.47
220 21 0.53
221 1 0.44
222 14 0.46
224 13 0.74
229 25 0.04
231 5 0.12
232 21 0.25
233 23 0.24
237 15 0.48
241 9 0.94
242 14 0.06
243 25 0.66
244 18 0.31
245 18 0.11
246 10 0.87
247 26 0.84
248 28 0.98
249 13 0.84
250 15 0.85
251 10 0.3
252 20 0.63
255 6 0.65
258 25 0.71
260 20 0.45
264 11 0.92
265 2 0.39
267 1 0.62
270 19 0.87
271 1 0.71
274 29 0.61
276 12 0.53
279 21 0.32
281 27 0.31
282 20 0.35
284 20 0.45
285 19 0.9
286 26 0.37
287 20 0.09
289 29 0.04
291 23 0.91
292 14 0.72
293 7 0.31
294 27 0.32
295 14 0.71
296 1 0.21
297 2 0.76
298 16 0.03
299 24 1.0
300 19 0.43
301 22 0.29
302 26 0.27
303 13 0.49
304 23 0.4
305 17 0.3
309 5 0.13
310 24 0.21
311 10 0.11
313 6 0.03
315 6 0.4
318 24 0.12
322 13 0.71
323 2 0.73
324 0 0.41
325 18 0.08
332 15 0.73
336 19 0.77
337 22 0.99
339 18 0.45
340 24 0.5
341 12 0.0
342 9 0.72
345 3 0.5
346 21 0.77
348 14 0.32
350 16 0.69
352 18 0.33
353 29 0.2
355 14 0.45
356 28 0.85
358 0 0.78
362 22 0.09
363 7 0.21
366 24 0.51
367 3 0.98
368 28 0.09
369 12 0.36
372 20 0.56
373 7 0.29
374 6 0.52
375 21 0.82
376 15 0.66
383 26 0.95
384 27 0.19
387 6 0.29
390 6 0.85
396 17 0.44
397 16 0.31
398 14 0.8
401 25 0.73
405 15 0.43
407 14 0.58
409 14 0.53
410 6 0.55
411 4 0.36
412 21 0.04
415 25 0.56
416 2 0.79
418 19 0.61
419 4 0.6
423 27 0.57
424 0 0.77
425 4 0.83
426 10 0.19
428 21 0.34
429 18 0.74
430 22 0.79
431 23 0.99
432 20 0.86
441 26 0.93
442 17 0.12
443 17 0.78
444 2 0.25
446 11 0.57
447 29 0.53
448 11 0.19
451 28 0.08
453 4 0.37
458 25 0.01
460 11 0.71
468 14 0.03
470 19 0.58
471 19 0.38
473 5 0.33
474 22 0.98
476 18 0.31
477 3 0.92
482 13 0.59
484 27 0.66
488 5 0.05
489 20 0.94
490 12 0.88
491 21 0.52
492 27 0.5
495 10 0.93
496 29 0.45
497 18 0.44
498 7 0.9
502 4 0.96
505 27 0.95
506 28 0.45
507 20 0.28
510 27 0.8
513 21 0.92
514 20 0.11
518 13 0.64
519 5 0.85
520 11 0.85
521 7 0.0
522 22 0.08
523 18 0.92
525 14 0.33
526 15 0.52
527 20 0.04
532 2 0.77
534 11 0.04
535 1 0.09
536 11 0.04
538 14 0.55
539 3 0.49
541 24 0.25
542 10 0.21
544 26 0.63
545 28 0.15
548 21 0.3
549 29 0.64
551 16 0.41
552 29 0.31
553 22 0.31
554 8 0.64
555 14 0.37
556 5 0.79
558 10 0.8
559 25 0.47
560 9 0.38
566 12 0.07
568 8 0.86
569 25 0.68
571 23 0.07
573 23 0.38
574 8 0.29
575 9 0.35
576 17 0.56
577 20 0.6
579 29 0.39
581 28 0.38
582 18 0.58
585 14 0.41
586 29 0.02
587 8 0.44
588 21 0.87
590 15 0.62
591 9 0.19
595 26 0.69
596 11 0.29
598 14 0.32
604 2 0.76
605 14 0.53
608 14 0.31
610 8 0.57
611 23 0.17
615 2 0.95
619 13 0.57
621 29 0.23
623 25 0.67
624 2 0.74
626 12 0.98
629 12 0.76
631 20 0.96
634 3 0.92
635 21 0.01
639 8 1.0
640 14 1.0
641 0 0.44
645 19 0.1
647 18 0.31
648 2 0.24
649 6 0.97
651 22 0.88
652 11 0.57
653 18 0.87
654 13 0.46
655 26 0.98
660 0 0.0
662 0 0.87
664 29 0.74
668 5 0.7
670 19 0.26
671 15 0.52
672 16 0.59
675 17 0.4
676 20 0.37
677 11 0.79
679 1 0.91
680 12 0.56
683 6 0.06
685 19 0.62
686 0 0.43
687 20 0.66
688 3 0.7
689 16 0.04
690 29 0.1
691 22 0.12
693 26 0.99
697 25 0.53
700 13 0.03
702 5 0.2
704 5 0.66
705 4 0.31
709 19 0.84
710 2 0.08
713 16 0.48
715 15 0.55
720 13 0.09
723 24 0.66
726 25 0.78
727 23 0.04
730 25 0.96
731 12 0.43
732 27 0.06
733 6 0.26
736 12 0.12
737 18 0.93
738 3 0.37
740 11 0.77
743 2 0.96
749 14 0.32
750 24 0.56
753 13 0.12
754 17 0.31
756 13 1.0
761 17 0.69
762 5 0.62
765 17 0.53
766 24 0.66
767 19 0.59
769 8 0.59
775 24 0.88
782 23 0.04
783 13 0.49
784 27 0.37
785 27 0.2
787 3 0.0
788 29 0.59
795 23 0.04
797 16 0.63
798 23 0.94
801 24 0.8
802 22 0.95
803 4 0.52
808 5 0.03
809 16 0.13
812 13 0.03
813 19 0.6
814 0 0.6
815 9 0.55
816 28 0.46
817 29 0.8
819 20 0.25
820 17 0.06
824 19 0.08
828 3 0.25
829 16 0.57
834 23 0.02
835 9 0.62
836 6 0.56
838 6 0.8
839 8 0.01
840 23 0.6
843 29 0.26
846 27 0.04
848 6 0.08
849 21 0.63
853 25 0.55
855 18 0.35
857 24 0.39
862 10 0.37
865 5 0.2
868 14 0.78
870 26 0.05
871 10 0.61
876 29 0.34
877 23 0.2
878 26 0.18
888 11 0.79
892 5 0.12
895 25 0.59
897 15 0.6
898 3 0.59
900 15 0.63
902 4 0.21
903 23 0.44
909 13 0.7
910 29 0.5
912 1 0.76
914 21 0.7
917 1 0.44
919 23 0.38
922 4 0.65
923 21 0.25
924 2 0.49
925 18 0.76
926 21 0.98
930 20 0.35
931 22 0.83
932 24 0.47
935 29 0.3
937 29 0.29
939 27 0.14
941 4 0.48
942 10 0.5
946 21 0.35
948 22 0.49
951 13 0.95
953 21 0.6
958 10 0.2
959 4 0.24
961 3 0.25
963 8 0.91
964 18 0.9
972 11 0.55
973 25 0.27
975 22 0.44
980 8 0.04
981 21 0.98
982 1 0.42
983 3 0.46
984 25 0.67
985 7 0.8
986 26 0.71
987 1 0.35
988 11 0.01
997 20 0.96
1001 6 0.98
1003 12 0.81
1004 27 0.1
1007 22 0.36
1009 15 0.5
1011 24 0.95
1012 7 0.6
1013 24 0.87
1014 14 0.93
1015 15 0.59
1016 13 0.16
1018 16 0.89
1020 16 0.87
1021 5 0.04
1024 12 0.33
1027 25 0.86
1028 22 0.07
1030 17 0.97
1032 17 0.01
1033 0 0.57
1034 26 0.13
1039 3 0.28
1043 9 0.42
1045 4 0.72
1046 10 0.58
1047 13 0.39
1048 13 0.63
1050 1 0.09
1053 17 0.31
1057 21 0.19
1059 15 1.0
1060 16 0.68
1061 22 0.46
1064 10 0.48
1065 17 0.76
1066 11 0.87
1068 8 0.16
1069 10 0.05
1070 18 0.8
1071 23 0.93
1072 19 0.1
1074 11 0.82
1076 4 0.71
1077 17 0.98
1078 15 0.47
1079 22 0.25
1080 2 0.26
1081 11 0.34
1082 17 0.4
1083 29 0.04
1084 5 0.05
1085 9 0.41
1086 20 0.54
1087 11 0.46
1088 20 0.66
1090 9 0.37
1091 16 0.35
1093 18 0.74
1094 6 0.17
1095 6 0.92
1096 5 0.25
1099 27 0.99
1100 8 0.67
1101 25 0.99
1102 22 0.53
1103 2 0.43
1104 29 0.55
1105 26 0.32
1106 1 0.87
1109 18 0.2
1110 15 0.25
1116 25 0.56
1117 8 0.3
1118 9 0.38
1119 3 0.1
1124 1 0.83
1128 2 0.44
1129 11 0.39
1130 24 0.01
1131 29 0.54
1132 5 0.25
1134 19 0.89
1136 14 0.41
1137 17 0.04
1140 27 0.02
1141 3 0.67
1142 7 0.66
1146 14 0.78
1150 22 0.49
1152 5 0.77
1153 22 0.88
1154 9 0.86
1155 8 0.04
1157 19 0.89
1158 22 0.31
1159 19 0.45
1160 15 0.96
1165 11 0.32
1167 29 0.47
1168 9 0.27
1170 27 0.64
1174 15 0.44
1176 20 0.38
1177 26 0.4
1180 29 0.64
1181 11 0.26
1182 28 0.27
1183 22 0.78
1184 22 0.68
1187 24 0.04
1190 6 0.85
1191 22 0.82
1196 5 0.15
1207 19 0.17
1208 23 0.96
1209 1 0.17
1214 18 0.34
1215 26 0.43
1216 2 0.69
1220 0 0.3
1221 1 0.61
1222 10 0.15
1223 18 0.64
1224 24 0.23
1225 28 0.85
1230 10 0.7
1233 0 0.46
1234 19 0.96
1236 12 0.39
1237 10 0.23
1238 14 0.98
1241 17 0.31
1245 28 0.62
1246 2 0.51
1248 20 0.53
1249 5 0.73
1250 29 0.34
1251 8 0.56
1258 2 0.24
1259 14 0.35
1260 3 0.19
1263 1 0.98
1264 23 0.08
1266 9 0.25
1275 24 0.66
1276 24 0.55
1277 11 0.01
1278 5 0.18
1279 6 0.35
1280 29 0.42
1281 3 0.98
1282 4 0.62
1283 13 0.39
1285 5 0.31
1288 5 0.48
1289 1 1.0
1291 29 0.94
1293 19 0.36
1295 28 0.59
1297 21 0.34
1298 7 0.82
1299 8 0.95
1313 27 0.67
1314 10 0.02
1316 19 0.84
1318 25 0.05
1319 21 0.81
1321 10 0.41
1323 7 0.83
1324 23 0.87
1325 19 0.46
1327 9 0.34
1328 24 0.08
1329 7 0.64
1333 3 0.47
1334 23 0.06
1335 3 0.68
1339 26 0.18
1340 3 0.49
1341 23 0.95
1342 7 0.2
1343 3 0.88
1344 26 0.56
1346 8 0.35
1349 4 0.14
1351 7 0.4
1352 20 0.69
1353 9 0.71
1362 11 0.05
1364 17 0.41
1365 24 0.84
1366 14 0.75
1367 23 0.06
1368 19 0.87
1372 20 0.32
1374 29 0.54
1376 25 0.0
1377 3 0.45
1379 9 0.59
1381 7 0.82
1382 6 0.66
1383 29 0.04
1385 26 0.16
1388 7 0.44
1389 9 0.51
1391 17 0.95
1393 20 0.81
1394 3 0.49
1395 18 0.99
1396 16 0.06
1399 4 0.41
1404 12 0.64
1405 24 0.4
1406 0 0.07
1408 0 0.31
1409 29 0.01
1413 19 0.03
1417 29 0.67
1419 18 0.84
1421 6 0.54
1422 0 0.93
1424 17 0.79
1425 13 0.52
1426 29 0.44
1431 6 0.26
1436 7 0.86
1437 16 0.96
1438 8 0.28
1441 13 0.42
1444 20 0.54
1450 16 0.97
1453 2 0.1
1458 2 0.39
1459 29 0.08
1460 12 0.63
1461 21 0.32
1462 17 0.07
1463 25 0.63
1464 4 0.18
1472 2 0.78
1474 26 0.05
1477 1 0.21
1481 5 0.11
1483 24 0.74
1485 18 0.19
1487 14 0.57
1488 25 0.43
1491 24 0.24
1493 10 0.04
1496 2 0.91
1498 14 0.34
1499 18 0.5
1500 29 0.07
1507 15 0.93
1509 12 0.26
1510 15 0.31
1511 9 0.23
1512 13 0.72
1516 18 0.75
1518 24 0.17
1519 5 0.55
1523 0 0.23
1525 5 0.18
1526 8 0.19
1527 27 0.71
1528 11 0.83
1530 26 0.78
1531 6 0.08
1534 28 0.68
1536 13 0.75
1540 7 0.95
1542 26 0.09
1547 29 0.92
1550 18 0.2
1551 5 0.04
1553 0 0.61
1554 7 0.76
1557 1 0.26
1559 9 0.07
1560 28 0.02
1561 17 0.98
1562 8 0.82
1563 3 0.27
1567 27 0.71
1568 10 0.74
1569 15 0.02
1570 24 0.46
1573 15 0.27
1575 7 0.22
1576 29 0.62
1579 13 0.77
1580 7 0.78
1581 29 0.61
1583 27 0.61
1584 26 0.27
1585 23 0.54
1586 1 0.19
1589 14 0.01
1590 28 0.37
1592 17 0.78
1593 27 0.79
1594 15 0.19
1595 21 0.03
1596 10 0.72
1599 20 0.17
1602 29 0.36
1607 18 0.7
1608 1 0.18
1609 29 0.71
1610 26 0.02
1611 9 0.58
1614 10 0.11
1615 27 0.99
1618 5 0.03
1620 21 0.07
1623 9 0.13
1624 17 0.42
1625 22 0.11
1626 9 0.35
1627 25 0.6
1629 17 0.04
1631 8 0.68
1633 20 0.33
1635 9 0.22
1637 15 0.73
1639 10 0.69
1640 13 0.65
1642 20 0.75
1644 18 0.09
1645 27 0.35
1646 10 0.58
1648 20 0.65
1649 17 0.1
1658 8 0.43
1659 3 0.81
1660 10 0.38
1664 18 0.33
1668 27 0.57
1669 4 0.62
1670 14 0.2
1673 13 0.56
1682 21 0.63
1684 25 0.79
1686 20 0.42
1691 5 0.51
1692 9 0.05
1694 5 0.92
1695 29 0.18
1696 7 0.79
1697 0 0.78
1704 0 0.78
1705 9 0.05
1709 17 0.0
1710 5 0.64
1719 24 0.51
1720 0 0.54
1722 8 0.39
1724 18 0.97
1726 1 0.07
1727 22 0.08
1730 14 0.31
1731 24 0.24
1734 20 0.08
1736 7 0.27
1738 22 0.81
1742 21 0.12
1744 4 0.62
1745 20 0.82
1746 1 0.13
1748 6 0.26
1752 0 0.58
1755 4 0.5
1757 18 0.36
1758 23 0.63
1759 12 0.65
1760 10 0.8
1761 8 0.3
1762 2 0.52
1763 24 0.63
1765 2 0.89
1766 8 0.34
1768 15 0.5
1769 0 0.02
1774 18 0.05
1775 27 0.36
1777 17 0.36
1778 25 0.52
1779 23 0.41
1780 14 0.05
1781 16 0.98
1783 20 0.27
1784 21 0.94
1787 14 0.9
1791 28 0.77
1792 25 0.83
1794 19 0.89
1798 29 0.79
1799 10 0.85
1800 26 0.22
1801 28 0.79
1804 14 0.57
1806 25 0.52
1808 9 0.22
1809 20 0.86
1810 2 0.03
1811 6 0.96
1814 6 0.74
1821 18 0.92
1823 24 0.99
1825 8 0.73
1827 18 0.98
1828 7 0.11
1831 15 0.0
1832 26 0.73
1835 12 0.19
1836 2 0.24
1837 13 0.48
1838 17 0.95
1839 8 0.16
1840 22 0.59
1842 21 0.44
1844 20 0.37
1847 28 0.32
1849 18 0.66
1851 24 0.67
1852 9 0.9
1854 5 0.77
1856 19 0.36
1857 21 0.41
1858 18 0.04
1859 17 0.58
1861 13 0.87
1863 17 0.23
1867 18 0.83
1868 16 0.38
1869 17 0.79
1871 0 0.27
1874 5 0.08
1875 22 0.6
1877 9 0.26
1879 10 0.56
1880 10 0.75
1881 28 0.19
1884 21 0.82
1885 18 0.18
1886 11 0.26
1887 20 0.51
1888 9 0.29
1889 25 0.86
1892 9 0.3
1894 29 0.08
1895 15 0.32
1897 10 0.81
1899 7 0.95
1900 12 0.19
1902 19 0.24
1905 8 0.6
1907 21 0.11
1910 18 0.68
1911 23 0.85
1914 15 0.32
1916 27 0.02
1920 4 0.79
1922 20 0.32
1923 23 0.07
1929 28 0.97
1930 10 0.61
1936 3 0.77
1937 21 0.89
1938 28 0.68
1940 22 0.51
1941 5 0.95
1942 14 0.75
1945 4 0.55
1946 24 0.64
1948 19 0.24
1949 27 0.11
1950 14 0.64
1951 4 0.07
1952 20 0.84
1954 12 0.24
1955 2 0.63
1957 17 0.09
1958 5 0.53
1959 10 0.04
1960 29 0.3
1964 12 0.44
1966 27 0.75
1968 15 0.59
1970 11 0.41
1975 10 0.13
1976 25 0.1
1977 20 0.23
1979 1 0.16
1980 18 0.57
1982 9 0.17
1984 5 0.3
1985 2 0.68
1988 17 0.46
1989 23 0.81
1991 16 0.92
1994 18 0.27
1995 3 0.11
1998 4 0.35
2000 8 0.91
2003 28 0.05
2004 9 0.25
2005 9 0.62
2006 20 0.71
2008 1 0.58
2009 27 0.32
2013 29 0.39
2015 24 0.23
2018 2 0.19
2019 4 0.8
2020 17 0.45
2021 10 0.19
2023 5 0.5
2025 19 0.42
2026 17 0.26
2030 18 0.06
2031 20 0.53
2033 19 0.91
2035 27 0.29
2036 10 0.53
2038 1 0.15
2041 16 0.83
2042 8 0.72
2048 4 0.07
2050 6 0.76
2051 19 0.43
2053 9 0.28
2057 0 0.15
2058 28 0.03
2060 0 0.5
2061 3 0.55
2062 2 0.69
2065 25 0.34
2066 25 0.64
2069 16 0.76
2071 3 0.32
2072 10 0.57
2074 0 0.44
2078 23 0.88
2079 11 0.01
2080 6 0.17
2081 28 0.7
2082 18 0.56
2086 5 0.34
2087 12 0.17
2088 10 0.11
2092 16 0.56
2096 14 0.58
2098 16 0.95
2099 28 0.75
2100 19 0.77
2102 26 0.13
2103 14 0.95
2104 19 0.61
2105 1 0.44
2106 18 0.56
2108 2 0.76
2110 2 0.27
2111 18 0.66
2112 16 0.55
2114 27 0.67
2116 14 0.44
2117 7 0.75
2118 10 0.96
2124 29 0.85
2125 4 0.53
2131 10 0.03
2132 8 0.38
2133 6 0.59
2134 3 0.96
2136 15 0.98
2137 26 0.9
2138 0 0.89
2139 18 0.19
2140 24 0.84
2143 23 0.8
2146 8 0.47
2150 8 0.63
2151 25 0.97
2154 7 0.69
2156 19 0.7
2157 0 0.64
2158 23 0.29
2159 2 0.61
2160 7 0.62
2161 18 0.9
2165 28 0.2
2166 2 0.61
2167 4 0.81
2171 7 0.51
2172 10 0.11
2173 12 0.14
2174 5 0.76
2176 25 0.76
2178 14 0.44
2180 6 0.67
2181 8 0.47
2183 9 0.15
2184 20 0.82
2185 2 0.82
2186 13 0.89
2187 19 0.24
2189 10 0.47
2190 9 0.88
2191 2 0.94
2192 9 0.46
2193 10 0.58
2195 16 0.23
2197 22 0.15
2199 17 0.59
2202 15 0.96
2203 15 0.51
2204 9 0.81
2208 9 0.22
2210 15 0.31
2218 5 0.52
2219 21 0.19
2220 15 0.44
2221 25 0.93
2224 10 0.5
2225 11 0.78
2226 29 0.68
2228 13 0.99
2237 10 0.27
2238 3 0.35
2239 28 0.05
2241 21 0.72
2242 18 0.61
2244 5 0.6
2245 29 0.88
2248 24 0.13
2249 22 0.79
2254 2 0.2
2256 3 0.23
2262 1 0.47
2264 25 0.32
2265 12 0.78
2267 27 0.13
2268 27 0.11
2269 1 0.64
2271 12 0.09
2273 27 0.07
2278 4 0.07
2279 0 0.52
2283 28 0.09
2285 26 0.65
2286 24 0.21
2287 2 0.78
2288 7 0.08
2289 23 0.8
2290 4 0.66
2293 15 0.37
2294 24 0.2
2295 18 0.54
2299 17 0.45
2300 19 0.65
2302 19 0.89
2306 29 0.74
2307 27 0.46
2308 25 0.17
2311 27 0.58
2313 14 0.01
2315 27 0.93
2317 13 0.38
2318 21 0.44
2320 10 0.68
2321 5 0.75
2322 2 0.7
2323 17 0.92
2325 23 0.54
2326 10 0.63
2328 14 0.88
2329 4 0.29
2330 25 0.69
2331 0 0.43
2335 22 0.1
2336 16 0.11
2337 28 0.01
2339 9 0.91
2340 9 0.74
2341 21 0.81
2343 24 1.0
2344 18 0.55
2347 26 0.46
2348 22 0.57
2349 27 0.47
2351 25 0.49
2355 18 0.44
2356 20 0.11
2357 16 0.8
2358 3 0.07
2359 9 0.18
2360 16 0.69
2361 4 0.52
2362 13 0.99
2363 14 0.75
2365 12 0.16
2366 10 0.91
2367 14 0.77
2370 0 0.61
2372 24 0.03
2375 21 0.34
2377 0 0.03
2379 7 0.67
2380 13 0.87
2381 2 0.79
2382 20 0.78
2387 17 0.58
2388 14 0.07
2390 4 0.38
2391 9 0.59
2393 17 0.16
2396 4 0.52
2397 17 0.87
2398 24 0.79
2399 9 0.6
2402 15 0.65
2407 27 0.78
2410 4 0.7
2412 15 0.34
2414 27 0.62
2415 23 0.37
2416 23 0.41
2421 7 0.15
2423 11 0.5
2424 10 0.73
2430 16 0.89
2431 11 0.12
2436 21 0.48
2437 9 0.95
2438 10 0.51
2440 23 0.93
2444 23 0.51
2447 27 0.67
2450 17 0.65
2451 27 0.8
2452 17 0.24
2453 4 0.79
2455 3 0.63
2456 16 0.93
2457 23 0.45
2458 19 0.21
2459 5 0.27
2468 9 0.11
2471 21 0.03
2472 16 0.04
2475 18 0.14
2478 15 0.94
2480 27 0.39
2481 4 0.52
2483 18 0.1
2484 21 0.43
2485 21 0.15
2488 8 0.83
2491 20 0.65
2492 9 0.02
2493 22 0.18
2495 0 0.13
2498 20 0.14
