0 26 0.34
5 25 0.19
9 12 0.18
12 15 0.02
14 29 0.61
19 15 0.12
23 23 0.67
29 25 0.37
31 1 0.96
32 9 0.49
40 24 0.95
45 6 0.99
49 18 0.92
50 0 0.31
67 29 0.41
88 13 0.52
96 12 0.2
109 10 0.74
110 26 0.12
112 28 0.26
113 25 0.21
119 24 0.89
120 22 0.03
121 19 0.23
125 7 0.58
126 15 0.63
130 4 0.35
142 6 0.31
143 26 0.77
146 11 0.1
148 25 0.09
153 21 0.22
154 16 0.15
157 17 0.62
161 17 0.2
162 23 0.92
169 0 0.57
171 11 0.36
175 17 0.88
176 27 0.43
184 8 0.04
187 8 0.99
189 25 0.44
190 24 0.25
194 11 0.82
201 15 0.56
206 3 0.5
207 24 0.96
211 23 0.69
214 18 0.43
217 5 0.71
220 28 0.01
228 16 0.58
243 23 0.63
244 27 0.76
245 19 0.45
246 21 0.93
248 5 1.0
251 27 0.05
254 27 0.23
257 18 0.09
260 20 0.05
275 2 0.93
284 13 0.08
285 10 0.03
286 24 0.28
288 4 0.09
294 17 0.92
295 15 0.68
297 24 0.34
298 14 0.96
305 12 0.81
307 28 0.15
311 2 0.78
319 16 0.44
326 27 0.88
327 17 0.46
332 4 0.59
333 26 0.15
343 7 0.93
344 7 0.4
348 25 0.98
349 27 0.09
352 5 0.82
359 11 0.39
362 8 0.13
373 16 0.7
375 7 0.88
379 15 0.87
384 19 0.72
385 19 0.37
387 24 0.39
389 2 0.76
393 22 0.03
394 3 0.12
399 8 0.33
402 8 0.62
406 7 0.8
407 2 0.29
416 22 0.9
426 21 0.33
429 10 0.91
432 1 0.54
435 16 0.19
437 2 0.79
438 22 0.13
445 20 0.32
449 1 0.55
450 12 0.06
458 15 0.84
468 13 0.21
477 17 0.45
480 28 0.9
485 15 0.52
486 6 0.38
493 2 0.83
495 11 0.99
499 4 0.11
504 20 0.94
516 26 0.71
518 3 0.83
520 23 0.19
525 18 0.19
527 23 0.93
531 21 0.66
534 28 0.75
540 10 0.68
541 16 0.62
542 18 0.03
554 6 0.67
555 1 0.31
558 15 0.37
563 14 0.37
564 8 0.26
565 1 0.95
568 2 0.34
576 27 1.0
578 18 0.42
586 17 0.27
589 24 0.26
593 1 0.36
607 9 0.41
608 3 0.52
611 4 0.41
614 6 0.06
617 0 0.84
622 29 0.54
637 2 0.44
639 11 0.82
642 13 0.14
648 1 0.68
657 21 0.76
658 9 0.66
661 25 0.17
662 16 0.55
668 2 0.84
672 5 0.43
675 9 0.09
677 0 0.84
679 4 0.91
680 15 0.11
681 14 0.02
685 23 0.77
686 23 0.17
690 22 0.03
693 8 0.91
694 0 0.81
695 17 0.31
696 28 0.83
697 13 0.06
713 9 0.01
719 17 0.39
721 7 0.78
726 9 0.04
727 12 0.32
731 10 0.99
732 15 0.57
738 8 0.76
740 9 0.91
743 12 0.05
745 24 0.96
746 21 0.42
749 4 0.1
753 2 0.57
755 9 0.75
762 29 0.4
766 8 0.78
769 20 0.76
772 13 0.58
775 6 0.67
776 21 0.73
786 2 0.17
787 9 0.16
794 15 0.63
801 17 0.5
803 13 0.87
804 22 0.48
805 18 0.73
809 21 0.87
810 7 0.14
812 18 0.69
813 3 0.63
821 27 0.66
832 17 0.17
837 10 0.09
839 23 0.16
841 3 0.68
849 22 0.51
854 16 0.23
856 26 0.64
860 5 0.84
861 29 0.53
862 7 0.84
863 16 0.74
866 28 0.6
876 25 0.03
885 24 0.2
886 15 0.58
887 26 0.35
889 4 0.87
890 3 0.17
893 14 0.87
894 5 0.78
896 28 0.31
898 0 0.55
903 23 0.46
910 9 0.08
913 4 0.12
920 11 0.07
922 1 0.42
923 19 0.87
925 17 1.0
938 24 0.11
939 5 0.77
941 17 0.2
948 27 0.45
950 0 0.22
952 29 0.46
954 13 0.94
955 8 0.67
956 7 0.6
959 0 0.68
968 21 0.08
970 28 0.58
974 18 0.09
975 13 0.73
977 8 0.8
982 17 0.93
989 27 0.07
992 16 0.19
997 20 0.23
1000 16 0.7
1003 16 0.72
1005 25 0.36
1008 19 0.52
1010 22 0.99
1012 0 0.37
1016 15 0.79
1018 15 0.97
1021 16 0.5
1022 15 0.81
1024 14 0.47
1025 29 0.92
1026 29 0.11
1029 28 0.37
1031 5 0.7
1039 1 0.89
1047 26 0.66
1048 21 0.24
1054 4 0.12
1055 21 0.66
1056 12 0.08
1059 16 0.84
1067 22 0.67
1071 20 0.2
1072 27 0.95
1079 19 0.91
1082 26 0.09
1083 24 0.0
1084 6 0.82
1085 16 0.54
1086 18 0.07
1087 7 0.39
1088 0 1.0
1092 27 0.93
1097 10 0.77
1099 23 0.49
1102 25 0.54
1107 20 0.83
1109 2 0.36
1112 13 0.59
1115 9 0.75
1120 26 0.59
1131 22 0.85
1134 4 0.48
1135 8 0.6
1138 26 0.48
1144 24 0.5
1150 16 0.02
1151 28 0.58
1153 1 0.67
1172 29 0.16
1173 8 0.85
1175 12 0.16
1177 0 0.14
1181 5 0.04
1185 11 0.56
1186 3 0.11
1192 18 0.73
1193 24 0.28
1197 19 0.46
1203 1 0.27
1211 6 0.21
1213 21 0.75
1214 12 0.95
1221 7 0.12
1237 2 0.16
1241 21 0.65
1242 19 0.29
1244 3 0.68
1262 1 0.78
1270 22 0.47
1271 25 0.58
1277 25 0.84
1279 10 0.01
1286 0 0.29
1287 21 0.12
1301 17 0.09
1303 15 0.26
1315 14 0.87
1317 14 0.83
1320 3 0.71
1322 12 0.18
1323 2 0.45
1325 18 0.19
1328 21 0.77
1331 29 0.28
1344 2 0.6
1345 4 0.61
1346 12 0.46
1353 8 0.07
1356 25 0.51
1358 24 0.53
1360 29 0.97
1361 18 0.76
1369 8 0.1
1372 12 0.42
1378 3 0.75
1380 28 0.17
1382 26 0.26
1385 2 0.04
1388 10 0.64
1389 29 0.34
1391 4 0.4
1393 25 0.23
1395 16 0.84
1397 22 0.14
1401 3 0.22
1404 26 0.74
1405 4 0.75
1410 26 0.44
1414 9 0.05
1418 9 0.24
1419 28 0.59
1420 15 0.74
1422 7 0.57
1428 18 0.01
1436 0 0.31
1438 0 0.46
1439 24 0.79
1448 21 0.46
1451 1 0.33
1452 4 0.25
1453 2 0.31
1458 5 0.37
1462 18 0.47
1463 15 0.5
1466 27 0.87
1468 17 0.97
1469 13 0.67
1481 22 0.56
1482 19 0.88
1485 11 0.43
1489 7 0.3
1491 22 0.22
1500 3 0.75
1504 10 0.55
1507 8 0.43
1512 2 0.45
1514 1 0.88
1515 11 0.38
1518 23 0.67
1521 26 0.71
1535 5 0.54
1545 3 0.89
1551 27 0.15
1553 6 0.96
1554 17 0.06
1562 22 0.55
1573 11 0.01
1575 19 0.77
1576 15 0.7
1585 28 0.03
1598 13 0.9
1600 16 0.3
1601 14 0.83
1611 23 0.56
1613 11 0.74
1616 24 0.25
1626 19 0.79
1627 7 0.16
1628 4 0.45
1634 1 0.31
1635 2 0.98
1639 6 0.66
1640 12 0.06
1647 8 0.92
1651 12 0.62
1658 29 0.78
1659 20 0.27
1665 22 0.09
1668 20 0.13
1669 25 0.67
1680 17 0.51
1683 23 0.55
1689 10 0.61
1693 13 0.15
1697 10 0.2
1701 17 0.2
1706 27 0.69
1708 28 0.79
1721 20 0.08
1725 15 0.58
1730 12 0.36
1735 22 0.04
1736 21 0.54
1737 0 0.79
1739 7 0.34
1740 13 0.69
1742 18 0.75
1748 24 0.07
1753 25 0.63
1754 8 0.53
1762 12 0.18
1767 7 0.31
1780 29 0.66
1782 10 0.54
1783 16 0.88
1784 23 0.91
1789 12 0.29
1797 8 0.62
1800 7 0.3
1801 28 0.26
1804 8 0.56
1807 9 0.13
1808 26 0.84
1811 28 0.49
1812 22 0.54
1814 3 0.83
1815 14 0.62
1817 19 0.96
1818 5 0.42
1819 19 0.9
1823 8 0.17
1825 27 0.06
1826 13 0.17
1830 4 0.01
1840 15 0.23
1841 14 0.16
1855 27 0.84
1856 10 0.9
1865 19 0.78
1872 17 0.18
1874 19 0.42
1878 13 0.78
1880 15 0.34
1884 21 0.93
1889 2 0.52
1892 11 0.87
1895 26 0.58
1896 26 0.71
1902 11 0.33
1905 18 0.36
1907 19 0.75
1908 29 0.82
1909 17 0.38
1910 11 0.36
1933 20 0.41
1936 12 0.33
1937 6 0.18
1954 2 0.92
1956 18 0.64
1957 14 0.97
1966 28 0.31
1969 4 0.84
1970 18 0.77
1973 1 0.86
1977 15 0.24
1979 2 0.21
1983 2 0.61
1984 11 0.98
1985 1 0.01
1988 10 0.52
1990 5 0.43
1992 27 0.67
2002 25 0.99
2004 7 0.61
2006 29 0.47
2011 11 0.14
2021 21 0.71
2024 27 0.94
2027 7 0.26
2028 27 0.97
2034 22 0.72
2040 14 0.9
2042 17 0.57
2048 9 0.64
2063 11 0.7
2066 24 0.49
2070 17 0.84
2072 27 0.71
2075 24 0.52
2078 18 0.62
2082 27 0.19
2084 21 0.89
2088 21 0.19
2091 27 0.78
2094 9 0.02
2095 4 0.18
2103 2 0.58
2104 23 0.18
2106 1 0.19
2108 22 0.69
2109 9 0.48
2114 3 0.57
2116 5 0.83
2119 7 0.55
2122 26 0.93
2130 15 0.7
2135 11 0.72
2140 6 0.3
2142 19 0.81
2143 11 0.22
2144 14 0.33
2147 7 0.47
2148 29 0.85
2155 2 0.66
2157 5 0.92
2165 17 0.59
2173 29 0.14
2178 24 0.71
2182 29 0.38
2184 23 0.61
2187 8 0.62
2190 15 0.49
2196 7 0.21
2200 27 0.09
2201 21 0.0
2202 12 0.43
2206 13 0.62
2217 9 0.79
2234 22 0.41
2235 14 0.97
2240 6 0.55
2246 13 0.45
2247 5 0.8
2253 28 0.84
2254 12 0.44
2255 21 0.56
2257 6 0.88
2258 3 0.58
2261 7 0.1
2262 8 0.54
2263 28 0.68
2266 25 0.08
2267 21 0.54
2277 15 0.78
2280 14 0.92
2281 10 0.97
2283 11 0.1
2285 8 0.82
2297 3 0.8
2298 4 0.23
2302 14 0.11
2304 9 0.5
2305 15 0.47
2307 4 0.97
2308 8 0.31
2312 1 0.89
2320 19 0.08
2322 7 0.98
2325 25 0.37
2335 26 0.13
2339 0 0.58
2340 21 0.04
2342 27 0.76
2344 13 0.55
2346 10 0.59
2348 15 0.06
2352 18 0.83
2354 3 0.93
2355 22 0.57
2357 12 0.22
2358 10 0.43
2359 18 0.04
2360 2 0.84
2362 24 0.4
2366 10 0.63
2367 21 0.54
2369 3 0.45
2373 29 0.8
2375 23 0.83
2377 9 0.46
2378 0 0.06
2382 5 0.16
2384 14 0.39
2387 25 0.86
2389 0 0.56
2395 3 0.76
2399 24 0.59
2400 7 0.86
2403 20 0.74
2406 29 0.69
2415 23 0.81
2420 8 0.87
2421 23 0.04
2424 12 0.09
2425 13 0.17
2432 21 0.34
2434 19 0.12
2438 3 0.78
2439 4 0.57
2442 27 0.78
2443 11 0.83
2444 2 0.52
2448 11 0.2
2454 4 0.92
2455 29 0.1
2460 28 0.51
2462 16 0.19
2463 11 0.66
2464 20 0.38
2465 1 0.5
2467 21 0.5
2472 9 0.65
2473 12 0.26
2474 22 0.35
2481 28 0.32
2484 8 0.43
2489 25 0.01
2490 19 0.61
2494 0 0.99
2499 8 0.76
2500 13 0.29
2505 28 0.69
2508 24 0.22
2516 1 0.75
2517 4 0.36
2518 23 0.39
2522 25 0.74
2523 7 0.12
2525 7 0.2
2531 22 0.33
2538 5 0.47
2540 6 0.2
2542 18 0.78
2544 1 0.54
2545 29 0.49
2550 2 0.93
2551 28 0.99
2562 8 0.34
2564 7 0.21
2565 13 0.3
2572 15 0.3
2583 10 0.04
2586 7 0.15
2590 2 0.8
2599 23 0.78
2602 4 0.69
2607 29 0.1
2610 24 0.82
2611 18 0.89
2618 9 0.54
2619 2 0.89
2622 11 0.73
2624 23 0.95
2625 17 1.0
2628 16 0.79
2635 12 0.63
2644 11 0.37
2650 5 0.18
2654 18 0.81
2655 13 0.55
2657 0 0.19
2661 1 0.85
2666 6 0.86
2667 28 0.05
2671 21 0.44
2672 24 0.18
2675 23 0.38
2681 0 0.51
2687 24 0.01
2688 3 0.38
2691 19 0.04
2694 11 0.41
2698 17 0.06
2702 24 0.22
2706 28 0.83
2711 20 0.61
2721 8 0.54
2725 9 0.49
2728 29 0.82
2730 25 0.85
2733 2 0.8
2735 0 0.38
2740 19 0.83
2743 3 0.77
2746 2 0.99
2747 25 0.71
2748 6 0.84
2750 24 0.61
2752 5 0.97
2758 2 0.49
2761 13 0.06
2762 26 0.44
2764 29 0.31
2769 29 0.45
2781 28 0.8
2784 14 0.34
2785 28 0.07
2790 16 0.93
2795 21 0.07
2796 5 0.51
2808 17 0.73
2809 6 0.63
2810 4 0.38
2812 6 0.2
2813 22 0.53
2814 22 0.82
2821 28 0.01
2831 15 0.91
2836 7 0.58
2840 16 0.22
2849 22 0.71
2853 28 0.05
2866 0 0.8
2880 8 0.76
2887 11 0.35
2888 1 0.51
2893 4 0.07
2895 24 0.85
2896 18 0.43
2898 4 0.89
2906 16 0.92
2921 27 0.76
2929 12 0.82
2932 6 0.83
2943 26 0.62
2944 7 0.83
2946 8 0.53
2947 25 0.91
2951 20 0.51
2957 5 0.26
2958 12 0.85
2963 12 0.14
2964 3 0.15
2969 3 0.11
2971 28 0.66
2981 19 0.84
2986 20 0.79
2994 19 0.64
2997 13 0.23
2999 8 0.62
3000 6 0.59
3001 12 0.04
3004 13 0.29
3005 25 0.28
3011 13 0.0
3013 11 0.65
3030 28 0.93
3031 4 0.99
3032 25 0.75
3033 25 0.87
3035 11 0.69
3037 14 0.9
3038 11 0.64
3039 19 0.25
3040 24 0.43
3043 17 0.68
3046 27 1.0
3047 24 0.47
3048 29 0.74
3051 28 0.19
3052 24 0.21
3057 22 0.45
3058 8 0.5
3063 12 0.7
3071 1 0.68
3073 6 0.61
3074 14 0.3
3076 11 0.43
3078 11 0.59
3085 2 0.37
3091 24 0.55
3099 10 0.78
3100 10 0.95
3102 0 0.24
3106 24 0.09
3110 6 0.6
3111 18 0.19
3115 21 0.2
3122 13 0.54
3123 19 0.44
3124 4 0.89
3127 8 0.47
3133 16 0.02
3138 21 0.42
3142 19 0.14
3147 13 0.98
3157 18 0.61
3158 23 0.9
3159 14 0.49
3160 0 0.51
3162 12 0.66
3166 22 0.0
3173 29 0.19
3176 17 0.15
3184 0 0.43
3189 20 0.0
3192 21 0.55
3199 28 0.45
3208 19 0.99
3209 4 0.7
3217 28 0.91
3220 12 0.94
3221 17 0.9
3226 24 0.95
3232 7 0.06
3233 26 0.46
3243 11 0.89
3247 26 0.18
3250 1 0.6
3252 26 0.64
3253 28 0.92
3255 11 0.97
3261 20 0.5
3263 1 0.9
3270 8 0.8
3271 13 0.17
3273 18 0.86
3274 12 0.51
3277 19 0.98
3278 26 0.45
3289 9 0.61
3291 29 0.43
3297 5 0.22
3299 26 0.29
3305 27 0.65
3309 22 0.09
3311 0 0.5
3312 17 0.83
3315 17 0.77
3317 7 0.99
3320 14 0.74
3322 14 0.13
3324 14 0.55
3327 25 0.02
3329 21 0.47
3330 28 0.67
3337 15 0.37
3340 1 0.65
3342 5 0.92
3347 26 0.56
3349 15 0.85
3350 11 0.67
3351 18 0.67
3356 12 0.51
3358 25 0.2
3362 26 0.35
3367 1 0.24
3374 27 0.86
3375 20 0.62
3376 4 0.39
3377 12 0.72
3381 0 0.14
3383 18 0.61
3390 20 0.77
3396 27 0.52
3397 8 0.33
3399 27 0.11
3411 23 0.04
3420 22 0.42
3422 8 0.48
3423 8 0.59
3428 28 0.03
3436 7 0.93
3439 18 0.0
3445 12 0.76
3447 23 0.83
3461 4 0.69
3466 17 0.68
3471 8 0.04
3473 12 0.14
3485 21 0.7
3488 9 0.92
3495 6 0.54
3496 29 0.52
3497 7 0.14
3504 21 0.69
3519 15 0.53
3521 14 0.59
3536 12 0.87
3538 4 0.14
3541 0 0.78
3549 24 0.94
3554 17 0.08
3556 16 0.68
3561 1 0.09
3566 12 0.52
3568 18 0.49
3571 19 0.28
3574 2 0.7
3576 23 0.13
3582 13 0.54
3588 2 0.98
3592 3 0.59
3594 0 0.75
3595 19 0.4
3600 4 0.02
3614 23 0.74
3620 0 0.7
3622 26 0.88
3626 28 0.57
3628 0 0.56
3633 14 0.7
3636 25 0.78
3637 4 0.08
3638 1 0.7
3647 16 0.9
3652 26 0.91
3663 28 0.4
3671 7 0.71
3672 23 0.27
3674 13 0.27
3679 11 0.36
3684 23 0.62
3687 28 0.56
3690 2 0.86
3692 25 0.0
3697 9 0.81
3700 15 0.03
3702 19 0.86
3703 0 0.81
3705 25 0.19
3707 19 0.12
3710 14 0.68
3711 21 0.69
3722 25 0.5
3724 12 0.09
3725 4 0.19
3728 0 0.05
3729 12 0.64
3732 9 0.01
3736 19 0.58
3738 8 0.07
3750 27 0.78
3754 0 0.49
3757 19 0.29
3758 12 0.47
3759 13 0.52
3766 6 0.94
3767 25 0.11
3774 2 0.32
3776 22 0.09
3781 12 0.96
3785 11 0.28
3788 3 0.26
3790 17 0.62
3794 23 0.3
3795 25 0.93
3800 7 0.89
3801 11 0.36
3803 1 0.62
3810 8 0.28
3823 19 0.82
3824 13 0.95
3825 25 0.65
3828 19 0.39
3829 28 0.2
3845 29 0.34
3848 21 0.85
3851 9 0.46
3855 1 0.17
3860 17 0.92
3867 6 0.06
3873 21 0.63
3876 12 0.07
3880 27 0.77
3885 27 0.09
3888 7 0.15
3894 19 0.21
3897 10 0.07
3909 6 0.29
3911 16 0.09
3917 7 0.14
3918 18 0.04
3920 17 0.32
3923 26 0.66
3924 29 0.87
3935 23 0.19
3936 23 0.91
3937 5 0.95
3938 28 0.77
3939 13 0.21
3944 12 0.88
3946 27 0.35
3947 4 0.63
3948 1 0.27
3949 24 0.83
3960 26 0.56
3969 27 0.62
3974 24 0.38
3975 3 0.96
3980 8 0.07
3981 9 0.97
3982 17 0.34
3987 0 0.03
3991 9 0.04
3993 22 0.36
4000 24 0.76
4008 1 0.15
4009 14 0.72
4010 21 0.17
4012 17 0.42
4017 24 0.22
4023 25 0.25
4026 29 0.59
4033 11 0.25
4037 3 0.14
4038 9 0.16
4042 14 0.3
4045 16 0.9
4046 1 0.85
4063 7 0.68
4066 9 0.45
4068 4 0.56
4073 25 0.52
4074 14 0.56
4079 13 0.74
4080 2 0.39
4084 8 0.19
4089 0 0.43
4090 4 0.05
4091 1 0.89
4097 14 0.98
4101 28 0.55
4103 13 0.43
4104 21 0.57
4109 15 0.27
4110 29 0.62
4117 27 0.15
4119 12 0.11
4127 5 0.32
4128 8 0.65
4129 3 0.16
4131 23 0.26
4133 25 0.6
4145 23 0.43
4154 18 0.5
4157 25 0.76
4159 9 0.32
4173 29 0.33
4175 12 0.96
4179 20 0.28
4183 13 0.04
4196 15 0.8
4208 27 0.06
4211 16 0.11
4218 7 0.07
4221 0 0.38
4223 28 0.55
4225 7 0.47
4229 2 0.84
4232 8 0.34
4233 18 0.37
4236 9 0.12
4240 6 0.9
4243 25 0.29
4246 18 0.43
4249 22 0.38
4253 28 0.77
4259 27 0.27
4270 2 0.32
4271 7 0.15
4279 1 0.44
4285 29 0.36
4286 27 0.58
4288 26 0.37
4295 29 0.22
4301 28 0.13
4305 16 0.39
4308 2 0.13
4317 26 0.65
4325 21 0.33
4326 27 0.59
4329 17 0.59
4337 26 0.49
4338 27 0.02
4339 8 0.07
4340 24 0.88
4341 16 0.69
4343 29 0.1
4347 0 0.84
4350 26 0.38
4354 28 0.86
4363 29 0.92
4364 20 0.19
4365 2 0.91
4366 14 0.76
4374 22 0.81
4375 1 0.49
4376 7 0.5
4377 16 0.27
4384 18 0.8
4388 18 0.33
4391 29 0.63
4394 4 0.05
4395 20 0.51
4404 24 0.81
4410 17 0.16
4412 3 0.21
4413 2 0.63
4415 24 0.64
4416 1 0.32
4423 13 0.4
4424 15 0.26
4428 8 0.02
4430 20 0.13
4431 1 0.66
4436 12 0.02
4438 27 0.28
4439 23 0.63
4440 25 0.94
4444 1 0.76
4446 10 0.07
4447 8 0.73
4449 9 0.06
4450 7 0.54
4451 9 0.66
4454 12 0.79
4455 18 0.2
4463 14 0.06
4471 7 0.7
4473 3 0.48
4474 16 0.66
4475 15 0.6
4487 25 0.22
4488 9 0.42
4491 2 0.46
4492 8 0.5
4494 27 0.26
4500 20 0.06
4508 5 0.45
4510 18 0.12
4513 25 0.67
4520 25 0.79
4523 5 0.9
4529 4 0.65
4535 29 0.7
4538 2 0.57
4543 6 0.27
4544 26 0.15
4546 2 0.84
4548 3 0.83
4549 1 0.57
4550 4 0.9
4553 9 0.88
4554 13 0.04
4557 1 0.89
4560 17 0.73
4562 22 0.99
4567 21 0.38
4568 16 0.78
4572 29 0.79
4574 9 0.5
4576 4 0.58
4577 4 0.46
4579 2 0.05
4589 13 0.4
4591 22 0.03
4598 8 0.77
4602 5 0.24
4608 12 0.91
4624 7 0.28
4625 21 0.91
4634 13 0.69
4636 10 0.25
4637 28 0.2
4644 14 0.8
4649 15 0.85
4652 11 0.18
4658 7 0.91
4659 15 0.12
4660 22 0.15
4661 16 0.47
4671 14 0.51
4673 28 0.03
4675 23 0.88
4680 12 0.99
4681 5 0.92
4684 9 0.97
4689 15 0.48
4691 8 0.98
4713 8 0.39
4718 3 0.84
4728 5 0.64
4731 18 0.28
4733 1 0.98
4736 22 0.11
4738 29 0.87
4739 0 0.46
4742 8 0.11
4745 25 0.47
4746 26 0.5
4750 0 0.37
4754 15 0.19
4757 14 0.43
4758 17 0.41
4761 29 0.64
4762 16 0.58
4763 24 0.91
4764 14 0.79
4771 0 0.08
4777 12 0.85
4778 11 0.07
4782 4 0.68
4796 22 0.37
4804 19 0.25
4805 12 0.74
4819 26 0.98
4820 2 0.11
4823 28 0.94
4824 21 0.76
4826 1 0.19
4831 26 0.39
4843 11 0.12
4847 10 0.47
4850 23 0.8
4859 6 0.59
4863 0 0.56
4866 28 0.1
4869 9 0.41
4872 8 0.95
4873 10 0.64
4876 24 0.48
4882 19 0.95
4883 17 0.09
4891 23 0.61
4895 23 0.96
4898 11 0.98
4900 25 0.46
4901 13 0.8
4909 22 0.83
4911 23 0.57
4915 14 0.46
4919 5 0.03
4920 17 0.82
4924 27 0.87
4929 15 0.46
4930 21 0.27
4932 14 0.4
4949 15 0.42
4951 25 0.84
4963 6 0.29
4964 23 0.87
4965 26 0.33
4966 9 0.16
4967 24 0.58
4977 15 0.7
4986 12 0.18
4997 27 0.55
5007 15 0.37
5011 10 0.87
5013 28 0.14
5014 18 0.62
5021 27 0.79
5022 2 0.42
5027 21 0.91
5036 0 0.93
5047 17 0.98
5054 13 0.64
5060 22 0.08
5061 27 0.61
5064 18 0.53
5068 3 0.04
5070 4 0.16
5072 10 0.64
5074 12 0.4
5077 23 0.65
5081 7 0.63
5082 27 0.95
5083 22 0.07
5086 15 0.19
5090 18 0.93
5093 8 0.94
5099 15 0.68
5103 18 0.91
5107 2 0.54
5118 18 0.9
5120 12 0.73
5126 28 0.79
5127 28 0.4
5135 28 0.99
5137 19 0.74
5140 27 0.4
5147 18 0.72
5151 13 0.17
5152 28 0.52
5153 19 0.9
5154 6 0.01
5155 23 0.46
5161 14 0.43
5166 24 0.8
5167 28 0.41
5169 24 0.68
5174 1 0.08
5176 27 0.83
5177 21 1.0
5185 7 0.13
5188 21 0.65
5195 9 0.43
5205 16 0.09
5209 16 0.39
5210 3 0.64
5232 15 0.55
5233 21 0.33
5238 1 0.7
5240 20 0.35
5245 27 0.07
5246 13 0.29
5248 8 0.69
5251 20 0.15
5252 8 0.34
5253 8 0.74
5255 22 0.49
5261 11 0.17
5262 29 0.89
5266 6 0.48
5273 29 0.47
5274 5 0.22
5275 9 0.62
5285 27 0.84
5286 20 0.35
5290 7 0.72
5302 4 0.87
5306 3 0.95
5313 1 0.08
5317 17 0.99
5320 0 0.73
5321 29 0.04
5325 17 0.92
5326 27 0.56
5327 10 0.71
5328 21 0.01
5337 4 0.49
5341 24 0.59
5346 9 0.58
5349 13 0.11
5351 29 0.41
5352 7 0.66
5362 1 0.21
5363 12 0.72
5365 22 0.48
5366 8 0.09
5382 22 0.02
5387 16 0.58
5392 26 0.79
5394 27 0.2
5398 19 0.82
5401 29 0.23
5405 7 0.59
5406 25 0.75
5410 20 0.7
5415 7 0.24
5417 4 0.54
5420 8 0.01
5425 6 0.67
5429 26 0.78
5436 1 0.92
5443 14 0.86
5445 12 0.84
5446 25 0.92
5448 25 0.48
5452 0 0.75
5454 8 0.53
5459 16 0.97
5460 18 0.7
5465 24 0.85
5467 23 0.13
5468 28 0.39
5472 7 0.86
5485 21 0.2
5494 8 0.87
5498 11 0.23
5501 26 0.97
5503 17 0.21
5505 25 0.92
5507 17 0.1
5511 22 0.73
5514 23 0.76
5516 18 0.82
5517 15 0.62
5518 9 0.6
5523 4 0.47
5527 12 0.15
5539 13 0.23
5543 26 0.44
5547 20 0.99
5548 8 0.69
5551 28 0.71
5555 27 0.69
5557 13 0.76
5558 16 0.12
5559 12 0.1
5560 4 0.59
5572 19 0.27
5579 5 0.9
5580 26 0.29
5585 3 0.19
5587 24 0.72
5592 16 0.03
5602 27 0.17
5603 16 0.85
5610 8 0.91
5618 2 0.82
5620 17 0.79
5624 8 0.93
5630 19 0.06
5636 8 0.91
5640 28 0.98
5648 17 0.26
5654 4 0.08
5656 10 0.18
5658 13 0.64
5661 1 0.69
5665 9 0.04
5670 19 0.98
5675 2 0.84
5676 2 0.65
5682 13 0.18
5698 8 0.28
5702 5 0.27
5703 10 0.37
5704 26 0.82
5708 25 0.54
5711 23 0.69
5713 0 0.92
5721 8 0.05
5724 1 0.86
5733 5 0.85
5735 11 0.02
5741 5 0.66
5745 20 0.36
5746 8 0.3
5747 5 0.19
5750 22 0.5
5757 7 0.2
5761 29 0.71
5762 2 0.51
5765 25 0.19
5773 7 0.98
5776 29 0.54
5777 28 0.61
5782 18 0.56
5784 22 0.36
5786 4 0.76
5791 14 0.01
5792 24 0.45
5795 22 0.13
5797 21 0.89
5805 23 0.31
5806 23 0.04
5808 0 0.28
5812 18 0.35
5817 19 0.7
5819 29 0.63
5828 24 0.45
5835 18 0.06
5843 21 0.62
5846 5 0.47
5849 28 0.74
5853 16 0.93
5854 5 0.87
5857 3 0.26
5862 19 0.24
5864 11 0.88
5865 9 0.57
5871 27 0.94
5872 12 0.56
5875 6 0.42
5880 19 0.16
5884 6 0.34
5885 10 0.09
5887 28 0.65
5891 4 0.12
5892 16 0.42
5896 27 0.26
5904 9 0.42
5906 26 0.41
5909 27 0.71
5910 17 0.42
5915 28 0.14
5919 0 0.47
5921 10 0.7
5922 19 0.2
5923 23 0.19
5924 25 0.21
5925 3 0.92
5926 24 0.77
5927 3 0.15
5928 26 0.97
5931 6 0.75
5944 26 0.95
5949 25 0.74
5963 24 0.71
5964 7 0.87
5965 27 0.65
5975 3 0.34
5976 18 0.08
5977 15 0.03
5978 17 0.48
5982 28 0.67
5984 20 0.34
5989 2 0.04
5994 23 0.11
5999 9 0.64
6005 13 0.97
6007 2 0.7
6009 2 0.84
6017 25 0.37
6018 15 0.85
6020 8 0.77
6024 14 0.26
6025 24 0.16
6029 4 0.39
6031 15 0.25
6035 11 0.62
6038 8 0.94
6047 18 0.57
6065 28 0.45
6066 21 0.7
6067 24 0.19
6069 25 0.33
6083 29 0.31
6084 21 0.62
6087 17 0.7
6089 6 0.5
6097 3 0.56
6107 0 0.95
6112 17 1.0
6115 20 0.75
6117 18 0.25
6124 12 0.06
6131 3 0.64
6132 12 0.56
6134 8 0.56
6136 17 0.28
6138 23 0.68
6139 0 0.14
6140 5 0.79
6152 0 0.01
6154 18 0.08
6156 9 0.1
6158 13 0.26
6166 21 0.2
6167 13 0.83
6169 23 0.89
6182 4 0.83
6183 18 0.86
6184 11 0.53
6185 8 0.44
6187 20 0.84
6190 27 0.57
6197 17 0.15
6200 12 0.19
6206 28 0.87
6210 3 0.43
6216 13 0.81
6220 3 0.09
6223 6 0.02
6224 1 0.56
6226 4 0.36
6229 27 0.26
6231 29 0.05
6232 20 0.05
6233 12 0.4
6238 15 0.99
6241 26 0.65
6248 19 0.18
6254 25 0.75
6256 12 0.53
6259 21 0.71
6260 5 0.14
6262 13 0.79
6264 29 0.74
6267 1 0.09
6273 24 0.02
6276 3 0.33
6277 25 0.69
6285 24 0.61
6290 12 0.66
6296 14 0.71
6298 16 0.18
6300 3 0.44
6301 16 0.06
6305 6 0.06
6306 13 0.21
6318 1 0.12
6320 15 0.15
6321 11 0.22
6322 25 0.63
6325 18 0.78
6332 1 0.34
6335 22 0.12
6336 19 0.15
6337 8 0.74
6344 5 0.51
6346 7 0.93
6347 16 0.99
6349 4 0.51
6354 25 0.43
6361 2 0.02
6366 29 0.82
6367 22 0.8
6372 4 0.67
6375 0 0.71
6376 13 0.72
6379 16 0.85
6382 3 0.49
6390 0 0.62
6395 1 0.02
6399 10 0.12
6404 4 0.42
6408 14 0.22
6409 15 0.87
6415 0 0.3
6426 27 0.71
6427 28 0.5
6429 13 0.89
6439 17 0.08
6442 4 0.22
6443 18 0.25
6445 29 0.29
6447 6 0.46
6448 20 0.38
6449 14 0.78
6450 24 0.7
6460 4 0.05
6461 17 0.48
6462 7 0.83
6463 23 0.12
6466 1 0.13
6467 11 0.92
6476 14 0.36
6481 25 0.98
6484 21 0.58
6486 23 0.7
6492 10 0.93
6495 20 0.16
6515 29 0.18
6516 11 0.49
6521 3 0.89
6529 20 0.87
6530 10 0.89
6531 28 0.21
6532 5 0.48
6536 2 0.71
6538 19 0.25
6541 26 0.66
6544 22 0.79
6546 9 0.71
6554 10 0.01
6557 3 0.64
6570 9 0.49
6584 10 0.35
6585 22 0.29
6586 13 0.86
6595 2 0.43
6596 9 0.88
6597 10 0.18
6603 6 0.22
6604 23 0.11
6605 8 0.06
6608 1 0.72
6611 25 0.31
6612 20 0.63
6613 23 0.88
6615 6 0.07
6624 21 0.96
6632 28 0.94
6635 6 0.52
6636 16 0.19
6640 18 0.42
6647 6 0.39
6656 21 0.16
6660 29 0.36
6663 1 0.69
6666 29 0.46
6668 27 0.78
6669 2 0.58
6670 11 0.33
6672 14 0.33
6674 5 0.01
6687 29 0.4
6693 11 0.72
6696 6 0.13
6703 27 0.45
6704 26 0.28
6705 27 0.82
6710 4 0.27
6711 25 0.62
6716 28 0.23
6722 28 0.73
6724 2 0.22
6731 1 0.67
6736 6 0.54
6737 29 0.12
6740 26 0.71
6742 29 0.45
6744 0 0.53
6745 26 0.77
6746 16 0.79
6748 18 0.36
6749 16 0.88
6750 7 0.6
6751 14 0.56
6755 21 0.25
6756 4 0.88
6761 18 0.16
6765 18 0.79
6766 28 0.37
6768 25 0.18
6786 23 0.56
6790 27 0.88
6793 15 0.35
6798 28 0.51
6799 13 0.31
6800 8 0.92
6806 9 0.04
6807 21 1.0
6817 18 0.83
6820 22 0.62
6822 3 0.87
6823 24 0.7
6824 14 0.92
6827 6 0.12
6828 12 0.09
6834 10 0.31
6848 14 0.14
6850 7 0.69
6857 25 0.57
6867 20 0.27
6869 28 0.87
6870 3 0.1
6876 16 0.83
6878 17 0.47
6884 24 0.22
6887 29 0.08
6897 25 0.44
6901 5 1.0
6903 4 0.08
6913 7 0.7
6924 14 0.16
6928 29 0.82
6930 24 0.3
6935 28 0.58
6937 16 0.2
6948 16 0.27
6950 29 0.52
6954 11 0.01
6956 19 0.32
6959 7 0.99
6960 15 0.0
6972 11 0.89
6981 7 0.03
6983 24 0.32
6987 28 0.18
6990 0 0.4
6992 18 0.84
7000 19 0.4
7001 0 0.91
7006 27 0.57
7008 29 0.23
7010 13 0.65
7012 10 0.95
7023 19 0.56
7024 24 0.75
7025 19 0.68
7026 21 0.43
7029 28 0.95
7030 23 0.51
7047 9 0.83
7049 25 0.48
7050 4 0.06
7057 8 0.2
7062 12 0.14
7065 15 0.02
7069 7 0.53
7073 15 0.07
7078 6 0.05
7083 18 0.75
7084 24 0.75
7091 3 0.09
7094 23 0.51
7102 6 0.22
7104 21 0.98
7105 5 0.5
7113 16 0.28
7118 5 0.71
7121 29 0.66
7124 16 0.15
7125 17 0.5
7133 4 0.87
7137 9 0.39
7139 4 0.19
7141 17 0.38
7143 28 0.93
7144 1 0.34
7148 29 0.96
7153 7 0.55
7158 24 0.29
7163 19 0.1
7167 26 0.08
7170 1 0.92
7171 15 0.53
7173 25 0.93
7176 18 0.93
7179 14 0.62
7183 19 0.99
7185 7 0.09
7186 29 0.93
7197 20 0.14
7202 1 0.88
7204 2 0.73
7206 7 0.97
7207 26 0.87
7210 28 0.07
7211 5 0.05
7217 21 0.79
7223 23 0.64
7225 22 0.69
7233 27 0.7
7237 14 0.32
7252 16 0.17
7257 17 0.09
7260 2 0.81
7263 12 0.45
7264 12 0.12
7265 27 0.6
7266 2 0.03
7269 11 0.53
7272 17 0.45
7280 25 0.69
7282 20 0.46
7283 15 0.58
7287 16 0.49
7290 7 0.86
7291 18 0.64
7293 23 0.23
7296 3 0.54
7297 15 0.43
7299 6 0.85
7301 18 0.02
7310 6 0.4
7313 26 0.32
7314 16 0.49
7315 2 0.21
7316 4 0.17
7317 0 0.09
7319 22 0.79
7322 10 0.58
7325 16 0.7
7329 26 0.19
7333 24 0.63
7334 2 0.11
7341 23 0.1
7344 23 0.99
7345 7 0.4
7349 28 0.54
7350 20 0.31
7351 4 0.06
7352 7 0.63
7358 26 0.58
7368 12 0.53
7371 6 0.49
7372 26 0.39
7373 26 0.37
7376 0 0.94
7378 1 0.81
7387 28 0.91
7388 6 0.58
7389 23 0.37
7393 21 0.18
7395 15 0.15
7404 23 0.43
7406 10 0.27
7407 16 0.61
7412 5 0.38
7413 28 0.29
7425 28 0.95
7428 13 0.19
7432 9 0.19
7437 21 0.53
7439 3 0.49
7440 18 0.91
7450 0 0.6
7453 12 0.14
7461 10 0.22
7462 28 0.78
7466 19 0.04
7478 23 0.74
7481 4 0.16
7486 28 0.69
7497 7 0.75
7501 19 0.13
7502 23 0.22
7506 3 0.87
7524 13 0.82
7527 21 0.52
7530 20 0.57
7533 26 0.27
7535 25 0.72
7536 24 0.43
7538 29 0.43
7548 8 0.8
7551 29 0.54
7554 5 0.02
7555 27 0.37
7557 14 0.89
7559 2 0.53
7560 15 0.19
7561 20 0.99
7572 11 0.37
7573 14 0.82
7576 15 0.65
7582 8 0.87
7586 1 0.86
7595 5 0.99
7598 9 0.02
7599 21 0.95
7601 10 0.72
7604 18 0.8
7609 0 0.06
7615 14 0.9
7621 0 0.14
7623 7 0.48
7627 1 0.87
7629 7 0.02
7634 19 0.67
7642 19 0.48
7643 7 0.6
7644 6 0.25
7652 18 0.77
7657 24 0.95
7663 24 0.66
7673 18 0.24
7675 13 0.33
7676 17 0.87
7678 23 0.03
7680 4 0.86
7681 19 0.34
7685 0 0.39
7686 3 0.39
7692 11 0.49
7694 22 0.69
7696 26 0.19
7699 16 0.77
7702 23 0.41
7705 24 0.83
7707 22 0.42
7708 25 0.3
7715 18 0.33
7717 0 1.0
7718 13 0.85
7725 14 0.51
7729 12 0.38
7731 24 0.01
7735 12 0.69
7741 6 0.37
7742 14 0.74
7747 14 0.72
7751 16 0.16
7754 3 0.59
7757 21 0.43
7760 25 0.12
7762 12 0.15
7764 3 0.96
7765 5 0.0
7772 16 0.0
7774 20 0.95
7778 6 0.99
7782 0 0.81
7783 7 0.74
7785 21 0.98
7786 3 0.31
7791 23 0.14
7792 12 0.84
7799 15 0.05
7804 24 0.36
7805 7 0.82
7820 3 0.04
7823 5 0.78
7825 4 0.62
7827 5 0.97
7829 23 0.49
7835 13 0.03
7838 3 0.4
7841 23 0.38
7848 13 0.01
7852 20 0.57
7856 8 0.3
7860 15 0.29
7870 15 0.03
7874 17 0.29
7877 6 0.51
7879 11 0.51
7884 21 0.45
7888 0 0.68
7889 1 0.01
7893 26 0.62
7894 6 0.29
7911 8 0.55
7914 27 0.18
7916 22 0.28
7917 12 0.09
7920 0 0.2
7929 26 0.48
7931 9 0.89
7934 19 0.14
7937 29 0.55
7941 16 0.05
7942 7 0.35
7950 27 0.71
7955 11 0.12
7964 4 0.6
7965 7 0.0
7966 2 0.01
7976 11 0.96
7979 25 0.31
7992 18 0.46
7995 27 0.47
8003 15 0.73
8007 7 0.32
8011 24 0.4
8012 28 0.89
8017 18 0.59
8022 5 0.55
8023 6 0.22
8024 10 0.47
8035 9 0.95
8045 10 0.44
8048 11 0.07
8055 7 0.19
8057 18 0.06
8058 7 0.11
8059 18 0.11
8065 11 0.36
8077 13 0.73
8080 24 0.55
8084 20 0.86
8087 4 0.4
8091 9 0.35
8092 0 0.6
8099 18 0.56
8100 27 0.09
8102 5 0.23
8103 0 0.95
8110 24 0.67
8115 29 0.7
8117 28 0.27
8123 4 0.44
8124 17 0.42
8129 0 0.65
8138 5 0.91
8139 17 0.44
8142 8 0.14
8144 27 0.32
8147 25 0.35
8150 25 0.4
8159 15 0.73
8170 0 0.59
8172 24 0.58
8175 4 0.41
8177 26 0.85
8197 1 0.82
8199 17 0.57
8202 16 0.24
8204 20 0.12
8223 1 0.16
8224 15 0.45
8226 23 0.31
8232 15 0.04
8234 25 0.22
8236 14 0.43
8260 26 0.7
8261 21 0.39
8275 16 0.43
8280 29 0.55
8283 28 0.97
8285 24 0.34
8292 20 0.9
8298 26 0.33
8300 9 0.23
8301 4 0.73
8302 0 0.01
8306 26 0.59
8307 14 0.37
8310 13 0.5
8311 7 0.25
8325 11 0.63
8327 0 0.86
8335 13 0.92
8341 14 0.62
8343 0 0.63
8344 8 0.19
8346 4 0.16
8348 20 0.06
8350 26 0.66
8353 20 0.76
8354 3 0.06
8364 21 0.74
8365 27 0.99
8368 7 0.42
8374 21 0.78
8381 22 0.5
8383 10 0.13
8389 1 0.14
8391 27 0.04
8396 4 0.07
8399 10 0.59
8401 15 0.72
8403 16 0.55
8414 14 0.46
8422 5 0.92
8436 1 0.43
8439 22 0.41
8440 16 0.15
8441 20 0.35
8444 19 0.81
8445 29 0.71
8446 2 0.91
8450 0 0.15
8455 6 0.1
8460 20 0.06
8474 13 0.91
8475 10 0.42
8476 25 0.47
8483 21 0.69
8486 18 0.75
8490 12 0.46
8493 26 0.63
8497 0 0.94
8503 21 0.36
8504 5 0.43
8506 22 0.75
8512 22 0.94
8513 0 0.04
8514 20 0.16
8515 29 0.22
8516 8 0.61
8520 10 0.57
8521 12 0.22
8524 22 0.24
8525 1 0.6
8537 2 0.97
8538 6 0.49
8540 11 0.91
8543 10 0.09
8546 13 0.83
8549 19 0.3
8559 16 0.05
8561 13 0.71
8562 10 0.13
8565 25 0.65
8568 12 0.07
8572 15 0.3
8577 23 0.57
8580 8 0.02
8582 7 0.83
8586 6 0.78
8592 1 0.33
8596 11 0.45
8603 2 0.24
8607 7 0.5
8611 17 0.34
8613 27 0.22
8617 16 0.66
8619 13 0.55
8622 29 0.43
8625 18 0.21
8627 28 0.15
8628 15 0.55
8633 13 0.79
8635 28 0.94
8640 1 0.5
8642 6 0.77
8645 5 0.82
8670 5 0.82
8681 24 0.97
8682 17 0.94
8684 14 0.86
8686 25 0.38
8688 29 0.54
8690 18 0.95
8695 15 0.29
8696 18 0.45
8700 2 0.02
8701 27 0.57
8703 17 0.9
8704 2 0.3
8707 8 0.27
8708 3 0.58
8709 15 0.5
8712 9 0.91
8720 8 0.88
8723 3 0.32
8724 25 0.02
8733 10 0.84
8739 19 0.07
8740 29 0.32
8741 3 0.66
8742 26 0.86
8747 8 0.72
8748 15 0.97
8749 14 0.71
8751 26 0.17
8756 29 0.23
8761 7 0.18
8765 12 0.09
8769 19 0.12
8771 10 0.53
8774 26 0.8
8775 28 0.4
8778 3 0.51
8779 21 0.78
8780 1 0.42
8781 8 0.72
8783 27 0.12
8784 8 0.6
8787 2 0.92
8791 3 0.42
8792 26 0.97
8797 22 0.01
8803 23 0.66
8805 19 0.8
8822 22 0.51
8823 16 0.93
8828 26 0.22
8830 25 0.39
8833 14 0.66
8835 24 0.06
8846 23 0.54
8848 19 0.96
8850 3 0.99
8853 21 0.27
8856 25 0.99
8860 1 0.68
8861 29 0.22
8863 4 0.48
8867 28 0.6
8868 7 0.77
8872 6 0.38
8878 7 0.59
8882 18 0.23
8884 27 0.43
8895 24 0.8
8896 22 0.4
8899 22 0.29
8902 18 0.35
8912 19 0.56
8915 24 0.87
8916 5 0.44
8918 14 0.57
8925 22 0.69
8929 6 0.72
8940 14 0.77
8941 13 0.17
8950 25 0.78
8958 22 0.82
8962 12 0.08
8968 21 0.35
8976 4 0.64
8978 29 0.62
8980 2 0.64
8982 18 0.1
8987 22 0.33
8989 26 0.83
8990 15 0.97
8992 12 0.53
8995 19 0.3
9003 19 0.14
9005 17 0.07
9008 0 0.66
9009 11 0.11
9010 16 0.77
9011 6 0.85
9012 19 0.54
9014 22 0.83
9018 24 0.13
9027 14 0.14
9031 0 0.66
9041 29 0.55
9042 23 0.14
9053 16 0.65
9055 23 0.92
9057 22 0.12
9064 4 0.42
9073 0 0.77
9074 9 0.8
9079 21 0.42
9090 17 0.63
9094 9 0.29
9095 7 0.73
9096 16 0.96
9097 17 0.68
9109 26 0.56
9112 29 0.3
9115 7 0.39
9118 28 0.5
9119 16 0.74
9120 27 0.24
9126 29 0.53
9131 21 0.38
9132 2 0.83
9133 19 0.24
9135 20 0.45
9142 18 0.14
9144 9 0.03
9146 22 0.23
9149 8 0.86
9154 9 0.24
9155 13 0.94
9158 13 0.59
9159 18 0.38
9172 24 0.37
9177 25 0.43
9178 1 0.27
9181 9 0.51
9185 2 0.34
9194 23 0.68
9198 21 0.72
9200 6 0.48
9204 15 0.31
9207 25 0.55
9211 8 0.15
9214 13 0.44
9215 11 0.03
9216 10 0.54
9221 8 0.13
9224 13 0.88
9226 22 0.65
9228 0 0.91
9231 10 0.6
9232 6 0.36
9236 5 0.43
9238 5 0.65
9240 9 0.77
9245 22 0.69
9247 1 0.05
9253 23 0.56
9254 10 0.75
9255 22 0.87
9268 7 0.2
9274 29 0.17
9276 0 0.77
9282 17 0.34
9283 29 0.76
9285 18 0.82
9289 10 0.91
9293 7 0.85
9296 12 0.05
9301 21 0.57
9302 16 0.42
9304 19 0.17
9308 21 0.08
9323 1 0.06
9332 1 0.31
9339 21 0.75
9340 28 0.12
9342 0 0.44
9343 25 0.7
9344 9 0.07
9348 19 0.49
9352 19 0.17
9353 15 0.82
9355 18 0.22
9357 7 0.35
9360 17 0.67
9361 1 0.66
9368 27 0.68
9370 24 0.23
9372 28 0.6
9376 27 0.56
9379 2 0.91
9382 15 0.0
9384 26 0.97
9387 18 0.79
9395 22 0.37
9398 2 0.16
9401 9 0.57
9408 5 0.13
9409 13 0.31
9417 21 0.56
9420 2 0.25
9423 1 0.22
9427 0 1.0
9430 14 0.26
9432 25 0.95
9433 6 0.81
9436 16 0.3
9437 15 0.71
9442 27 0.96
9445 2 0.71
9446 20 0.15
9458 19 0.7
9460 24 0.45
9462 6 0.94
9465 21 0.03
9469 15 0.62
9478 7 0.07
9479 15 0.07
9486 5 0.48
9488 19 0.14
9489 6 0.75
9493 9 0.25
9494 10 0.19
9500 29 0.15
9504 17 0.36
9505 7 0.4
9506 11 0.48
9507 4 0.79
9516 24 0.21
9519 11 0.02
9520 8 0.2
9522 17 0.69
9523 13 0.83
9528 13 0.03
9529 27 0.57
9531 13 0.26
9532 26 0.63
9537 25 0.94
9541 26 0.6
9542 29 0.77
9543 21 0.69
9545 14 0.05
9550 17 0.28
9558 21 0.73
9560 8 0.04
9564 13 0.83
9575 12 0.3
9577 23 0.24
9580 21 0.3
9583 1 0.14
9585 28 0.89
9593 21 0.43
9600 16 0.04
9610 15 0.19
9612 24 0.83
9625 15 0.22
9626 0 0.76
9627 10 0.44
9638 19 0.01
9639 17 0.9
9640 12 0.69
9642 28 0.94
9649 10 0.12
9650 13 0.87
9658 6 0.93
9661 26 0.59
9666 1 0.5
9677 9 0.76
9678 21 0.21
9681 18 0.82
9685 26 0.79
9701 15 0.89
9705 7 0.73
9707 7 0.01
9711 21 0.75
9712 8 0.88
9713 20 0.96
9717 3 0.98
9718 0 0.05
9731 9 0.52
9732 8 0.09
9735 10 0.84
9744 16 0.49
9746 7 0.79
9751 25 0.04
9758 15 0.7
9759 5 0.65
9766 17 0.89
9767 12 0.14
9770 26 0.95
9771 10 0.88
9777 28 0.05
9783 15 0.04
9785 19 0.77
9796 17 0.92
9802 3 0.89
9807 7 0.45
9809 10 0.78
9811 24 0.96
9812 10 0.82
9813 7 0.16
9817 0 0.44
9819 10 0.22
9823 26 0.0
9830 18 0.59
9833 25 0.24
9835 4 0.65
9842 27 0.5
9844 8 0.24
9848 26 0.15
9849 26 0.16
9859 22 0.15
9866 22 0.54
9878 20 0.84
9880 19 0.77
9883 0 0.23
9884 2 0.99
9889 5 0.74
9891 5 0.4
9894 18 0.68
9897 11 0.29
9898 10 0.64
9903 22 0.46
9905 7 0.91
9910 10 0.15
9912 7 0.03
9930 16 0.9
9931 18 0.88
9932 11 0.36
9937 29 0.58
9939 8 0.32
9949 13 0.06
9956 23 0.72
9961 0 0.69
9963 3 0.95
9966 12 0.03
9967 3 0.66
9968 10 0.26
9969 29 1.0
9971 0 0.63
9976 24 1.0
9984 4 0.2
9994 26 0.08
9995 6 0.92
9996 6 0.03
9997 10 0.53
10001 27 0.05
10002 6 0.12
10005 26 0.18
10015 21 0.97
10022 29 0.43
10023 20 0.15
10027 13 0.06
10028 17 0.51
10034 0 0.99
10050 18 0.56
10051 6 0.63
10060 6 0.3
10061 9 0.14
10063 21 0.53
10064 18 0.36
10066 0 0.32
10067 25 0.3
10068 13 0.98
10070 18 0.67
10078 11 0.85
10083 19 0.22
10088 29 0.11
10102 23 0.98
10104 14 0.27
10105 26 0.84
10116 26 0.97
10122 6 0.25
10132 28 0.57
10133 7 0.6
10139 29 0.1
10141 3 0.91
10147 15 0.86
10150 2 0.85
10151 16 0.57
10153 19 0.47
10154 5 0.21
10156 6 0.43
10158 3 0.13
10159 2 0.09
10163 2 0.6
10164 2 0.26
10173 13 0.47
10175 8 0.62
10178 24 0.4
10181 19 0.61
10183 6 0.01
10192 10 0.78
10202 17 0.69
10204 18 0.89
10211 12 0.2
10212 16 0.02
10213 10 0.37
10217 1 0.69
10220 12 0.43
10223 16 0.28
10229 15 0.32
10234 22 0.28
10236 16 0.77
10245 6 0.18
10251 26 0.42
10252 21 0.45
10260 12 0.71
10263 20 0.66
10266 13 0.01
10267 1 0.41
10276 17 0.15
10286 3 0.36
10290 23 0.99
10291 15 0.13
10295 13 0.36
10308 20 0.65
10311 17 0.19
10312 20 0.3
10315 27 0.84
10321 22 0.52
10325 0 0.87
10331 4 0.63
10334 28 0.96
10336 10 0.92
10337 12 0.74
10338 9 0.06
10342 18 0.98
10347 20 0.78
10348 26 0.48
10354 20 0.74
10358 25 0.9
10359 15 0.24
10365 14 0.53
10367 24 0.79
10368 24 0.99
10370 26 0.48
10372 13 0.5
10381 23 0.06
10384 1 0.41
10385 4 0.41
10394 25 0.82
10396 11 0.49
10397 13 0.25
10399 14 0.21
10403 29 0.05
10404 11 0.32
10406 12 0.67
10409 0 0.04
10410 0 0.64
10411 17 0.28
10420 5 0.17
10421 17 0.97
10424 17 0.26
10428 11 0.5
10445 23 0.71
10446 12 0.42
10451 24 0.99
10454 23 0.54
10456 13 0.63
10458 7 0.86
10462 1 0.02
10464 12 0.12
10466 8 0.04
10469 22 0.29
10475 7 0.27
10487 22 0.55
10497 29 0.75
10501 24 0.27
10505 14 0.09
10508 8 0.06
10513 26 0.2
10520 21 0.07
10527 25 0.07
10535 22 0.67
10539 26 0.33
10540 19 0.05
10548 7 0.18
10551 29 0.74
10552 23 0.57
10554 3 0.81
10558 24 0.62
10563 19 0.64
10564 18 0.66
10565 21 0.78
10568 0 0.11
10572 26 0.75
10573 21 0.88
10576 23 0.96
10583 25 0.69
10587 17 0.94
10595 21 0.95
10598 23 0.56
10600 13 0.73
10606 24 0.92
10610 28 0.66
10619 22 0.98
10623 23 0.53
10625 8 0.46
10628 22 0.78
10654 25 0.22
10657 22 0.83
10659 7 0.53
10660 8 0.04
10661 10 0.56
10667 1 0.13
10671 17 0.53
10675 22 0.89
10681 15 0.22
10685 3 0.07
10689 20 0.29
10691 17 0.86
10695 26 0.15
10698 10 0.86
10706 0 0.46
10714 1 0.45
10715 12 0.22
10717 9 0.14
10722 13 0.93
10725 0 0.56
10730 21 0.67
10734 6 0.48
10736 13 0.81
10744 20 0.2
10746 21 0.87
10750 10 0.18
10753 9 0.71
10769 16 0.74
10774 14 0.75
10778 22 0.41
10780 4 0.54
10783 23 0.97
10786 16 0.26
10791 20 0.66
10803 5 0.41
10805 13 0.8
10813 28 0.74
10816 27 0.8
10823 9 0.02
10824 22 0.7
10827 2 0.16
10828 6 0.39
10829 13 0.07
10842 8 0.39
10844 25 0.14
10845 10 0.02
10847 17 0.85
10848 1 0.81
10850 19 0.52
10858 23 0.33
10862 1 0.71
10866 14 0.57
10867 15 0.77
10868 23 0.49
10870 25 0.28
10872 21 0.89
10876 2 0.48
10881 17 0.69
10886 27 0.34
10887 23 0.05
10890 26 0.6
10892 16 0.87
10897 6 0.59
10898 7 0.81
10899 4 0.03
10902 5 0.45
10903 11 0.93
10908 14 0.64
10909 5 0.32
10911 17 0.19
10915 4 0.37
10918 5 0.3
10920 11 0.06
10923 21 0.66
10925 5 0.95
10928 12 0.66
10940 8 0.43
10946 10 0.03
10949 10 0.32
10953 24 0.61
10956 6 0.38
10958 18 0.95
10959 19 0.93
10964 14 0.43
10965 9 0.72
10969 23 0.07
10970 19 0.58
10980 22 0.21
10981 0 0.92
10985 15 0.23
10988 27 0.35
10989 3 0.14
10990 18 0.15
10993 13 0.21
10999 9 0.47
11004 15 0.57
11009 29 0.06
11012 8 0.93
11013 4 0.97
11015 24 0.91
11016 19 0.3
11017 5 0.95
11019 21 0.43
11027 28 0.78
11029 27 0.56
11035 27 0.04
11040 14 0.7
11049 24 0.65
11052 17 0.76
11057 7 0.89
11074 0 0.08
11077 2 0.56
11079 25 0.77
11081 14 0.99
11082 24 0.36
11096 5 0.82
11100 16 0.41
11104 15 0.25
11109 25 0.08
11112 21 0.95
11113 6 0.44
11114 16 0.17
11115 25 0.56
11120 5 0.81
11127 2 0.22
11132 5 0.18
11134 21 0.26
11136 6 0.62
11147 20 0.49
11153 23 0.38
11154 9 0.63
11156 21 0.89
11157 29 0.42
11160 20 0.2
11165 28 0.59
11168 17 0.16
11169 14 0.68
11172 2 0.12
11173 18 0.95
11174 24 0.67
11175 26 0.33
11176 22 0.62
11178 12 0.47
11185 20 0.78
11187 7 0.84
11191 19 0.36
11194 27 0.53
11198 5 0.51
11208 19 0.39
11209 2 0.05
11212 2 0.09
11214 26 0.66
11222 5 0.31
11223 24 0.24
11227 1 0.57
11228 22 0.15
11229 13 0.72
11234 14 0.85
11235 3 0.82
11238 29 0.93
11242 22 0.49
11245 15 0.79
11247 27 0.18
11251 24 0.39
11254 8 0.57
11266 13 0.17
11268 15 0.67
11271 0 0.19
11273 22 0.68
11279 13 0.75
11281 27 0.53
11285 22 0.56
11288 21 0.95
11295 4 0.03
11303 1 0.3
11307 3 0.71
11308 26 0.77
11315 10 0.4
11318 17 0.06
11319 1 0.15
11325 18 0.68
11326 20 0.95
11331 1 0.64
11332 7 0.49
11335 26 0.47
11336 17 0.39
11343 14 0.61
11344 0 0.59
11345 10 0.84
11347 26 0.26
11350 17 0.07
11352 6 0.1
11353 26 0.23
11354 11 0.2
11359 1 0.93
11363 11 0.7
11364 0 0.14
11365 23 0.47
11369 19 0.17
11370 13 1.0
11371 18 0.72
11377 28 0.66
11378 20 0.06
11381 16 0.91
11386 0 0.82
11387 17 0.26
11400 26 0.3
11401 7 0.93
11404 6 0.89
11405 19 0.68
11408 28 0.99
11412 13 0.37
11419 2 0.8
11420 6 0.49
11422 24 0.25
11423 27 0.34
11431 19 0.75
11432 22 0.5
11434 25 0.15
11435 28 0.56
11436 17 0.39
11442 28 0.81
11445 25 0.67
11446 27 0.74
11447 21 0.97
11470 16 0.32
11476 3 0.71
11479 5 0.63
11480 9 0.74
11484 1 0.42
11489 17 0.36
11493 13 0.4
11495 27 0.62
11500 3 0.22
11508 20 0.7
11510 29 0.25
11517 3 0.55
11521 23 0.52
11522 19 0.27
11525 3 0.16
11531 0 0.43
11537 12 0.8
11544 11 0.47
11546 25 0.67
11548 22 0.17
11551 21 0.6
11555 2 0.37
11556 1 0.71
11557 26 0.62
11565 6 0.68
11575 6 0.04
11577 2 0.06
11579 16 0.63
11614 12 0.25
11615 10 0.97
11621 5 0.88
11622 17 0.47
11625 29 0.41
11626 26 0.89
11641 25 0.53
11644 10 0.29
11646 4 0.56
11648 5 0.89
11652 9 0.35
11664 19 0.04
11666 2 0.21
11669 5 0.58
11671 28 0.14
11672 1 0.4
11674 3 0.74
11683 28 0.52
11685 0 0.14
11689 4 0.94
11693 1 0.0
11697 6 0.75
11703 27 0.11
11705 5 0.35
11707 15 0.83
11708 3 0.71
11711 1 0.49
11722 18 0.44
11723 28 0.94
11726 24 0.67
11727 4 0.69
11730 18 0.9
11737 22 0.84
11740 14 0.9
11749 27 0.04
11750 20 0.42
11757 3 0.13
11762 29 0.0
11768 3 0.53
11775 18 0.24
11777 26 0.2
11778 25 0.08
11779 25 0.4
11785 10 0.65
11789 23 0.04
11790 0 0.52
11792 0 0.51
11793 2 0.21
11794 21 0.24
11799 6 0.85
11802 7 0.18
11804 8 0.54
11806 23 0.16
11807 11 0.09
11813 28 0.37
11814 0 0.29
11822 3 0.77
11826 10 0.43
11836 29 0.96
11845 18 0.96
11846 16 0.25
11849 8 0.22
11854 25 0.76
11856 29 0.81
11860 9 0.15
11866 9 0.89
11867 26 0.79
11871 14 0.35
11878 14 0.42
11886 7 0.29
11889 16 0.55
11891 22 0.11
11904 16 0.12
11906 25 0.15
11909 3 0.72
11917 13 0.11
11918 21 0.59
11920 11 0.65
11927 24 0.88
11929 1 0.13
11932 1 0.52
11935 4 0.2
11937 19 0.88
11945 5 0.48
11946 12 0.1
11952 8 0.65
11954 12 0.25
11955 6 0.87
11959 5 0.2
11962 17 0.7
11963 26 0.82
11972 23 0.91
11973 5 0.97
11976 11 0.77
11986 14 0.2
11993 0 0.13
12001 21 0.11
12002 13 0.16
12013 21 0.65
12023 14 0.92
12024 23 0.68
12026 18 0.92
12027 23 0.23
12029 15 0.65
12030 8 0.97
12038 23 0.14
12039 17 0.46
12041 8 0.84
12042 12 1.0
12046 14 0.91
12047 14 0.67
12048 2 0.78
12049 24 0.66
12051 3 0.54
12054 29 0.34
12056 5 0.15
12060 28 0.52
12062 24 0.67
12067 8 0.31
12075 25 0.08
12083 27 0.34
12089 22 0.18
12092 10 0.57
12096 15 0.28
12097 6 0.98
12102 26 0.22
12106 13 0.87
12107 27 0.53
12112 22 0.84
12117 16 0.72
12126 22 0.3
12132 12 0.98
12133 5 0.67
12134 29 0.9
12142 24 0.03
12143 3 0.76
12160 10 0.79
12168 12 0.17
12169 9 0.68
12180 14 0.25
12182 27 0.46
12190 2 0.96
12195 24 0.59
12202 0 0.02
12206 24 0.28
12207 0 0.97
12215 28 0.38
12220 3 0.22
12221 22 0.36
12226 25 0.49
12227 18 0.13
12228 28 0.99
12229 13 0.33
12231 23 0.94
12233 3 0.28
12235 22 0.89
12240 19 0.56
12243 29 0.06
12245 15 0.84
12248 12 0.24
12253 3 0.83
12254 17 0.43
12258 1 0.2
12268 9 0.25
12272 15 0.56
12274 8 0.21
12276 1 0.49
12279 18 0.36
12281 0 0.64
12282 17 0.94
12284 0 0.14
12287 8 0.52
12288 29 0.34
12296 19 0.46
12297 4 0.24
12305 26 0.4
12308 5 0.39
12310 27 0.38
12313 28 0.52
12324 15 0.8
12335 19 0.33
12341 0 0.32
12355 4 0.95
12357 16 0.62
12359 24 0.2
12367 17 0.56
12371 10 0.95
12380 7 0.32
12381 21 0.06
12383 20 0.26
12389 6 0.9
12391 24 0.27
12394 15 0.69
12395 12 0.65
12397 26 0.1
12399 11 0.5
12400 27 0.81
12402 14 0.77
12404 18 0.29
12410 18 0.99
12413 15 0.37
12416 13 0.54
12421 12 0.32
12424 16 0.65
12430 26 0.26
12435 6 0.47
12440 21 0.72
12446 20 0.96
12447 19 0.23
12451 16 0.06
12465 21 0.73
12467 7 0.8
12471 20 0.17
12478 4 0.42
12479 21 0.13
12480 24 0.26
12481 8 1.0
12482 0 0.31
12500 2 0.39
12501 13 0.54
12504 7 0.42
12506 22 0.8
12511 15 0.13
12518 18 0.45
12519 28 0.38
12522 3 0.77
12529 24 0.78
12532 0 0.63
12537 18 0.49
12540 5 0.05
12543 9 0.37
12544 7 0.73
12545 12 0.23
12546 22 0.87
12547 21 0.76
12548 19 0.13
12552 2 0.69
12554 17 0.18
12556 1 0.11
12557 6 0.68
12564 18 0.48
12565 16 0.79
12566 5 0.2
12567 6 0.59
12569 16 0.69
12574 2 0.97
12575 9 0.81
12577 28 0.66
12580 9 0.17
12581 7 0.44
12584 29 0.48
12596 18 0.54
12598 12 0.03
12600 3 0.11
12603 26 0.29
12608 16 0.43
12617 17 0.85
12619 7 0.64
12622 11 0.04
12623 11 0.59
12624 6 0.47
12626 12 0.42
12629 9 0.17
12632 6 0.59
12634 24 0.35
12639 7 0.18
12641 25 0.28
12644 2 0.05
12647 17 0.15
12648 6 0.83
12650 13 0.97
12654 8 0.13
12658 24 0.06
12660 12 0.87
12661 9 0.82
12668 24 0.89
12682 9 0.83
12686 21 0.05
12692 6 0.6
12702 17 0.1
12709 27 0.78
12712 15 0.97
12718 28 0.44
12719 18 0.61
12721 22 0.22
12725 20 0.43
12727 13 0.71
12730 14 0.13
12735 24 0.54
12737 20 0.56
12738 19 0.61
12741 19 0.39
12746 24 0.4
12751 26 0.74
12752 27 0.1
12756 28 0.12
12760 19 0.07
12763 29 0.88
12765 3 0.45
12766 28 0.2
12774 20 0.92
12775 25 0.29
12783 18 0.13
12792 7 0.33
12795 20 0.59
12796 17 0.15
12797 16 0.28
12806 23 0.5
12808 20 0.22
12810 19 0.86
12822 18 0.55
12825 1 0.07
12827 12 0.47
12829 22 0.37
12832 24 0.32
12833 6 0.75
12841 18 0.08
12842 1 0.21
12843 28 0.92
12847 5 0.83
12849 3 0.27
12851 17 0.06
12852 21 0.41
12853 25 0.22
12869 29 0.21
12872 9 0.85
12875 12 0.74
12879 14 0.19
12881 4 0.72
12887 29 0.92
12893 6 0.55
12896 6 0.64
12901 0 0.28
12918 9 0.68
12923 18 0.27
12925 20 0.22
12931 7 0.33
12936 8 0.43
12937 22 0.68
12942 13 0.54
12945 26 0.02
12950 12 0.1
12951 24 0.38
12954 13 0.46
12959 4 0.2
12962 20 0.03
12964 11 0.09
12965 16 0.65
12966 14 0.12
12971 9 0.02
12976 21 0.04
12977 6 0.54
12987 27 0.9
12997 29 0.58
13000 13 0.38
13002 3 0.76
13005 5 0.01
13010 26 0.68
13011 9 0.36
13014 1 0.4
13018 6 0.3
13021 20 0.77
13035 2 0.67
13036 29 0.99
13046 1 0.43
13049 16 0.69
13052 16 0.41
13054 0 0.79
13056 26 0.51
13059 6 0.32
13062 16 0.06
13063 21 0.44
13075 3 0.23
13080 17 0.52
13081 27 0.65
13084 0 0.75
13088 27 1.0
13094 5 0.84
13098 4 0.81
13109 18 0.03
13112 19 0.95
13115 28 0.38
13117 29 0.3
13120 24 0.19
13121 7 0.1
13123 1 0.78
13127 21 0.72
13132 19 0.02
13137 16 0.62
13141 18 0.48
13142 24 0.85
13143 4 0.46
13152 7 0.87
13153 21 0.36
13158 6 0.75
13159 2 0.26
13160 29 0.59
13165 20 0.79
13172 28 0.76
13173 0 0.28
13175 26 0.2
13176 18 0.95
13179 0 0.27
13182 11 0.95
13183 27 0.29
13188 29 0.37
13194 14 0.29
13197 0 0.03
13200 9 0.74
13201 8 0.55
13208 11 0.95
13211 16 0.45
13213 20 0.82
13220 23 0.6
13221 20 0.47
13224 8 0.56
13228 16 0.82
13229 27 0.74
13235 21 0.6
13240 6 0.85
13243 15 0.15
13244 20 0.75
13246 19 0.32
13248 9 0.94
13251 20 0.41
13257 11 0.36
13264 16 0.07
13269 15 0.22
13271 28 0.77
13285 24 0.83
13288 13 0.82
13290 1 0.85
13292 14 0.09
13293 17 0.37
13294 22 0.19
13295 27 0.93
13305 4 0.03
13324 7 0.71
13328 23 0.9
13332 18 0.16
13334 13 0.43
13352 6 0.1
13355 3 0.07
13359 11 0.92
13361 8 0.01
13363 2 0.06
13365 29 0.29
13366 6 0.92
13374 21 0.77
13375 22 0.62
13379 25 0.73
13381 28 0.95
13386 14 0.55
13389 5 0.19
13390 21 0.69
13393 26 0.18
13394 7 0.01
13395 8 0.99
13396 10 0.99
13401 11 0.25
13409 26 0.59
13414 12 0.02
13415 20 0.22
13418 9 0.47
13420 10 0.19
13424 22 0.02
13434 13 0.21
13437 11 0.09
13440 26 0.46
13445 23 0.32
13455 4 0.34
13468 12 0.32
13472 12 0.58
13477 26 0.27
13481 24 0.05
13500 2 0.82
13501 29 0.77
13506 13 0.65
13514 8 0.33
13516 0 0.73
13517 0 0.59
13519 1 0.49
13526 27 0.28
13527 0 0.3
13539 27 0.26
13540 4 0.98
13541 28 0.06
13545 12 0.53
13551 19 0.54
13553 2 0.04
13555 7 0.03
13556 14 0.66
13559 12 0.78
13563 1 0.81
13568 6 0.4
13576 4 0.85
13580 8 0.25
13587 26 0.04
13588 1 0.15
13592 10 0.8
13594 17 0.88
13595 14 0.04
13597 18 0.79
13603 16 0.84
13604 8 0.23
13606 9 1.0
13611 21 0.75
13613 7 0.94
13615 28 0.48
13617 18 0.04
13627 5 0.39
13629 1 0.25
13630 8 0.39
13637 11 0.46
13646 2 0.29
13655 11 0.07
13657 20 0.05
13661 29 0.73
13663 14 0.01
13665 16 0.84
13667 23 0.46
13669 6 0.31
13673 7 0.32
13694 23 0.32
13702 20 0.99
13709 1 0.12
13711 19 0.54
13715 15 0.61
13717 0 0.58
13721 17 0.84
13724 12 0.57
13725 11 0.12
13728 15 0.3
13746 28 0.25
13752 12 0.12
13757 3 0.46
13758 6 0.81
13761 15 0.59
13774 9 0.42
13777 25 0.63
13778 26 0.85
13788 27 0.31
13792 28 0.51
13798 21 0.77
13805 8 0.04
13807 5 0.97
13808 25 0.54
13811 2 0.76
13815 17 0.6
13819 24 0.28
13821 8 0.01
13824 19 0.78
13826 6 0.25
13834 29 0.67
13840 11 0.23
13841 2 0.56
13842 14 0.79
13844 6 0.34
13849 12 0.39
13854 27 0.59
13858 16 0.13
13861 2 0.45
13865 15 0.35
13866 5 0.47
13867 6 0.26
13870 27 0.11
13875 22 0.21
13876 5 0.46
13878 8 0.72
13883 0 0.51
13886 29 0.91
13893 3 0.24
13895 4 0.83
13914 5 0.64
13923 6 0.51
13925 0 0.57
13928 23 0.07
13929 26 0.55
13931 1 0.03
13933 13 0.24
13940 28 0.9
13943 29 0.93
13952 9 0.95
13953 12 0.39
13954 5 0.07
13960 5 0.83
13963 20 0.68
13968 0 0.07
13969 23 0.97
13970 8 0.78
13978 20 0.23
13979 1 0.68
13980 7 0.73
13984 7 0.86
13988 16 0.51
13992 22 0.13
13995 24 0.57
14000 2 0.25
14003 8 0.12
14004 0 0.48
14008 24 0.04
14010 10 0.85
14014 21 0.73
14015 12 0.76
14018 15 0.31
14022 28 0.07
14025 0 0.52
14030 17 0.87
14034 29 0.9
14036 20 0.41
14043 6 0.24
14051 4 0.92
14052 3 0.33
14053 20 0.68
14057 6 0.52
14060 27 0.51
14064 6 0.93
14071 9 0.55
14072 4 0.41
14078 18 0.74
14087 19 0.54
14091 6 0.33
14096 1 0.66
14097 18 1.0
14098 7 0.75
14099 26 0.27
14100 23 0.52
14101 12 0.43
14102 10 0.18
14108 6 0.72
14110 22 0.7
14116 2 0.9
14126 25 0.98
14127 2 0.92
14137 10 0.08
14139 13 0.85
14144 24 0.33
14152 14 0.31
14154 2 0.02
14160 14 0.38
14163 22 0.79
14165 15 0.32
14167 11 0.14
14173 14 0.21
14175 29 0.05
14185 24 0.15
14187 18 0.43
14188 18 0.07
14192 26 0.23
14195 7 0.54
14198 14 0.03
14204 9 0.09
14205 9 0.49
14208 20 0.75
14209 5 0.8
14214 17 0.37
14219 21 0.65
14222 8 0.48
14223 3 0.81
14232 28 0.35
14235 17 0.52
14240 13 0.32
14246 20 0.27
14250 1 0.52
14257 16 0.79
14258 2 0.84
14259 10 0.5
14263 12 0.73
14264 8 0.97
14268 10 0.46
14271 6 0.4
14274 22 0.49
14275 17 0.75
14276 28 0.17
14281 15 0.69
14284 22 0.87
14286 6 0.13
14288 8 0.77
14289 4 0.01
14290 13 0.24
14291 13 0.91
14292 26 0.5
14294 12 0.66
14296 27 0.94
14300 22 0.52
14301 9 0.64
14303 2 0.35
14309 19 0.03
14312 21 0.77
14314 8 0.1
14315 20 0.17
14316 15 0.29
14317 10 0.47
14324 24 0.5
14327 23 0.59
14334 5 0.92
14338 21 0.25
14341 19 0.98
14342 7 0.97
14345 1 0.49
14347 13 0.58
14349 14 0.18
14350 25 0.05
14351 7 0.59
14357 20 0.51
14363 29 0.68
14371 13 0.72
14372 4 0.31
14373 5 0.11
14374 14 0.86
14379 19 0.86
14382 14 0.62
14385 19 0.86
14389 9 0.25
14397 9 0.96
14398 18 0.86
14407 18 0.37
14409 22 0.32
14416 8 0.71
14422 21 0.89
14442 18 0.17
14450 11 0.51
14452 23 0.85
14453 19 0.19
14457 7 0.28
14462 17 0.22
14466 18 0.63
14469 6 0.36
14478 3 0.21
14484 17 0.54
14488 26 0.32
14492 0 0.64
14493 1 0.66
14500 0 0.83
14504 1 0.44
14507 24 0.42
14521 23 0.6
14522 22 0.54
14523 8 0.82
14525 15 0.88
14530 26 0.56
14533 12 0.26
14535 1 0.39
14549 10 0.56
14551 3 0.05
14555 21 0.86
14556 2 0.83
14559 21 0.22
14563 20 0.68
14567 18 0.09
14571 26 0.25
14580 26 0.59
14584 22 0.8
14586 3 0.49
14592 8 0.63
14593 29 0.08
14598 26 0.27
14601 7 0.05
14605 27 0.32
14611 2 0.53
14617 7 0.04
14627 23 0.73
14628 1 0.8
14633 21 0.07
14634 14 0.13
14641 15 0.04
14643 12 0.79
14645 10 0.35
14646 21 0.21
14647 23 0.33
14654 24 0.71
14666 29 0.91
14673 1 0.62
14674 16 0.73
14682 17 0.11
14688 28 0.39
14689 4 0.46
14690 28 0.87
14691 4 0.46
14703 9 0.61
14712 1 0.59
14718 14 0.23
14721 1 0.7
14726 10 0.13
14727 17 0.68
14728 15 0.97
14730 25 0.1
14732 29 0.21
14734 16 0.48
14735 21 0.71
14736 14 0.44
14738 9 0.08
14742 4 0.95
14743 22 0.6
14746 26 0.31
14749 4 0.68
14751 23 0.15
14752 28 0.18
14759 12 0.08
14761 0 0.04
14763 27 0.44
14764 2 0.53
14768 6 0.07
14770 28 0.1
14775 13 0.37
14788 6 0.18
14789 11 0.52
14795 24 0.65
14798 3 0.85
14808 14 0.38
14811 13 0.92
14812 1 0.34
14816 16 0.11
14829 8 0.61
14859 26 0.64
14862 4 0.9
14863 15 0.84
14868 1 0.01
14874 7 0.55
14882 20 0.28
14887 26 0.38
14891 26 0.43
14895 13 0.56
14896 7 0.63
14915 13 0.85
14917 16 0.71
14921 3 0.93
14922 24 0.79
14925 11 0.62
14929 25 0.3
14935 1 0.87
14938 12 0.17
14941 5 0.91
14944 1 0.26
14946 10 0.07
14949 4 0.29
14953 2 0.9
14954 21 0.08
14956 5 0.58
14958 3 0.62
14961 0 0.93
14962 28 0.28
14967 25 0.35
14969 27 0.2
14970 29 0.08
14972 11 0.32
14974 0 0.14
14980 27 0.36
14988 7 0.03
14989 18 0.95
14991 18 0.05
14996 13 0.46
14997 9 0.35
15002 26 0.44
15003 28 0.54
15006 12 0.83
15007 16 0.61
15010 14 0.38
15013 15 0.19
15015 26 0.8
15019 13 0.37
15024 29 0.56
15036 23 0.29
15041 13 0.88
15049 20 0.27
15052 16 0.97
15057 27 0.68
15058 28 0.12
15060 25 0.64
15061 24 0.75
15064 24 0.53
15065 0 0.64
15066 0 0.94
15074 15 0.88
15081 8 0.65
15083 18 0.03
15085 8 0.22
15086 16 0.08
15088 7 0.46
15090 10 0.02
15093 20 0.01
15094 14 0.66
15101 13 0.73
15107 17 0.51
15111 15 0.76
15118 26 0.67
15126 4 0.02
15132 28 0.51
15134 10 0.29
15135 28 0.71
15142 0 0.94
15144 2 0.72
15151 29 0.29
15152 21 0.31
15154 27 0.15
15157 8 0.3
15160 28 0.8
15165 25 0.07
15183 21 0.77
15186 21 0.53
15192 13 0.88
15193 27 0.38
15194 18 0.75
15204 28 0.8
15207 8 0.42
15210 14 0.15
15216 27 0.47
15220 24 0.0
15222 19 0.84
15229 29 0.6
15231 26 0.2
15235 20 0.77
15236 16 0.79
15246 27 0.63
15259 18 0.56
15262 5 0.68
15268 14 0.61
15269 25 0.83
15271 14 0.96
15273 10 0.05
15279 11 0.61
15285 23 0.9
15287 16 0.18
15292 4 0.71
15296 10 0.46
15297 2 0.79
15299 0 0.7
15300 7 0.1
15305 6 0.63
15308 22 0.49
15313 20 0.17
15315 2 0.89
15318 13 0.99
15329 14 0.11
15330 4 0.44
15333 17 0.11
15335 28 0.6
15337 0 0.85
15338 14 0.65
15340 4 0.03
15341 10 0.44
15345 1 0.57
15349 4 0.47
15355 11 0.07
15360 3 0.67
15363 20 0.4
15369 29 0.42
15370 26 0.34
15373 0 0.15
15376 0 0.98
15385 14 0.54
15391 20 0.31
15395 17 0.88
15398 22 0.22
15405 19 0.53
15406 19 0.14
15409 28 0.41
15411 24 0.06
15412 1 0.07
15413 17 0.66
15415 26 0.25
15423 18 0.38
15432 7 0.65
15439 22 0.92
15446 7 0.96
15448 25 0.68
15450 15 0.27
15453 18 0.96
15454 15 0.36
15461 28 0.81
15468 8 0.55
15472 14 0.84
15475 1 0.49
15478 14 0.72
15479 28 0.68
15488 0 0.51
15493 1 0.5
15494 2 0.1
15502 25 0.29
15505 9 0.26
15508 21 0.09
15510 9 0.9
15515 3 0.5
15516 10 0.07
15518 27 0.98
15519 15 0.64
15528 3 0.67
15531 23 0.53
15533 13 0.02
15535 29 0.23
15538 10 0.46
15547 12 0.58
15549 26 0.05
15551 19 0.95
15553 25 0.53
15554 17 0.45
15574 12 0.71
15575 0 0.51
15576 19 0.92
15583 6 0.95
15590 21 0.95
15592 23 0.44
15598 18 0.91
15606 26 0.82
15608 1 0.99
15615 20 0.35
15616 0 0.51
15630 0 0.24
15640 3 0.87
15647 21 0.23
15649 29 0.04
15652 25 0.98
15657 3 0.12
15659 5 0.91
15663 7 0.43
15665 27 0.03
15667 11 0.93
15669 1 0.43
15672 17 0.27
15673 17 0.21
15677 25 0.05
15679 1 0.08
15683 20 0.37
15684 6 0.68
15689 28 0.74
15690 17 0.44
15693 7 0.83
15699 9 0.04
15700 9 0.82
15707 7 0.57
15719 2 0.84
15721 10 0.06
15722 8 0.07
15725 21 0.43
15730 23 0.05
15737 16 0.96
15740 1 0.43
15742 29 0.6
15746 17 0.4
15747 27 0.29
15750 25 0.21
15760 21 0.87
15762 2 0.77
15766 20 0.2
15771 2 0.43
15788 8 0.05
15798 7 0.16
15802 27 0.16
15806 12 0.94
15809 14 0.66
15810 10 0.33
15812 18 0.89
15813 25 0.29
15817 13 0.93
15829 27 0.26
15835 2 0.38
15836 21 0.93
15838 9 0.89
15841 2 0.54
15842 28 0.52
15844 23 0.53
15847 29 0.76
15850 2 0.8
15854 15 0.72
15857 9 0.21
15858 19 0.74
15859 18 0.32
15863 18 0.19
15865 6 1.0
15873 27 0.69
15875 12 0.03
15876 8 0.5
15879 25 0.87
15881 20 0.12
15889 27 0.98
15891 29 0.92
15894 20 0.37
15895 8 0.69
15909 0 0.29
15914 21 0.23
15920 29 0.06
15925 0 0.17
15926 27 0.95
15931 24 0.71
15938 6 0.22
15941 6 0.38
15944 27 0.7
15963 15 0.14
15970 4 0.76
15975 21 0.63
15984 29 0.24
15985 11 0.24
15994 18 0.53
16000 22 0.33
16002 1 0.46
16004 20 0.71
16005 15 0.47
16010 21 0.38
16011 28 0.72
16016 27 0.67
16018 19 0.65
16022 27 0.29
16027 1 0.0
16031 25 0.61
16032 6 0.44
16040 10 0.69
16042 9 0.62
16051 21 0.82
16052 10 0.83
16053 18 0.02
16056 0 0.69
16071 11 0.23
16077 18 0.74
16080 10 0.69
16083 23 0.16
16086 6 0.98
16089 10 0.39
16093 25 0.65
16094 7 0.01
16096 5 0.18
16100 8 0.62
16102 1 0.6
16104 21 0.74
16106 23 0.69
16109 19 0.84
16114 1 0.8
16115 4 0.06
16122 0 0.66
16126 15 0.04
16128 1 0.83
16130 9 0.38
16135 4 0.51
16137 20 0.32
16138 17 0.36
16146 5 0.04
16153 6 0.02
16159 0 0.02
16163 8 0.48
16170 8 0.3
16174 12 0.9
16175 6 0.29
16176 21 0.1
16180 10 0.36
16186 2 0.59
16191 8 0.55
16201 12 0.59
16204 2 0.77
16208 7 0.71
16212 16 0.82
16213 19 0.69
16218 6 0.28
16220 8 0.25
16224 22 0.79
16229 18 0.64
16231 21 0.8
16234 22 0.42
16236 20 0.67
16238 7 0.81
16239 16 1.0
16243 25 0.21
16248 27 0.28
16250 28 0.0
16251 6 0.61
16254 26 0.11
16256 0 0.45
16258 4 0.09
16261 17 0.0
16262 1 0.24
16263 21 0.4
16265 10 0.6
16266 23 0.24
16268 17 0.04
16272 26 0.87
16276 20 0.67
16281 0 0.84
16282 24 0.94
16285 14 0.26
16290 19 0.33
16295 27 0.77
16303 2 0.3
16304 10 0.78
16306 9 0.92
16308 26 0.74
16315 0 0.7
16316 0 0.1
16323 14 0.5
16324 18 0.79
16325 15 0.1
16328 24 0.21
16330 3 0.71
16344 1 0.82
16350 1 0.54
16351 17 0.11
16352 10 0.99
16354 29 0.07
16372 16 0.05
16374 17 0.42
16386 11 0.27
16389 2 0.13
16390 16 0.91
16391 4 0.08
16392 23 0.31
16396 27 0.02
16403 4 0.24
16405 3 0.63
16406 28 0.92
16409 11 0.7
16417 1 0.58
16418 17 0.5
16429 9 0.57
16430 3 0.58
16435 28 0.9
16436 8 0.55
16437 3 0.83
16442 26 0.86
16444 26 0.31
16455 19 0.1
16456 16 0.73
16468 15 0.52
16469 12 0.25
16470 27 0.51
16475 23 0.02
16477 16 0.12
16481 5 0.03
16489 9 0.56
16492 3 0.24
16494 2 0.8
16495 9 0.05
16501 28 0.37
16502 12 0.45
16504 16 0.24
16507 1 0.72
16523 11 0.72
16525 14 0.53
16529 15 0.19
16533 25 0.37
16540 2 0.75
16547 24 0.55
16549 16 0.71
16553 18 0.2
16556 25 0.82
16557 28 0.02
16559 5 0.1
16566 17 0.09
16574 12 0.85
16576 29 0.72
16579 13 0.93
16584 13 0.32
16594 0 0.56
16596 18 0.47
16600 13 0.24
16604 1 0.6
16605 21 0.36
16608 21 0.85
16612 16 0.6
16615 14 0.44
16622 19 0.44
16623 6 0.91
16624 27 0.42
16628 29 0.84
16630 10 0.46
16631 16 0.25
16632 27 0.53
16635 5 0.17
16636 15 0.29
16639 14 0.29
16642 24 0.61
16651 18 0.87
16654 27 0.01
16655 7 0.06
16659 26 0.62
16672 21 0.26
16675 18 0.56
16676 11 0.5
16682 24 0.36
16685 11 0.59
16688 23 0.21
16693 19 0.52
16698 12 0.84
16702 15 0.38
16709 27 0.78
16725 9 0.41
16729 25 0.82
16742 24 0.48
16751 8 0.64
16754 11 0.55
16756 4 0.21
16757 22 0.69
16762 29 0.34
16767 20 0.52
16768 26 0.75
16771 14 0.45
16772 6 0.35
16778 26 0.45
16781 15 0.12
16785 26 0.08
16788 29 0.67
16790 19 0.32
16793 6 0.36
16794 12 0.79
16797 1 0.0
16798 8 0.86
16803 29 0.91
16804 24 0.62
16807 9 0.11
16808 19 0.87
16809 13 0.75
16811 20 0.58
16833 19 0.0
16837 9 0.19
16846 9 0.0
16852 28 0.15
16867 10 0.41
16872 11 0.7
16874 23 0.48
16884 26 0.19
16888 15 0.99
16893 18 0.74
16897 20 0.1
16914 4 0.9
16916 22 0.04
16917 16 0.82
16922 3 0.06
16924 0 0.77
16933 11 0.73
16936 10 0.59
16938 14 0.1
16943 24 0.83
16946 2 0.46
16948 3 0.4
16953 12 0.13
16959 19 0.06
16965 5 0.38
16966 29 0.28
16971 11 0.02
16980 25 0.43
16991 8 0.65
16995 17 0.88
16999 29 0.66
17001 3 0.62
17006 19 0.19
17014 19 0.14
17015 12 0.2
17019 24 0.3
17021 13 0.86
17024 25 0.7
17027 29 0.46
17030 27 0.94
17034 6 0.74
17037 29 0.19
17041 27 0.52
17047 14 0.29
17051 7 0.98
17052 29 0.39
17053 6 0.66
17054 4 0.2
17056 3 0.49
17057 3 0.41
17058 19 0.74
17059 23 0.8
17071 20 0.98
17073 8 0.07
17076 10 0.38
17078 13 0.44
17084 3 0.75
17085 4 0.05
17086 5 0.43
17094 12 0.7
17097 26 0.02
17098 15 0.36
17110 20 0.33
17112 3 0.4
17113 2 0.59
17114 27 0.29
17117 13 0.77
17118 13 0.73
17127 2 0.4
17128 4 0.37
17129 27 0.47
17130 4 0.84
17132 0 0.21
17136 4 0.31
17143 6 0.37
17149 20 0.61
17154 13 0.18
17156 14 0.16
17163 19 0.57
17169 28 0.24
17172 25 0.42
17173 19 0.16
17174 1 0.27
17197 6 0.38
17200 1 0.2
17208 17 0.58
17211 11 0.73
17214 20 0.21
17220 0 0.02
17221 6 0.89
17233 25 0.05
17237 16 0.53
17240 11 0.06
17242 9 0.19
17253 24 0.4
17256 10 0.98
17259 1 0.28
17262 24 0.37
17266 12 0.99
17267 19 0.13
17270 25 0.63
17276 23 0.0
17277 7 0.0
17279 5 0.7
17293 28 0.31
17294 8 0.22
17296 8 0.49
17297 14 0.71
17302 6 0.21
17303 5 0.83
17326 0 0.62
17329 2 0.07
17330 15 0.37
17333 7 0.08
17347 15 0.38
17356 15 0.2
17357 1 0.07
17358 26 0.57
17360 11 0.96
17362 19 0.87
17367 28 0.11
17369 25 0.21
17375 9 0.11
17380 16 0.79
17391 16 0.26
17393 5 0.17
17397 5 0.93
17399 13 0.86
17404 8 0.53
17406 18 0.8
17409 22 0.55
17410 6 0.11
17413 28 0.19
17414 24 0.17
17417 1 0.11
17419 23 0.26
17426 4 0.41
17443 13 0.64
17446 23 0.75
17447 16 0.93
17451 24 0.44
17463 28 0.02
17466 28 0.57
17468 29 0.11
17469 1 0.17
17471 3 0.73
17472 21 0.38
17478 14 0.2
17479 16 0.23
17480 0 0.3
17481 1 0.1
17483 9 0.66
17485 23 0.46
17486 24 0.53
17495 21 0.66
17502 2 0.97
17504 25 0.27
17509 15 0.4
17510 22 0.43
17521 12 0.53
17523 4 0.08
17525 14 0.41
17526 26 0.75
17533 25 0.06
17535 22 0.81
17537 4 0.63
17553 11 0.62
17556 8 0.02
17559 19 0.55
17560 27 0.37
17566 15 0.63
17568 24 0.63
17570 23 0.05
17572 13 0.18
17575 12 0.95
17576 23 0.27
17577 23 0.02
17593 25 0.34
17597 20 0.13
17598 17 0.14
17599 25 0.6
17605 0 0.1
17611 7 0.18
17612 28 0.87
17617 10 0.64
17618 5 0.34
17623 18 0.24
17629 5 0.05
17635 0 0.8
17638 28 0.62
17642 6 0.37
17652 4 0.07
17655 25 0.33
17658 7 0.68
17661 21 0.04
17662 25 0.9
17664 12 0.47
17676 23 0.12
17680 8 0.81
17682 9 0.55
17689 6 0.77
17693 16 0.07
17696 9 0.24
17699 26 0.64
17701 4 0.9
17702 21 0.43
17703 7 0.26
17709 11 0.12
17711 13 0.97
17713 12 0.24
17717 24 0.89
17724 9 0.34
17725 3 0.91
17735 24 0.84
17737 17 0.43
17743 20 0.58
17751 12 0.5
17754 4 0.16
17763 2 0.6
17767 22 0.49
17778 23 0.31
17781 26 0.85
17788 11 0.89
17791 29 0.56
17792 29 0.67
17795 23 0.75
17802 4 0.42
17812 5 0.45
17817 10 0.27
17829 29 0.5
17836 29 0.97
17839 29 0.86
17840 24 0.09
17848 28 0.5
17849 15 0.7
17853 14 0.83
17860 8 0.88
17863 16 0.26
17866 12 0.71
17867 0 0.72
17870 28 0.01
17873 24 0.64
17875 1 0.54
17878 10 0.12
17881 12 0.06
17884 8 0.04
17888 20 0.81
17891 3 1.0
17892 16 0.25
17899 5 0.57
17901 6 0.27
17904 28 0.61
17908 13 0.54
17912 19 0.56
17918 22 0.68
17924 13 0.46
17927 21 0.63
17929 11 0.55
17938 11 0.75
17948 22 0.8
17950 22 0.53
17958 0 0.98
17960 25 0.57
17966 19 0.49
17967 14 0.79
17971 0 0.03
17974 23 0.44
17979 5 0.18
17987 22 0.28
17988 23 0.7
17993 21 0.36
17997 24 0.25
17998 0 0.41
18001 6 0.79
18006 9 0.79
18009 5 0.17
18013 1 0.98
18015 23 0.32
18016 11 0.95
18017 5 0.94
18021 16 0.43
18024 8 0.05
18028 7 0.89
18029 4 0.79
18039 28 0.14
18041 0 0.79
18043 19 0.67
18045 5 0.5
18046 22 0.25
18054 21 0.51
18069 11 0.38
18081 15 0.51
18084 28 0.21
18085 22 0.71
18087 2 0.25
18089 7 0.39
18096 9 0.07
18104 26 0.66
18105 26 0.72
18107 3 0.6
18110 2 0.32
18112 5 0.73
18119 13 0.72
18121 13 0.05
18123 25 0.49
18125 8 0.12
18129 6 0.11
18133 8 0.9
18137 21 0.87
18138 4 0.99
18153 15 0.47
18154 7 0.54
18157 29 0.94
18158 5 0.47
18159 4 0.39
18160 2 0.7
18161 10 0.67
18162 19 0.25
18163 16 0.55
18167 14 0.18
18176 8 0.7
18177 5 0.76
18178 21 0.76
18181 19 0.78
18182 15 0.31
18183 11 0.16
18184 8 0.98
18185 22 0.86
18189 22 0.44
18196 12 0.5
18199 23 0.97
18201 0 0.37
18205 8 0.24
18212 21 0.33
18215 9 0.46
18218 21 0.65
18219 19 0.56
18222 13 0.17
18223 25 0.2
18227 16 0.09
18233 16 0.16
18241 0 0.0
18247 22 0.55
18248 26 0.22
18252 7 0.1
18256 1 0.98
18258 10 0.53
18261 12 0.38
18262 28 0.13
18264 6 0.66
18269 21 0.35
18279 10 0.18
18283 14 0.36
18286 23 0.86
18289 26 0.91
18290 0 0.39
18296 12 0.88
18310 10 0.91
18311 12 0.59
18312 15 0.91
18319 27 0.9
18324 26 0.34
18329 8 0.53
18331 25 0.26
18333 23 0.58
18334 12 0.25
18339 27 0.92
18348 29 0.89
18357 3 0.18
18359 0 0.92
18363 10 0.17
18364 29 0.9
18368 13 0.87
18382 14 0.59
18384 6 0.32
18388 12 0.93
18393 14 0.39
18397 0 0.33
18408 2 0.05
18414 23 0.78
18415 9 0.61
18427 3 0.36
18428 28 0.14
18429 25 0.55
18443 13 0.16
18444 23 0.79
18451 1 0.73
18453 2 0.38
18455 26 0.26
18459 27 0.61
18463 4 0.12
18464 0 0.36
18473 4 0.97
18474 29 0.68
18478 28 0.69
18484 22 0.3
18488 17 0.82
18490 28 0.98
18500 21 0.83
18502 22 0.69
18503 20 0.57
18507 11 0.03
18508 9 0.38
18524 2 0.47
18526 6 0.48
18529 18 0.55
18531 4 0.16
18541 25 0.6
18547 26 0.37
18557 8 0.14
18560 28 0.45
18561 22 0.51
18563 10 0.45
18566 16 0.3
18568 28 0.81
18573 26 0.49
18575 19 0.63
18579 7 0.69
18583 1 0.98
18584 6 0.5
18591 24 0.74
18593 28 0.58
18601 25 0.35
18604 1 0.34
18605 22 0.22
18609 18 0.76
18610 21 0.17
18612 28 0.63
18614 8 0.59
18615 4 0.22
18616 27 0.56
18618 4 0.58
18619 11 0.96
18621 24 0.99
18628 23 0.52
18629 21 0.29
18630 24 0.97
18632 20 0.27
18633 27 0.9
18636 6 0.76
18643 8 0.97
18644 21 0.26
18645 16 0.37
18647 25 0.61
18648 26 0.02
18649 24 0.4
18656 28 0.39
18660 10 0.21
18661 8 0.83
18676 27 0.48
18678 10 0.74
18679 11 0.82
18683 7 0.77
18685 14 0.69
18691 17 0.84
18701 9 0.28
18708 12 0.09
18711 19 0.54
18714 25 0.86
18716 11 0.94
18719 17 0.15
18725 24 0.66
18730 11 0.11
18731 9 0.73
18733 3 0.63
18734 20 0.17
18737 21 0.69
18742 8 0.96
18752 14 0.6
18758 10 0.97
18765 4 0.8
18766 5 0.76
18769 14 0.65
18772 25 0.36
18773 11 0.14
18774 16 0.64
18781 27 0.17
18785 21 0.59
18786 4 0.21
18791 20 0.58
18793 15 0.8
18804 6 0.65
18805 21 0.18
18811 9 0.88
18813 2 0.09
18815 3 0.51
18816 4 0.86
18819 23 0.65
18821 27 0.72
18824 18 0.81
18827 12 0.48
18836 3 0.47
18839 20 0.75
18842 10 0.02
18843 17 0.84
18845 10 0.4
18863 2 0.41
18870 18 0.84
18871 24 0.97
18873 29 0.46
18874 2 0.18
18876 3 0.16
18884 23 0.39
18886 9 0.77
18890 5 0.72
18891 7 0.5
18895 26 0.38
18900 13 0.38
18902 24 0.21
18904 7 0.51
18912 10 0.37
18913 8 0.91
18916 10 0.99
18926 18 0.68
18929 9 0.63
18930 26 0.08
18931 7 0.45
18933 5 0.94
18937 6 0.22
18945 2 0.34
18948 12 0.93
18952 1 0.9
18956 13 0.4
18960 26 0.51
18968 25 0.36
18969 10 0.89
18972 12 0.92
18979 15 0.17
18985 25 0.26
18987 26 0.55
18994 17 0.75
18996 21 0.37
18998 11 0.29
19003 16 0.99
19021 15 0.5
19022 15 0.45
19024 14 0.68
19026 25 0.39
19028 19 0.77
19029 19 0.84
19030 0 0.94
19034 28 0.69
19037 23 0.65
19040 11 0.85
19043 8 0.14
19045 8 0.07
19052 4 0.55
19055 13 0.01
19057 21 0.86
19059 21 0.0
19061 28 0.37
19067 21 0.66
19068 12 0.14
19074 15 0.94
19086 11 0.1
19092 29 0.24
19095 12 0.71
19099 19 0.76
19102 29 0.01
19107 4 0.17
19111 2 0.44
19115 23 0.18
19120 3 0.59
19123 5 0.31
19126 24 0.42
19131 19 0.51
19133 23 0.51
19139 14 0.0
19144 4 0.31
19145 29 0.29
19146 23 0.81
19149 0 0.65
19152 26 0.96
19155 10 0.01
19165 19 0.92
19166 24 0.91
19168 22 0.2
19170 25 0.3
19178 11 0.49
19182 7 0.48
19184 13 0.41
19185 0 0.75
19192 17 0.55
19196 12 0.27
19199 4 0.78
19211 17 0.87
19213 11 0.5
19222 3 0.32
19226 14 0.86
19234 10 0.6
19244 23 0.48
19246 18 0.7
19259 14 0.52
19261 11 0.41
19271 13 0.18
19277 24 0.44
19281 26 0.48
19282 12 0.38
19283 24 0.87
19284 4 0.74
19286 29 0.46
19287 3 0.18
19288 8 0.42
19289 27 0.01
19294 20 0.23
19299 14 0.16
19300 17 0.37
19307 10 0.13
19308 20 0.3
19323 6 0.56
19326 14 0.97
19331 4 0.53
19332 19 0.05
19353 28 0.78
19355 10 0.55
19358 17 0.73
19362 15 0.24
19368 20 0.3
19371 5 0.74
19372 3 0.52
19378 24 0.22
19379 9 0.01
19383 9 0.2
19388 19 0.23
19389 17 0.24
19393 7 0.01
19397 2 0.14
19398 6 0.46
19400 27 0.68
19402 29 0.29
19407 0 0.72
19414 15 0.85
19418 17 0.75
19422 27 0.73
19424 1 0.95
19426 15 0.54
19429 29 0.93
19448 26 0.48
19459 2 0.8
19462 1 0.18
19464 12 1.0
19468 25 0.92
19469 21 0.57
19479 29 0.27
19484 24 0.58
19485 1 0.29
19486 20 0.23
19492 11 0.56
19496 8 0.29
19497 10 0.74
19502 23 0.64
19507 28 0.91
19512 13 0.89
19522 23 0.33
19526 3 0.34
19528 22 0.13
19534 11 0.28
19535 0 0.57
19536 14 0.04
19541 10 0.4
19543 29 0.05
19544 20 0.36
19548 12 0.25
19552 3 0.13
19557 3 0.31
19558 8 0.76
19565 4 0.09
19570 29 0.22
19573 17 0.31
19576 1 0.14
19581 1 0.71
19590 9 0.26
19595 29 0.96
19596 7 0.62
19597 2 0.26
19599 22 0.47
19601 20 0.17
19609 25 0.45
19611 6 0.97
19616 26 0.2
19622 7 0.36
19631 29 0.45
19637 25 0.82
19644 18 0.18
19645 14 0.14
19646 2 0.36
19648 20 0.1
19649 5 0.98
19652 23 0.52
19654 14 0.7
19655 21 0.86
19659 1 0.48
19661 16 0.92
19663 7 0.63
19664 19 0.84
19668 7 0.21
19671 5 0.96
19675 8 0.94
19678 24 0.16
19679 0 0.42
19680 6 0.16
19683 26 0.74
19684 23 0.24
19687 5 0.85
19694 8 0.54
19697 20 0.33
19706 11 0.93
19712 7 0.4
19716 1 0.83
19719 27 0.05
19724 18 0.92
19725 1 0.77
19726 8 0.82
19728 23 0.2
19729 18 0.56
19730 14 0.66
19734 4 0.87
19736 13 0.5
19747 4 0.0
19749 22 0.74
19754 29 0.78
19762 8 0.64
19768 19 0.51
19771 20 0.16
19775 19 0.81
19784 2 0.35
19790 10 0.87
19801 13 0.96
19803 4 0.1
19814 6 0.21
19815 5 0.14
19819 2 0.74
19820 10 0.77
19827 3 0.79
19834 19 0.5
19847 29 0.54
19849 28 0.64
19851 0 0.28
19854 17 0.33
19859 9 0.61
19865 5 0.1
19875 22 0.15
19876 13 0.55
19877 15 0.83
19881 11 0.24
19886 25 0.02
19889 18 0.54
19890 16 0.15
19896 20 0.91
19899 14 0.23
19903 19 0.92
19904 14 0.53
19909 29 0.16
19916 26 0.42
19923 29 0.25
19928 24 0.6
19934 8 0.97
19935 25 0.65
19937 13 0.45
19941 17 0.6
19942 7 0.15
19945 4 0.18
19947 24 0.7
19951 28 0.14
19952 27 0.63
19954 29 0.03
19955 7 0.71
19956 6 0.16
19959 0 0.44
19960 23 0.5
19969 29 0.45
19980 1 0.73
19981 3 0.2
19986 24 0.03
19993 18 0.63
19996 29 0.87
20001 2 0.05
20003 28 0.18
20006 6 0.26
20009 4 0.92
20011 16 0.7
20015 7 0.2
20019 5 0.78
20026 18 0.85
20027 15 0.74
20028 7 0.7
20030 17 0.85
20032 21 0.51
20044 12 0.73
20046 3 0.86
20047 26 0.23
20054 10 0.29
20059 26 0.37
20065 27 0.34
20067 22 0.55
20069 6 0.93
20074 5 0.41
20076 18 0.49
20079 0 0.55
20081 23 0.46
20083 1 0.1
20084 24 0.78
20085 15 0.04
20086 13 0.76
20088 4 0.81
20090 14 0.25
20095 5 0.7
20096 28 0.27
20097 24 0.17
20107 14 0.03
20114 7 0.77
20124 18 0.37
20125 23 0.27
20132 26 0.29
20134 21 0.07
20142 10 0.38
20148 12 0.36
20155 10 0.87
20157 26 0.46
20158 16 0.79
20161 7 0.18
20176 13 0.11
20177 10 0.01
20195 1 0.49
20196 12 0.07
20197 20 0.13
20201 0 0.85
20205 6 0.73
20207 24 0.39
20210 10 0.97
20214 16 0.39
20226 29 0.48
20231 13 0.48
20232 3 0.99
20235 28 0.4
20236 6 0.72
20251 0 0.88
20261 17 0.38
20262 15 0.01
20267 15 0.52
20270 15 0.44
20276 20 0.83
20278 3 0.61
20284 10 0.38
20285 10 0.5
20286 4 0.39
20287 9 0.17
20288 4 0.62
20289 5 0.08
20292 26 0.12
20293 1 0.19
20296 8 0.17
20297 26 0.11
20298 25 0.92
20301 18 0.78
20309 2 0.8
20314 29 0.75
20321 20 0.65
20322 25 0.31
20326 3 0.09
20328 11 0.31
20330 21 0.45
20339 28 0.49
20342 19 0.08
20345 9 0.34
20346 26 0.26
20351 11 0.61
20363 7 0.78
20364 5 0.91
20365 12 0.69
20367 20 0.32
20374 15 0.81
20375 18 0.14
20377 1 0.82
20378 3 0.67
20385 21 0.0
20389 3 0.17
20391 13 0.21
20395 1 0.66
20397 19 0.22
20398 3 0.25
20403 13 0.13
20404 19 0.96
20405 19 0.08
20414 22 0.29
20417 1 0.81
20418 27 0.36
20424 5 0.33
20427 22 0.37
20431 25 0.87
20433 8 0.33
20435 18 0.87
20436 24 0.57
20437 28 0.86
20445 17 0.61
20446 8 0.87
20450 10 0.11
20451 9 0.22
20452 27 0.47
20453 6 0.74
20454 25 0.54
20456 26 0.53
20457 21 0.48
20458 28 0.02
20459 9 0.82
20463 18 0.94
20464 29 0.09
20466 2 0.26
20470 17 0.94
20474 27 0.76
20477 17 0.74
20478 21 0.66
20480 3 0.68
20481 29 0.83
20486 16 0.13
20490 0 0.97
20492 21 0.65
20503 10 0.58
20504 9 0.41
20510 18 0.13
20512 17 0.59
20514 10 0.42
20517 3 0.07
20523 27 0.9
20524 5 0.43
20526 1 0.98
20537 10 0.23
20543 13 0.54
20546 18 0.77
20547 12 0.65
20548 10 0.39
20549 6 0.84
20555 2 0.03
20556 29 0.45
20557 5 0.98
20563 3 0.06
20565 10 0.28
20570 13 0.9
20572 6 0.12
20575 26 0.48
20577 26 0.93
20592 25 0.34
20597 19 0.8
20599 8 0.1
20606 0 0.93
20607 10 0.75
20611 23 0.22
20617 9 0.49
20619 7 0.96
20620 17 0.21
20621 23 0.99
20622 19 0.68
20623 2 0.99
20625 14 0.83
20626 4 0.81
20630 13 0.72
20634 11 0.48
20636 29 0.42
20639 1 0.9
20643 18 0.81
20648 29 0.46
20650 20 0.82
20661 14 0.87
20670 20 0.31
20673 19 0.41
20674 17 0.68
20685 16 0.56
20690 23 0.86
20695 4 0.44
20708 27 0.26
20713 29 0.91
20714 18 0.86
20715 18 0.21
20720 7 0.38
20731 25 0.05
20732 5 0.93
20737 18 0.8
20745 21 0.48
20747 18 0.46
20758 23 0.88
20760 5 0.08
20761 11 0.09
20765 21 0.35
20766 25 0.87
20771 2 0.98
20774 3 0.96
20778 19 0.69
20780 29 0.61
20782 17 0.39
20783 0 0.24
20795 3 0.08
20796 26 0.48
20797 25 0.13
20800 11 0.01
20803 8 0.21
20804 7 0.64
20808 9 0.22
20809 27 0.91
20810 15 0.88
20811 16 0.14
20812 10 0.98
20818 9 0.12
20825 8 0.13
20826 27 0.38
20829 5 0.78
20830 0 0.65
20838 11 0.7
20840 29 0.48
20851 13 0.61
20855 21 0.29
20862 11 0.77
20864 21 0.59
20866 11 0.47
20868 18 0.15
20869 22 0.76
20871 3 0.09
20873 11 0.92
20874 25 0.46
20875 19 0.67
20877 13 0.69
20880 22 0.36
20881 22 0.08
20884 22 0.69
20889 16 0.76
20892 26 0.17
20893 22 0.58
20896 9 0.06
20907 16 0.55
20910 17 0.4
20920 15 1.0
20923 24 0.05
20928 2 0.19
20929 13 0.25
20933 16 0.94
20934 12 0.72
20939 8 0.7
20941 0 0.5
20943 7 0.65
20945 2 0.85
20946 5 0.84
20948 16 0.1
20950 16 0.55
20952 15 0.16
20956 26 0.43
20957 7 0.97
20962 25 0.3
20963 4 0.63
20964 9 0.6
20966 25 0.97
20967 24 0.56
20976 17 0.59
20979 6 0.13
20980 21 0.39
20982 5 0.22
20986 18 0.63
20992 3 0.71
21000 18 0.91
21001 20 0.89
21003 22 0.57
21006 17 0.86
21008 22 0.09
21011 3 0.27
21013 17 0.94
21016 27 0.93
21018 26 0.11
21023 6 0.8
21026 1 0.73
21029 9 0.78
21037 25 0.12
21041 9 0.9
21043 20 0.98
21046 29 0.17
21047 0 0.81
21056 0 0.96
21059 9 0.61
21060 15 0.92
21061 8 0.35
21062 15 0.96
21072 14 0.57
21074 13 0.05
21075 21 0.54
21076 27 0.64
21080 4 0.54
21085 22 0.43
21092 13 0.12
21099 29 0.38
21101 13 0.12
21103 7 0.74
21107 15 0.72
21108 18 0.08
21113 4 0.3
21117 1 0.55
21119 22 0.47
21122 15 0.97
21134 27 0.54
21140 26 0.03
21141 10 0.77
21146 22 0.37
21153 8 0.66
21154 18 0.34
21156 7 0.44
21165 2 0.64
21172 5 0.41
21173 6 0.7
21178 0 0.02
21181 6 0.89
21189 0 0.51
21191 14 0.72
21196 19 0.71
21198 19 0.92
21201 24 0.78
21204 8 0.33
21211 5 0.09
21217 2 0.4
21220 19 0.71
21223 18 0.05
21233 13 0.68
21234 11 0.34
21235 10 0.83
21236 1 0.68
21241 16 0.36
21242 0 0.33
21243 17 0.04
21253 8 0.76
21254 7 0.14
21263 15 0.6
21274 15 0.78
21275 6 0.89
21277 22 0.26
21291 7 0.97
21293 6 0.49
21295 14 0.02
21296 13 0.26
21297 12 0.34
21301 8 0.59
21302 17 0.86
21307 1 0.99
21308 29 0.45
21310 2 0.27
21311 16 0.75
21313 1 0.55
21316 15 0.9
21317 5 0.7
21319 5 0.91
21325 20 0.74
21330 27 0.67
21332 26 0.25
21341 18 0.2
21345 3 0.3
21348 11 0.41
21349 11 0.75
21356 19 0.52
21360 2 0.66
21361 1 0.46
21365 23 0.37
21367 29 0.63
21369 7 0.89
21370 0 0.54
21374 24 0.6
21376 6 0.27
21386 8 0.54
21391 0 0.12
21395 26 0.42
21396 5 0.5
21405 1 0.18
21407 6 0.31
21408 9 0.02
21409 19 0.62
21414 2 0.42
21415 5 0.49
21422 4 0.06
21423 1 0.12
21431 17 0.54
21432 18 0.47
21438 14 0.65
21444 2 0.93
21446 21 0.23
21449 27 0.74
21458 10 0.93
21459 2 0.86
21460 2 0.62
21466 19 0.46
21470 28 0.84
21471 12 0.04
21473 20 0.13
21482 7 0.91
21487 2 0.43
21494 7 0.8
21498 7 0.03
21505 0 0.41
21511 29 0.11
21512 6 0.53
21513 26 0.64
21514 3 0.24
21518 5 0.59
21522 22 0.86
21523 7 0.63
21525 25 0.35
21526 13 0.55
21528 18 0.63
21530 15 0.67
21531 8 0.48
21532 14 0.07
21533 11 0.34
21537 5 0.13
21538 28 0.12
21541 11 0.68
21542 8 0.74
21544 4 0.01
21546 0 0.27
21550 14 0.74
21551 7 0.58
21556 25 0.81
21563 12 0.84
21564 9 0.07
21566 17 0.96
21567 9 0.95
21569 20 0.21
21571 25 0.46
21575 16 0.16
21580 26 0.28
21581 16 0.27
21585 28 0.49
21591 2 0.36
21592 18 0.06
21598 10 0.96
21603 13 0.95
21605 24 0.51
21607 19 0.33
21609 8 0.04
21621 4 0.65
21626 22 0.85
21633 4 0.74
21640 20 0.3
21643 12 0.87
21645 4 0.03
21646 15 0.84
21647 9 0.18
21650 8 0.52
21662 6 0.96
21663 1 0.27
21665 23 0.38
21673 1 0.96
21677 9 0.58
21679 29 0.31
21688 21 0.09
21690 1 0.23
21692 29 0.15
21696 8 0.01
21698 28 0.05
21705 2 0.27
21707 27 0.17
21710 5 0.01
21712 27 0.23
21713 13 0.45
21714 9 0.36
21719 9 0.08
21723 15 0.12
21730 18 0.13
21741 3 0.21
21747 1 0.11
21753 24 0.45
21754 1 0.25
21758 29 0.43
21761 0 0.13
21762 13 0.48
21763 2 0.64
21764 22 0.52
21765 16 0.37
21774 19 0.4
21782 10 0.67
21785 25 0.07
21791 26 0.54
21802 19 0.7
21809 16 0.41
21812 15 0.19
21815 13 0.67
21824 16 0.66
21827 9 0.77
21828 12 0.94
21840 29 0.16
21845 25 0.46
21847 28 0.13
21849 13 0.08
21850 23 0.59
21855 2 0.87
21857 13 0.33
21865 3 0.83
21875 24 0.7
21877 11 0.38
21881 23 0.43
21884 2 0.14
21888 27 0.23
21889 11 0.92
21895 25 0.81
21897 16 0.74
21898 0 0.63
21902 22 0.21
21909 12 0.85
21912 0 0.52
21915 6 0.7
21927 3 0.48
21933 25 0.47
21934 5 0.04
21935 16 0.97
21937 19 0.16
21958 25 0.65
21961 28 0.77
21963 9 0.43
21964 5 0.62
21967 17 0.47
21968 7 0.76
21969 19 0.08
21973 2 0.71
21976 18 0.68
21982 27 0.27
21983 1 0.41
21988 16 0.76
21989 10 0.13
21993 8 0.08
22004 2 0.94
22007 20 0.96
22010 15 0.32
22011 25 0.88
22013 2 0.9
22016 17 0.86
22017 20 0.82
22018 10 0.58
22020 6 0.53
22024 24 0.54
22031 26 0.18
22033 3 0.84
22035 24 0.46
22051 19 0.41
22054 29 0.95
22060 22 0.6
22069 25 0.56
22070 27 0.94
22080 25 0.67
22083 4 0.13
22084 10 0.18
22093 10 0.96
22095 19 0.49
22098 14 0.72
22101 12 0.34
22106 2 0.7
22107 1 0.24
22112 23 0.93
22115 16 0.66
22116 21 0.61
22120 0 0.47
22122 10 0.56
22126 19 0.25
22128 12 0.84
22138 28 0.43
22148 27 0.81
22150 27 0.26
22151 9 0.99
22154 9 0.4
22157 12 0.96
22160 27 0.75
22165 21 0.86
22169 27 0.59
22171 16 0.41
22175 15 0.89
22181 24 0.62
22184 19 1.0
22186 23 0.65
22188 0 0.82
22194 24 0.36
22195 11 1.0
22200 29 0.83
22207 12 0.8
22208 3 0.94
22215 11 0.87
22216 29 0.66
22217 26 0.92
22221 24 0.24
22224 19 0.82
22234 16 0.54
22235 7 0.05
22239 10 0.3
22240 22 0.04
22241 28 0.74
22242 4 0.52
22246 14 0.44
22247 15 0.88
22248 2 0.97
22249 24 0.47
22251 5 0.51
22253 2 0.65
22257 14 0.99
22260 4 0.98
22261 9 0.44
22262 17 0.99
22271 27 0.33
22279 21 0.08
22280 15 0.49
22281 23 0.03
22288 23 0.67
22293 28 0.05
22297 11 0.96
22306 6 0.16
22307 6 0.39
22310 28 0.42
22319 14 0.12
22320 27 0.21
22324 18 0.92
22325 4 0.1
22326 6 0.9
22329 11 0.85
22331 10 0.45
22332 26 0.19
22333 13 0.8
22337 24 0.04
22340 18 0.17
22342 0 0.19
22349 11 0.22
22356 6 0.23
22358 6 0.1
22359 17 0.5
22364 24 0.74
22369 17 0.23
22378 14 0.46
22379 14 0.49
22382 23 0.46
22386 9 0.6
22392 20 0.47
22395 17 0.26
22403 14 0.67
22405 26 0.06
22406 7 0.49
22408 21 0.0
22417 13 0.31
22425 9 0.33
22428 10 0.75
22430 22 0.94
22436 15 0.68
22438 12 0.54
22439 13 0.41
22442 12 0.71
22444 9 0.91
22445 17 0.52
22448 24 0.23
22449 0 0.47
22452 7 0.54
22454 3 0.58
22474 1 0.08
22476 8 0.0
22479 5 0.85
22485 3 0.63
22492 1 0.77
22501 14 0.22
22504 10 0.11
22507 4 0.42
22510 19 0.89
22534 12 0.35
22535 8 0.42
22540 10 0.33
22547 25 0.81
22556 9 0.72
22558 1 0.0
22563 12 0.53
22571 2 0.08
22573 13 0.8
22576 19 0.7
22581 24 0.79
22582 10 0.42
22583 13 0.1
22587 19 0.45
22588 4 0.68
22590 9 0.49
22591 24 0.51
22598 27 0.07
22599 3 0.02
22600 20 0.62
22609 3 0.31
22612 28 0.86
22615 20 0.23
22620 26 0.22
22630 11 0.57
22632 5 0.07
22641 23 0.67
22648 27 0.25
22654 13 0.96
22663 10 0.61
22664 21 0.48
22669 17 0.56
22671 5 0.97
22672 29 0.18
22673 18 0.39
22674 24 0.24
22675 11 0.16
22676 15 0.34
22686 27 0.73
22688 10 0.31
22689 12 0.41
22692 13 0.02
22697 12 0.04
22699 3 0.69
22701 12 0.07
22708 11 0.89
22709 25 0.6
22715 18 0.49
22724 11 0.11
22733 26 0.5
22735 6 0.55
22740 5 0.13
22744 26 0.71
22758 3 0.77
22761 2 0.83
22765 20 0.95
22766 9 0.55
22779 13 0.38
22785 7 0.63
22788 19 0.5
22791 28 0.56
22793 11 0.01
22800 8 0.54
22804 20 0.1
22805 16 0.89
22806 17 0.75
22809 8 0.38
22812 0 0.69
22815 10 0.7
22816 29 0.68
22820 1 0.12
22822 17 0.35
22823 13 0.48
22825 27 0.68
22827 15 0.79
22832 19 0.77
22834 22 0.34
22843 15 0.47
22848 10 0.42
22851 14 0.49
22856 19 0.81
22857 1 0.07
22861 10 0.65
22862 16 0.49
22864 15 0.32
22865 13 0.83
22866 5 0.26
22874 23 0.4
22879 24 0.34
22889 15 0.65
22891 8 0.3
22893 10 0.78
22908 18 0.42
22910 23 0.75
22911 2 0.11
22912 10 0.14
22913 29 0.64
22914 28 0.91
22919 8 0.62
22920 18 0.49
22923 27 0.75
22924 1 0.33
22928 12 0.35
22935 0 0.1
22936 1 0.02
22938 10 0.44
22946 16 0.35
22958 4 0.96
22960 15 0.31
22962 1 0.31
22964 11 0.78
22965 6 0.41
22969 20 0.31
22970 15 0.17
22976 24 0.39
22977 12 0.5
22991 24 0.45
22992 25 0.87
22994 7 0.91
23002 27 0.79
23005 10 0.76
23006 14 0.77
23007 17 0.47
23013 15 0.05
23014 28 0.64
23016 2 0.66
23017 25 0.08
23019 24 0.53
23021 18 0.88
23025 3 0.28
23027 2 0.18
23032 11 0.66
23033 17 0.65
23034 11 0.41
23035 9 0.85
23048 20 0.67
23064 3 0.49
23066 13 0.8
23067 24 0.02
23070 17 0.73
23076 17 0.7
23077 7 0.38
23083 12 0.09
23088 7 0.68
23090 13 0.7
23091 10 0.14
23093 21 0.74
23094 1 0.1
23101 6 0.56
23102 12 0.28
23106 11 0.28
23107 0 0.11
23111 6 0.59
23112 28 0.95
23117 29 0.7
23133 28 0.57
23136 3 0.96
23137 12 0.8
23141 16 0.77
23144 21 0.38
23150 15 0.52
23151 12 0.51
23154 27 0.5
23156 16 0.5
23157 24 0.91
23158 0 0.33
23169 19 0.75
23175 25 0.17
23178 5 0.31
23179 29 0.3
23183 13 0.1
23195 24 0.65
23197 21 0.99
23201 14 0.43
23211 15 0.27
23217 15 0.93
23219 29 0.19
23220 17 0.18
23223 24 0.1
23230 13 0.37
23233 8 0.79
23234 28 0.03
23242 26 0.39
23250 24 0.52
23263 16 0.29
23264 4 0.02
23266 26 0.07
23269 1 0.59
23274 22 0.23
23275 28 0.47
23277 28 0.87
23279 8 0.8
23284 12 0.79
23286 22 0.66
23293 23 0.46
23300 17 0.75
23308 0 0.15
23314 21 0.55
23315 8 0.82
23330 19 0.85
23343 15 0.86
23345 11 0.66
23347 27 0.97
23354 1 0.27
23355 5 0.27
23358 16 0.01
23360 27 0.31
23361 0 0.6
23364 18 0.89
23376 3 0.54
23379 1 0.05
23380 3 0.32
23383 21 0.74
23392 10 0.26
23394 17 0.05
23395 11 0.03
23397 1 0.86
23407 9 0.34
23412 27 0.07
23416 14 0.33
23421 2 0.03
23422 2 0.8
23426 29 0.92
23427 15 0.42
23430 0 0.97
23437 16 0.57
23443 2 0.11
23444 29 0.56
23445 13 0.08
23446 25 0.9
23447 18 0.51
23453 14 0.09
23454 26 0.89
23462 25 0.83
23467 28 0.98
23476 18 0.33
23477 1 0.41
23480 16 0.67
23481 6 0.24
23483 4 0.54
23484 9 0.07
23488 21 0.85
23490 11 0.25
23494 3 0.83
23496 29 0.22
23502 29 0.56
23504 19 0.7
23506 29 0.69
23507 11 0.92
23514 15 0.59
23525 10 0.73
23527 17 0.76
23531 14 0.28
23538 7 0.4
23546 16 0.28
23548 7 0.98
23552 3 0.01
23553 23 0.01
23554 2 0.93
23558 26 0.44
23559 9 0.78
23562 21 0.01
23565 15 0.9
23576 0 0.37
23578 28 0.42
23579 17 0.35
23585 15 0.04
23589 6 0.28
23591 20 0.58
23596 14 0.43
23600 11 0.78
23605 18 0.36
23612 9 0.56
23614 19 0.69
23626 29 0.03
23629 11 0.09
23630 0 0.53
23638 28 0.53
23644 15 0.86
23650 8 0.68
23653 25 0.04
23661 18 0.32
23663 20 0.2
23671 9 0.18
23672 15 0.48
23677 5 0.04
23683 24 0.47
23688 16 0.95
23690 23 0.22
23701 18 0.62
23703 4 0.16
23705 4 0.96
23718 5 0.5
23721 29 0.78
23730 13 0.28
23739 5 0.99
23744 3 0.67
23747 11 0.37
23753 2 0.03
23763 18 0.77
23764 25 0.12
23770 11 0.47
23774 24 0.86
23777 23 0.04
23778 13 0.34
23780 15 0.77
23784 24 0.71
23787 28 0.6
23789 3 0.51
23794 18 0.4
23795 4 0.34
23796 22 0.85
23803 15 0.54
23810 20 0.47
23815 13 0.19
23816 17 0.65
23818 26 0.7
23819 7 0.46
23829 3 0.2
23830 5 0.09
23837 25 0.13
23840 11 0.52
23843 17 0.74
23844 12 0.63
23845 3 0.26
23846 11 0.32
23853 11 0.08
23854 4 0.27
23870 26 0.51
23873 27 0.68
23887 26 0.0
23893 12 0.21
23895 25 0.24
23896 16 0.52
23899 1 0.71
23902 7 0.11
23903 18 0.84
23905 15 0.01
23906 5 0.23
23908 10 0.89
23910 1 0.98
23911 22 0.66
23928 6 0.62
23929 12 0.4
23931 28 0.1
23932 18 0.19
23933 11 0.99
23937 19 0.6
23938 2 0.14
23940 12 0.66
23948 6 0.86
23958 19 0.04
23960 27 0.37
23970 3 0.21
23974 20 0.73
23975 22 0.69
23976 27 0.85
23979 20 0.19
23981 29 0.64
23987 2 0.43
24000 17 0.52
24012 21 0.78
24013 15 0.94
24015 8 0.55
24018 23 0.81
24021 13 0.88
24027 13 0.08
24032 24 0.53
24039 12 0.87
24044 14 0.79
24047 7 0.08
24057 3 0.94
24061 28 0.31
24063 15 0.99
24066 18 0.1
24068 3 0.73
24069 25 0.73
24071 0 0.64
24079 16 0.36
24081 15 0.89
24083 22 0.23
24089 7 0.79
24092 12 0.96
24098 18 0.31
24099 3 0.91
24103 5 0.12
24104 28 0.48
24108 11 0.46
24109 1 0.2
24111 16 0.93
24125 25 0.59
24128 4 0.03
24130 16 0.8
24136 11 0.87
24141 23 0.27
24145 14 0.86
24149 12 0.84
24150 10 0.34
24151 8 0.79
24154 21 0.28
24159 12 0.18
24161 24 0.83
24162 11 0.76
24163 15 0.37
24167 26 0.69
24169 8 0.73
24171 0 0.23
24174 0 0.0
24176 15 0.23
24178 1 0.84
24179 13 0.74
24183 22 0.93
24192 10 0.07
24195 2 1.0
24200 4 0.29
24201 22 0.2
24202 10 0.66
24207 7 0.44
24219 5 0.47
24223 15 0.14
24227 13 0.06
24230 17 0.63
24238 8 0.37
24239 0 0.58
24242 14 0.53
24249 29 0.6
24266 19 0.4
24269 21 0.04
24273 21 0.88
24277 9 0.22
24283 29 0.09
24288 8 1.0
24289 14 0.81
24291 22 0.43
24304 24 0.04
24307 6 0.48
24311 9 0.88
24315 25 0.94
24316 13 0.83
24319 29 0.11
24325 22 0.23
24328 10 0.65
24329 18 0.52
24335 19 0.69
24339 23 0.92
24345 18 0.51
24347 4 0.02
24348 10 0.01
24349 12 0.44
24353 14 0.98
24360 15 0.01
24364 28 0.13
24365 13 0.94
24367 8 0.2
24369 28 0.51
24373 27 0.4
24374 22 0.17
24375 4 0.97
24379 3 0.26
24381 9 0.5
24391 1 0.73
24394 3 0.37
24401 25 0.56
24402 5 0.83
24412 5 0.28
24418 6 0.34
24419 1 0.18
24421 29 0.19
24434 1 0.61
24435 18 0.94
24439 16 0.79
24442 14 0.88
24450 27 0.62
24453 10 0.81
24456 17 0.77
24460 8 0.89
24461 6 0.69
24462 0 0.86
24465 17 0.37
24475 25 0.33
24478 15 0.94
24480 16 0.58
24484 21 0.64
24492 24 0.12
24493 5 0.15
24495 6 0.28
24497 2 0.74
24502 18 0.51
24514 28 0.22
24515 6 0.64
24516 8 0.58
24527 20 0.71
24529 24 0.5
24530 2 0.68
24531 8 0.84
24536 22 0.69
24537 20 0.45
24543 26 0.48
24546 19 0.84
24552 20 0.59
24554 1 0.55
24558 29 0.37
24563 5 0.9
24572 8 0.1
24585 18 0.17
24587 24 0.8
24588 12 0.82
24590 27 0.19
24595 16 0.25
24602 14 0.23
24606 17 0.43
24607 29 0.88
24609 4 0.15
24615 6 0.57
24616 19 0.32
24620 17 0.17
24628 16 0.48
24629 18 0.87
24631 11 0.12
24634 29 0.3
24636 9 0.47
24638 2 0.31
24641 21 0.76
24650 19 0.15
24654 18 0.04
24656 24 0.28
24658 14 0.6
24661 4 0.35
24662 25 0.38
24665 9 0.98
24666 7 0.68
24669 21 0.57
24674 13 0.2
24677 15 0.72
24679 7 0.1
24680 29 0.86
24682 28 0.12
24684 27 0.97
24688 4 0.3
24690 7 0.48
24694 15 0.45
24698 13 0.8
24706 5 0.91
24709 25 0.89
24716 17 0.93
24717 11 0.72
24721 28 0.04
24725 15 0.05
24726 20 0.86
24728 28 0.21
24729 4 0.95
24734 7 0.69
24735 23 0.86
24738 4 0.64
24740 29 0.15
24741 28 0.6
24746 8 0.34
24747 18 0.39
24748 17 0.94
24752 20 0.44
24758 23 0.96
24761 11 0.4
24762 23 0.85
24763 0 0.07
24765 1 0.34
24773 16 0.51
24774 1 0.76
24778 25 0.31
24783 15 0.18
24786 12 0.78
24788 25 0.92
24790 13 0.21
24801 20 0.85
24807 17 0.11
24809 17 0.25
24812 29 0.77
24815 26 0.94
24816 10 0.25
24817 6 0.14
24823 17 0.25
24825 27 0.5
24829 14 0.57
24831 5 0.22
24841 5 0.88
24843 17 0.69
24851 23 0.7
24855 14 0.44
24861 19 0.9
24862 20 0.34
24865 22 0.54
24866 29 0.41
24876 23 0.43
24880 1 0.31
24883 23 0.19
24884 16 0.39
24890 2 0.03
24896 10 0.29
24899 26 0.47
24900 26 0.81
24901 10 0.21
24903 4 0.74
24909 5 0.78
24913 27 0.14
24914 14 0.66
24916 25 0.19
24919 15 0.15
24920 9 0.72
24923 28 0.38
24925 18 0.52
24930 19 0.45
24932 16 0.23
24933 12 0.6
24934 23 0.11
24935 1 0.14
24939 20 0.76
24940 26 0.1
24942 26 0.21
24945 11 0.82
24946 23 0.84
24948 5 0.38
24949 27 0.82
24950 23 0.87
24953 9 0.74
24956 19 0.14
24962 10 0.04
24966 29 0.14
24973 9 0.87
24974 28 0.51
24976 10 0.47
24980 26 0.19
24986 6 0.78
24990 14 0.97
24991 18 0.74
24995 6 0.5
