2 9 0.55
10 23 0.92
17 5 0.41
20 29 0.61
24 18 0.5
32 22 0.63
39 25 0.72
42 17 0.61
43 15 0.09
45 11 0.78
55 16 0.52
58 15 0.42
62 8 0.45
64 5 0.92
73 27 0.08
77 6 0.76
78 24 0.23
82 14 0.61
92 17 0.63
93 25 0.27
96 28 0.06
99 4 0.61
100 23 0.59
102 24 0.47
107 8 0.4
109 20 0.36
111 13 1.0
114 22 0.27
119 5 0.66
120 18 0.33
123 8 0.99
126 5 0.06
128 15 0.76
139 17 0.58
142 19 0.24
143 26 0.88
153 1 0.85
156 9 0.6
163 15 0.43
164 4 0.73
167 6 0.53
175 16 0.68
176 3 0.25
178 0 0.55
180 26 0.76
181 5 0.93
182 2 0.19
186 7 0.72
190 14 0.11
196 26 0.93
198 8 0.66
202 5 0.49
206 3 0.48
211 6 0.62
213 21 0.21
215 26 0.13
221 15 0.02
227 5 0.25
229 0 0.08
239 9 0.69
240 2 0.21
246 1 0.8
247 2 0.22
262 28 0.99
266 9 0.23
272 16 0.3
273 1 0.93
274 23 0.36
276 2 0.01
283 18 0.56
285 12 0.06
287 26 0.56
296 14 0.22
299 0 0.33
304 15 0.1
305 22 0.61
307 23 0.81
308 21 0.94
314 27 0.58
318 11 0.08
319 8 0.9
326 2 0.96
328 8 0.14
329 19 0.11
334 26 0.18
339 13 0.44
351 2 0.6
355 28 0.68
362 24 0.85
366 20 0.46
374 29 0.91
379 12 0.68
381 28 0.68
390 9 0.2
392 17 0.57
395 7 0.99
407 0 0.98
409 13 0.75
411 14 0.4
416 3 0.31
417 16 0.78
431 25 0.96
434 26 0.52
439 22 0.91
441 24 0.32
445 9 0.85
448 17 0.24
450 12 0.76
463 21 0.85
466 27 0.79
469 20 0.73
472 27 0.67
475 25 0.73
477 3 0.29
482 2 0.67
497 27 0.39
