0 8 0.39
1 18 0.8
2 3 0.24
5 16 0.58
6 6 0.13
8 15 0.71
11 29 0.51
13 3 0.85
14 17 0.95
15 14 0.01
17 10 0.57
18 9 0.79
21 6 0.8
23 12 0.76
24 15 0.85
25 15 0.76
26 15 0.1
29 18 0.23
30 4 0.93
32 12 0.21
34 24 0.68
36 16 0.05
37 24 0.3
42 20 0.55
45 10 0.09
46 19 0.66
48 24 0.54
49 6 0.31
50 17 0.06
52 15 0.74
56 0 0.43
57 25 0.5
58 19 0.67
60 10 1.0
63 25 0.52
65 25 0.35
66 12 0.41
68 11 0.45
69 25 0.23
70 15 0.87
71 15 0.26
76 20 0.15
77 4 0.53
78 11 0.79
79 0 0.47
81 3 0.82
83 7 0.93
84 4 0.18
86 17 0.43
87 26 0.36
98 20 0.74
99 17 0.07
100 9 0.5
101 19 0.23
103 25 0.66
105 12 0.33
108 3 0.8
110 7 0.9
113 29 0.18
117 3 0.84
119 6 0.17
120 8 0.36
123 6 0.96
124 5 0.36
127 3 0.37
128 21 0.21
129 15 0.5
131 22 0.41
133 29 0.7
134 27 0.17
138 16 0.7
139 24 0.5
143 25 0.24
147 25 0.08
148 0 0.8
149 0 0.55
150 21 1.0
152 15 1.0
153 6 0.49
154 21 0.19
156 16 0.15
157 25 0.36
158 28 1.0
159 13 0.62
164 12 0.1
166 6 0.52
167 3 0.07
168 4 0.48
169 27 0.17
171 28 0.18
174 21 0.87
177 17 0.63
182 24 0.68
183 16 0.55
187 24 0.83
188 0 0.2
192 15 0.14
195 21 0.57
197 19 0.59
199 18 0.69
200 9 0.7
201 28 0.6
203 9 0.66
206 8 0.52
207 18 0.68
210 21 0.24
211 7 0.2
212 26 0.37
213 3 0.82
215 24 0.03
217 23 0.99
218 10 0.18
220 15 0.36
222 3 0.79
223 12 0.26
224 26 0.67
225 19 0.23
227 15 0.77
233 21 0.26
234 19 0.86
235 23 0.94
236 1 0.22
237 12 0.02
240 6 0.71
241 2 0.97
242 10 0.49
244 19 0.19
246 29 0.77
247 18 0.97
248 5 0.53
256 3 0.27
260 28 0.62
263 20 0.87
265 12 0.88
266 20 0.05
268 28 0.6
274 3 0.73
275 29 0.57
276 12 0.03
278 28 0.1
279 11 0.73
280 0 0.61
283 3 0.97
289 4 0.52
290 4 0.06
293 11 0.16
294 20 0.75
298 23 0.93
300 0 0.17
301 4 0.28
304 0 0.2
308 24 0.06
310 4 0.95
311 14 0.59
313 28 0.31
314 29 0.71
315 29 0.99
316 14 0.33
319 22 0.25
322 26 0.93
325 6 0.61
326 3 0.03
329 26 0.11
331 0 0.93
332 25 0.7
334 13 0.72
339 14 0.49
340 4 0.59
341 4 0.88
342 14 0.25
346 29 0.36
350 5 0.43
355 24 0.86
357 21 0.68
359 20 0.18
360 22 0.08
362 25 0.96
365 14 0.67
366 8 0.25
368 21 0.48
369 26 0.49
372 18 0.15
374 20 0.45
375 8 0.75
376 23 0.23
378 18 0.93
381 25 0.2
382 8 0.49
383 29 0.01
384 2 0.09
386 5 0.09
387 16 0.25
389 27 0.91
390 3 0.9
391 3 0.85
393 25 0.34
396 26 0.9
397 6 0.34
399 23 0.39
403 7 0.89
405 5 0.01
406 23 0.77
408 19 0.12
411 14 0.22
414 17 0.26
417 23 0.03
422 24 0.33
423 16 0.83
424 27 0.78
428 10 0.3
429 29 0.86
430 11 0.68
431 11 0.95
432 23 0.71
433 5 0.34
438 0 0.87
441 1 0.18
442 25 0.35
443 12 0.85
445 15 0.16
446 16 0.55
450 20 0.29
451 24 0.95
452 19 0.16
454 16 0.35
455 9 0.64
456 17 0.83
457 27 0.12
458 9 0.2
460 0 0.0
461 28 0.55
464 0 0.55
465 27 0.8
468 27 0.69
470 0 0.25
472 3 0.21
474 26 0.83
475 28 0.41
477 24 0.5
481 9 0.19
484 3 0.15
486 22 0.84
487 18 0.14
488 26 0.34
489 9 0.73
490 8 0.04
495 16 0.6
498 9 0.54
