0 0 0.51
4 22 0.89
7 25 0.82
8 2 0.03
9 7 0.28
10 20 0.16
12 7 0.43
13 27 0.31
17 28 0.5
19 16 0.72
21 15 0.19
22 29 0.49
25 10 0.27
26 4 0.21
28 29 0.73
29 9 0.91
30 25 0.78
31 25 0.68
32 1 0.73
33 28 0.29
34 15 0.09
38 27 0.92
40 15 0.54
41 3 0.7
45 23 0.5
46 22 0.93
49 29 0.05
50 11 0.47
52 18 0.68
54 28 0.15
55 29 0.61
56 22 0.19
63 7 0.07
64 10 0.69
66 2 0.11
67 14 0.97
68 25 0.42
70 21 0.32
73 3 0.01
74 23 0.15
77 15 0.87
78 1 0.19
81 14 0.58
87 12 0.04
88 17 0.72
91 22 0.0
92 5 0.7
94 11 0.66
98 6 0.72
101 6 0.97
102 15 0.59
105 26 0.0
107 19 0.22
109 3 0.98
110 11 0.86
111 12 0.64
112 17 0.51
116 5 0.41
119 3 0.53
120 0 0.15
123 11 0.38
126 15 0.94
128 24 0.83
130 20 0.45
133 25 0.11
134 18 0.05
135 9 0.08
136 29 0.93
137 2 0.09
138 28 0.45
139 6 0.44
141 20 0.36
143 18 0.91
144 27 0.97
145 7 0.83
149 5 0.95
150 6 0.4
152 23 0.84
153 11 0.59
159 10 0.52
160 0 0.77
161 29 0.15
162 29 0.66
165 12 0.85
170 8 0.69
172 26 0.91
173 10 0.58
174 9 0.51
175 24 0.35
179 14 0.37
180 2 0.5
181 12 0.01
182 11 0.79
183 29 0.5
184 18 0.22
185 22 0.43
187 7 0.58
188 19 0.92
191 28 0.97
194 1 0.11
201 11 0.1
202 21 0.11
203 6 0.85
204 8 0.32
205 28 0.19
207 23 0.71
208 8 0.76
209 3 0.12
213 23 0.94
214 19 0.73
215 26 0.86
216 5 0.45
218 8 0.19
219 0 0.87
220 7 0.21
221 3 0.95
223 18 0.45
227 26 0.51
228 12 0.82
229 26 0.65
230 27 0.54
232 6 0.73
233 5 0.5
234 17 0.93
235 0 0.32
238 7 0.85
246 22 0.39
249 23 0.16
251 19 0.46
252 9 0.13
255 20 0.25
256 6 0.57
258 14 0.93
259 15 0.89
260 5 0.31
263 16 0.51
266 28 0.6
267 9 0.92
268 11 0.61
269 5 0.38
270 11 0.75
271 18 0.19
272 8 0.37
273 28 0.29
275 0 0.8
276 14 0.89
278 15 0.39
286 26 0.82
290 15 0.05
291 21 0.45
292 10 0.75
293 29 0.04
294 23 0.79
295 23 0.08
297 9 0.61
298 9 0.92
299 25 0.25
302 14 0.42
305 26 0.92
311 14 0.91
312 2 0.8
313 29 0.34
314 14 0.47
315 22 0.68
317 7 0.45
320 0 0.5
321 13 0.41
324 8 0.48
325 8 0.25
328 25 0.03
329 9 0.51
331 17 0.09
332 10 0.1
333 11 0.01
336 23 0.03
337 14 0.94
338 5 0.99
339 8 0.89
340 19 0.65
341 24 0.24
343 21 0.26
344 29 0.57
345 22 0.57
347 4 0.14
350 16 0.17
351 0 0.41
352 28 0.21
353 27 0.61
354 0 0.09
356 28 0.88
357 29 0.27
360 11 0.93
362 18 0.38
363 28 0.87
364 6 0.48
365 16 0.88
366 9 0.12
368 27 0.57
370 22 0.26
371 16 0.86
372 8 0.7
373 20 0.69
375 13 0.61
376 28 0.15
378 6 0.25
379 17 0.78
380 22 0.79
382 11 0.74
383 16 0.87
384 11 0.32
386 27 0.64
387 8 0.25
389 11 0.71
394 26 0.81
395 26 0.93
397 15 0.72
398 20 0.86
402 12 0.3
407 20 0.4
412 10 0.02
413 11 0.54
414 9 0.9
415 28 0.24
416 21 0.31
417 20 0.51
418 23 0.46
420 21 0.06
427 4 0.57
429 3 0.52
431 17 0.29
433 0 0.68
435 14 0.05
436 18 0.97
437 12 0.87
438 1 0.38
439 23 0.87
440 7 0.1
441 7 0.92
443 27 0.28
444 23 0.88
446 15 0.46
448 15 0.85
449 23 0.47
451 0 0.35
455 21 0.83
457 25 0.2
459 14 0.22
460 12 0.37
462 17 0.18
464 13 0.81
465 26 0.96
466 5 0.23
467 19 0.1
468 3 0.02
470 3 0.17
471 24 0.04
476 26 0.62
477 9 0.35
479 15 0.19
481 17 0.84
483 20 0.31
484 22 0.29
485 21 0.58
487 21 0.55
493 26 0.33
494 28 0.59
497 24 0.36
498 5 0.48
503 24 0.58
507 10 0.98
512 28 0.97
515 20 0.8
516 19 0.48
517 4 0.17
519 24 0.71
520 9 0.55
523 26 0.42
525 24 0.76
526 25 0.48
528 10 0.19
529 12 0.75
531 12 0.32
532 4 0.82
533 15 0.44
535 19 0.1
537 15 0.15
539 24 0.38
540 5 0.92
541 1 0.99
548 4 0.87
549 18 0.18
552 15 0.34
553 23 0.84
556 4 0.83
559 23 0.69
560 6 0.68
565 16 0.61
566 7 0.24
567 21 0.58
568 18 0.88
569 9 0.4
570 5 0.45
574 15 0.71
577 27 0.77
578 29 0.48
583 10 0.88
584 13 0.2
586 27 0.92
590 20 0.98
591 27 0.88
592 4 0.32
596 21 0.04
599 6 0.95
600 11 0.65
601 20 0.46
604 17 0.59
605 2 0.37
608 1 0.83
612 5 0.14
613 26 0.27
614 23 0.23
615 4 0.53
616 6 0.18
618 18 0.06
621 29 0.84
622 13 0.0
623 17 0.86
625 5 0.31
627 23 0.1
629 18 0.95
631 17 0.08
632 6 0.81
633 24 0.82
638 9 0.18
643 5 0.45
644 19 0.09
649 22 0.24
650 23 0.25
651 3 0.95
653 20 0.27
658 18 0.56
660 16 0.74
661 10 0.98
664 20 0.08
666 12 0.09
668 5 0.22
672 27 0.15
674 12 0.66
675 22 0.93
676 4 0.01
680 5 0.59
681 5 0.47
682 27 0.41
683 22 0.05
687 9 0.73
688 29 0.27
689 0 0.23
691 13 0.79
692 9 0.81
693 5 0.76
694 11 0.09
695 0 0.24
696 4 0.91
697 3 0.64
698 7 0.7
700 27 0.01
701 20 0.44
706 5 0.7
708 3 0.27
709 4 0.51
712 19 0.76
713 5 0.96
714 27 0.16
715 12 0.52
716 16 0.13
717 12 0.4
718 5 0.55
720 24 0.45
721 19 0.29
722 5 0.18
723 8 0.06
724 10 0.57
730 28 0.03
731 14 0.87
733 8 0.37
734 11 0.89
736 3 0.54
739 11 0.51
741 22 0.88
743 6 0.82
744 15 0.21
745 14 0.31
747 5 0.6
748 5 0.61
752 2 0.06
758 21 0.71
759 7 0.21
762 2 0.79
764 4 0.52
766 26 0.71
768 25 0.64
770 18 0.98
771 17 0.9
772 14 0.61
773 17 0.38
775 27 0.39
777 20 0.14
778 22 0.95
779 11 0.39
782 22 0.98
783 21 0.81
784 26 0.69
785 16 0.18
788 28 0.45
789 21 0.04
790 3 0.51
791 29 0.46
792 1 0.09
793 13 0.2
794 28 0.86
797 23 0.67
798 18 0.22
799 17 0.63
800 20 0.12
801 11 0.31
802 13 0.99
805 13 0.08
806 0 1.0
808 26 0.81
813 19 0.06
818 3 0.04
821 20 0.7
823 7 0.34
826 29 0.22
827 11 0.69
828 1 0.31
832 11 0.7
833 25 0.84
838 23 0.79
841 8 0.28
843 23 0.35
844 20 0.02
845 16 0.35
848 8 0.51
851 23 0.07
854 19 0.77
857 14 0.11
858 10 0.1
859 25 0.66
862 15 0.71
865 2 0.4
866 13 0.76
868 17 0.65
869 2 0.56
871 4 0.37
872 14 0.9
873 9 0.09
875 15 0.81
876 2 0.51
878 2 0.74
879 26 0.08
880 26 0.13
882 15 0.97
884 7 0.45
885 23 0.98
887 26 0.13
888 8 0.07
889 2 0.71
891 13 0.13
893 12 0.53
895 17 0.28
898 19 0.43
899 9 0.52
901 4 0.74
909 4 0.15
911 27 0.17
912 0 0.64
913 11 0.67
914 14 0.19
915 29 0.49
917 29 0.15
918 13 0.65
923 20 0.33
924 28 0.3
926 24 0.2
927 16 0.87
930 7 0.66
931 8 0.64
932 20 0.22
933 13 0.96
934 19 0.49
935 27 0.07
936 22 0.77
938 5 0.57
939 5 0.58
941 13 0.83
942 28 0.82
944 28 0.56
945 20 0.21
949 16 0.7
950 5 0.8
952 15 0.47
953 25 0.59
955 12 0.72
957 18 0.57
959 20 0.04
961 3 0.86
962 4 0.82
963 24 0.35
966 13 0.88
969 17 0.74
970 14 0.37
974 11 0.72
977 12 0.83
978 7 0.75
980 1 0.77
981 5 0.72
982 12 0.66
983 29 0.99
986 5 0.59
988 4 0.16
990 1 0.92
991 3 0.99
995 29 0.02
996 23 0.08
998 2 0.61
1001 0 0.08
1004 8 0.31
1005 11 0.04
1008 28 0.47
1010 28 0.05
1011 22 0.2
1013 17 0.05
1015 12 0.95
1018 7 0.75
1019 10 0.48
1022 6 0.49
1024 28 0.21
1027 12 0.09
1029 2 0.92
1030 2 0.75
1032 15 0.77
1034 21 0.11
1035 9 0.39
1037 1 0.1
1040 22 0.35
1041 25 0.47
1042 15 0.31
1043 7 0.44
1046 2 0.08
1047 20 0.66
1048 6 0.09
1050 4 0.34
1052 16 0.27
1053 9 0.61
1055 25 0.7
1057 23 0.49
1058 11 0.01
1059 6 0.1
1063 1 0.04
1065 19 0.81
1066 21 0.66
1071 11 0.5
1072 22 0.81
1074 26 0.69
1075 22 0.91
1076 13 0.97
1078 4 0.62
1079 13 0.96
1081 22 0.73
1084 21 0.9
1085 9 0.09
1086 7 0.89
1091 6 0.7
1094 17 0.32
1096 29 0.03
1099 16 0.5
1100 25 0.9
1104 22 0.86
1108 6 0.46
1111 4 0.6
1112 6 0.09
1113 4 0.09
1114 19 0.84
1115 10 0.77
1117 23 0.21
1119 16 0.74
1120 15 0.38
1123 8 0.08
1129 24 0.51
1131 20 0.68
1132 6 0.5
1133 23 0.59
1134 26 0.87
1138 29 0.92
1139 25 0.7
1140 28 0.08
1147 13 0.76
1148 23 0.25
1150 16 0.7
1152 29 0.85
1154 11 0.09
1158 4 0.96
1159 3 0.49
1161 21 0.92
1163 8 0.58
1166 6 0.19
1172 14 0.37
1173 12 0.3
1174 27 0.8
1176 3 0.94
1178 27 0.15
1179 4 0.59
1181 7 0.69
1182 9 0.18
1184 5 0.5
1186 10 0.52
1187 0 0.05
1189 4 0.87
1190 25 0.99
1192 11 0.83
1193 21 0.47
1194 21 0.31
1196 27 0.43
1201 12 0.51
1202 25 0.16
1205 10 0.3
1207 3 0.81
1208 0 0.06
1212 26 0.3
1214 4 0.6
1215 18 0.11
1216 19 0.44
1220 6 0.52
1222 28 0.38
1227 14 0.77
1229 11 0.92
1231 12 0.18
1232 9 0.64
1235 27 0.67
1237 6 0.25
1240 4 0.65
1242 29 0.74
1243 6 0.29
1244 9 0.57
1246 26 0.98
1247 5 0.77
1248 22 0.77
1252 25 0.64
1253 25 0.65
1254 3 0.14
1255 5 0.3
1256 20 0.05
1257 7 0.77
1258 11 0.01
1259 4 0.71
1260 6 0.51
1261 17 0.78
1263 14 0.28
1264 8 0.89
1266 9 0.01
1272 0 0.66
1274 20 0.52
1276 27 0.95
1277 9 0.44
1283 15 0.37
1284 27 0.49
1285 9 0.06
1286 25 0.47
1288 12 0.15
1289 15 0.53
1291 0 0.55
1292 8 0.56
1294 23 0.36
1295 20 0.59
1297 1 0.61
1298 15 0.99
1299 3 0.94
1303 10 0.64
1305 2 0.21
1308 9 0.59
1311 16 0.53
1312 12 0.14
1313 23 0.88
1316 4 0.33
1320 11 0.91
1324 14 0.15
1325 26 0.66
1326 0 0.89
1327 8 0.95
1328 14 0.36
1330 10 0.03
1331 13 0.88
1332 15 0.46
1334 21 0.27
1335 10 0.12
1338 13 0.81
1343 12 0.33
1346 13 0.6
1350 16 0.12
1351 28 0.53
1353 28 0.05
1355 11 0.2
1359 3 0.56
1363 25 0.68
1364 6 0.54
1365 19 0.07
1367 22 0.3
1368 2 0.92
1369 5 0.47
1373 8 0.92
1374 5 0.33
1375 19 0.36
1376 15 0.29
1377 12 0.7
1378 0 0.27
1379 12 0.43
1380 5 0.65
1382 15 0.13
1383 12 0.3
1384 26 0.86
1385 29 0.17
1388 17 0.19
1389 8 0.79
1391 6 0.57
1393 12 0.68
1395 25 0.32
1396 3 0.57
1397 19 0.86
1398 21 0.49
1401 17 0.17
1402 13 0.13
1408 20 0.82
1411 20 0.74
1413 17 0.49
1418 22 0.19
1419 9 0.44
1420 23 0.04
1421 23 0.34
1423 16 0.96
1426 24 0.16
1429 23 0.08
1430 3 0.44
1432 25 0.05
1433 15 0.91
1434 12 0.16
1436 20 0.61
1437 2 0.3
1439 4 0.74
1440 12 0.08
1441 10 0.8
1442 9 0.58
1443 27 0.07
1445 11 0.74
1446 0 0.86
1448 22 0.95
1452 1 0.76
1455 3 0.32
1456 11 0.15
1457 1 0.73
1463 16 0.29
1465 10 0.21
1466 24 0.13
1470 14 0.38
1471 0 0.66
1475 12 0.15
1476 25 0.01
1482 18 0.09
1483 15 0.57
1485 9 0.43
1486 21 0.92
1488 11 0.76
1490 16 0.55
1491 23 0.86
1492 9 0.59
1496 24 0.9
1497 9 0.74
1499 1 0.11
1507 22 0.52
1508 28 0.41
1510 26 0.44
1511 13 0.43
1513 12 0.32
1514 23 0.44
1520 18 0.88
1523 29 0.52
1524 6 0.37
1525 24 0.19
1527 7 0.81
1528 0 0.9
1530 0 0.17
1533 3 0.44
1539 28 0.81
1540 19 0.32
1546 17 0.81
1548 12 0.94
1553 7 0.08
1555 16 0.74
1556 16 0.41
1557 24 0.78
1559 15 0.77
1561 1 0.81
1562 25 0.98
1565 3 0.25
1568 21 0.56
1571 13 0.63
1574 5 0.06
1575 28 0.26
1576 27 0.39
1578 26 0.09
1579 0 0.06
1582 1 0.74
1583 11 0.75
1584 21 0.56
1585 2 0.73
1590 14 0.19
1593 6 0.95
1594 24 0.4
1597 17 0.69
1600 24 0.25
1602 5 0.5
1603 8 0.42
1604 8 0.49
1610 0 0.62
1614 29 0.73
1616 29 0.87
1617 13 0.98
1619 23 0.46
1620 10 0.34
1623 8 0.81
1626 14 0.1
1627 19 0.18
1628 11 0.64
1629 8 0.73
1631 4 0.53
1634 0 0.33
1635 19 0.47
1638 9 0.12
1639 0 0.02
1641 17 0.57
1643 13 0.2
1644 12 0.48
1647 7 0.97
1648 14 0.95
1649 0 0.29
1650 22 0.6
1652 3 0.74
1654 21 0.57
1655 22 0.34
1658 15 0.79
1659 26 0.39
1660 26 0.56
1661 8 0.99
1663 16 0.49
1665 12 0.3
1666 1 0.67
1668 16 0.89
1669 15 0.61
1670 21 0.31
1672 15 0.38
1674 6 0.12
1675 21 0.79
1676 17 0.75
1677 21 0.42
1678 23 0.92
1679 28 0.76
1680 8 0.07
1683 1 0.36
1686 22 0.17
1687 19 0.47
1688 27 0.68
1689 21 0.37
1691 24 0.94
1692 11 0.37
1697 21 0.67
1703 19 0.8
1706 6 0.62
1712 13 0.82
1714 5 0.41
1715 29 0.63
1716 20 0.83
1717 29 0.69
1718 3 1.0
1719 6 0.87
1721 18 0.3
1723 17 0.84
1725 20 0.46
1726 29 0.1
1732 7 0.94
1736 0 0.15
1738 0 0.46
1739 12 0.5
1741 23 0.03
1742 19 0.46
1743 10 0.67
1744 17 0.38
1746 22 0.56
1749 8 0.37
1750 1 0.86
1751 6 0.68
1752 8 0.96
1753 27 0.88
1759 2 0.34
1761 12 0.56
1762 23 0.05
1763 17 0.62
1766 18 0.79
1767 26 0.17
1770 10 0.98
1773 18 0.88
1774 7 0.71
1776 10 0.09
1777 0 0.21
1778 2 0.94
1779 9 0.85
1780 1 0.22
1783 29 0.45
1785 20 0.49
1788 13 0.6
1790 6 0.7
1791 23 0.05
1793 24 0.9
1795 29 0.85
1796 23 0.8
1801 0 0.93
1803 15 0.26
1805 11 0.49
1807 15 0.26
1809 1 0.99
1810 24 0.87
1811 9 0.46
1813 10 0.36
1815 21 0.09
1816 27 0.26
1817 21 0.82
1819 23 0.38
1821 22 0.74
1823 18 0.2
1825 13 0.23
1826 17 0.51
1828 17 0.84
1829 24 0.27
1830 7 0.27
1833 26 0.12
1836 29 0.5
1838 29 0.57
1839 24 0.22
1842 17 0.6
1843 3 0.5
1844 4 0.57
1846 8 0.68
1847 24 0.08
1850 21 0.11
1851 4 0.62
1853 13 0.25
1855 13 0.22
1857 10 0.46
1860 20 0.19
1861 19 0.73
1863 24 0.45
1864 21 0.68
1867 29 0.45
1869 19 0.57
1874 8 0.65
1877 1 0.42
1878 24 0.6
1879 21 0.06
1880 15 0.54
1882 4 0.45
1884 10 0.2
1885 15 0.26
1886 7 0.31
1888 14 0.06
1889 18 0.27
1890 3 0.85
1893 4 0.25
1894 22 0.07
1897 15 0.39
1898 5 0.84
1900 19 0.46
1901 1 0.17
1902 28 0.07
1907 5 0.23
1909 3 0.83
1912 2 0.01
1913 14 0.81
1914 3 0.86
1917 28 0.76
1919 0 0.52
1920 19 0.59
1924 7 0.72
1929 12 0.93
1930 22 0.49
1931 21 0.71
1933 0 0.08
1935 19 0.6
1936 9 0.57
1938 5 0.92
1939 18 0.94
1940 9 0.61
1944 15 0.89
1947 1 0.82
1948 5 0.48
1949 11 0.47
1950 8 0.42
1952 16 0.32
1956 0 0.94
1959 15 0.39
1960 29 0.18
1962 11 0.8
1964 29 0.92
1969 20 0.98
1971 20 0.24
1973 22 0.79
1976 26 0.47
1980 6 0.82
1985 19 0.82
1986 6 0.79
1987 13 0.6
1989 5 0.71
1990 15 0.34
1995 11 0.91
1998 10 0.02
1999 4 0.53
2001 12 0.87
2002 6 0.27
2003 25 0.82
2004 5 0.47
2008 10 0.69
2011 22 0.15
2013 4 0.35
2014 22 0.76
2015 16 0.31
2016 28 0.07
2020 12 0.56
2022 24 0.04
2023 4 0.24
2027 14 0.59
2030 20 0.57
2031 25 0.24
2033 3 0.85
2035 11 0.23
2036 21 0.44
2038 24 0.24
2039 23 0.62
2040 15 0.76
2041 22 0.58
2043 6 0.56
2045 21 0.55
2051 6 0.66
2054 21 0.9
2055 6 0.7
2056 13 0.74
2057 6 0.25
2058 17 0.0
2059 21 0.19
2060 21 0.75
2063 10 0.1
2067 9 0.62
2068 8 0.07
2071 15 0.09
2074 22 0.06
2075 17 0.39
2077 24 0.17
2079 19 0.53
2080 20 0.1
2082 25 0.99
2084 23 0.89
2089 13 0.83
2090 11 0.2
2092 22 0.82
2093 10 0.65
2094 3 0.44
2099 0 0.2
2101 14 0.19
2106 23 0.12
2108 23 0.56
2109 9 0.68
2114 12 0.56
2115 22 0.27
2116 2 0.24
2118 8 0.57
2119 20 0.04
2120 12 0.13
2121 5 0.94
2122 20 0.11
2123 13 0.09
2124 0 0.02
2126 29 0.29
2127 24 0.62
2128 29 0.34
2130 21 0.66
2131 4 0.09
2133 8 0.85
2134 7 0.8
2136 19 0.5
2139 18 0.51
2140 1 0.66
2143 28 0.6
2146 20 0.36
2147 16 0.02
2149 0 0.88
2150 13 0.62
2151 15 0.35
2154 19 0.81
2156 22 0.88
2160 8 0.77
2161 7 0.69
2162 18 0.07
2166 16 0.57
2167 2 0.98
2168 17 0.8
2172 5 0.86
2174 11 0.92
2175 22 0.11
2176 2 0.43
2181 14 0.83
2185 21 0.41
2188 0 0.42
2190 27 0.57
2191 21 0.92
2192 0 0.22
2194 8 0.7
2195 6 0.03
2197 4 0.24
2198 20 0.34
2199 20 0.09
2200 13 0.12
2201 20 0.89
2204 1 0.08
2205 5 0.55
2206 14 0.14
2207 10 0.91
2209 12 0.69
2210 26 0.05
2213 16 0.87
2214 27 0.3
2215 11 0.25
2217 17 0.95
2220 14 0.21
2222 17 0.72
2225 0 0.4
2227 15 0.97
2228 16 0.64
2229 28 0.05
2230 13 0.31
2245 24 0.59
2250 3 0.88
2251 5 0.96
2254 13 0.93
2257 17 0.68
2261 16 0.44
2263 23 0.86
2264 10 0.6
2266 1 1.0
2267 23 0.48
2270 24 0.56
2272 27 0.84
2273 8 0.29
2276 22 0.88
2279 5 0.48
2281 13 0.53
2283 2 0.24
2284 23 0.97
2285 4 0.36
2287 20 0.42
2288 26 0.01
2291 3 0.29
2293 7 0.19
2295 3 0.19
2297 0 0.67
2298 6 0.3
2300 21 0.12
2301 8 0.8
2302 28 0.32
2303 6 0.55
2304 10 0.22
2306 22 0.18
2307 26 0.29
2310 10 0.7
2312 15 0.46
2315 29 0.38
2317 16 0.81
2322 18 0.92
2324 8 0.41
2326 21 0.22
2327 21 0.19
2330 27 0.63
2331 4 0.51
2335 6 0.21
2337 20 0.32
2339 1 0.25
2340 29 0.67
2342 7 0.86
2344 6 0.88
2345 17 0.02
2347 24 0.19
2348 3 0.22
2349 16 0.24
2352 19 0.48
2355 23 0.56
2358 28 0.03
2360 28 0.96
2362 18 0.37
2365 4 0.97
2366 29 0.9
2369 5 0.68
2370 13 0.52
2371 7 0.78
2374 15 0.63
2375 8 0.88
2376 11 0.0
2377 24 0.69
2382 10 0.15
2385 18 0.9
2387 2 0.92
2390 15 0.42
2393 28 0.27
2394 19 0.43
2395 4 0.02
2396 10 0.43
2398 15 0.91
2402 23 0.06
2403 12 0.88
2404 6 0.58
2406 21 0.35
2409 11 0.78
2410 11 0.72
2413 16 0.2
2414 26 0.6
2415 2 0.56
2417 18 0.79
2419 17 0.35
2424 14 0.4
2426 16 0.83
2427 27 0.67
2429 23 0.57
2432 22 0.01
2433 15 0.89
2434 4 0.5
2436 20 0.31
2437 16 0.73
2438 12 0.57
2443 16 0.75
2450 9 0.91
2451 7 0.18
2452 19 0.92
2455 4 0.56
2456 14 0.43
2457 23 0.32
2458 28 0.92
2459 7 0.35
2460 4 0.11
2461 6 0.46
2463 16 0.89
2464 16 0.64
2465 2 0.96
2466 17 0.85
2467 8 0.07
2468 24 0.47
2469 14 0.75
2470 2 0.91
2472 17 1.0
2474 29 0.03
2475 10 0.09
2476 12 0.73
2477 22 0.64
2478 5 0.33
2481 16 0.39
2484 7 0.06
2485 15 0.8
2487 7 0.28
2490 29 0.36
2495 0 0.96
2496 1 0.89
2497 21 0.91
2499 28 0.58
2500 23 0.18
2502 26 0.64
2503 10 0.54
2504 10 0.53
2505 27 0.08
2506 24 0.54
2512 26 0.77
2516 19 0.02
2519 20 0.64
2520 8 0.2
2521 18 0.73
2522 22 0.24
2523 23 0.54
2524 15 0.68
2526 4 0.1
2527 24 0.01
2528 5 0.43
2529 3 0.26
2530 24 0.84
2535 27 0.53
2536 5 0.9
2538 29 0.41
2540 6 0.97
2541 12 0.53
2542 21 0.34
2543 20 0.8
2547 11 0.73
2549 8 0.28
2552 6 0.96
2555 11 0.15
2557 17 0.17
2559 3 0.72
2561 7 0.47
2564 20 0.62
2565 6 0.95
2566 18 0.94
2567 16 0.94
2569 29 0.97
2571 11 0.09
2575 27 0.17
2576 26 0.72
2579 0 0.36
2581 25 0.44
2584 18 0.1
2586 25 0.05
2588 4 0.55
2595 12 0.82
2600 26 0.59
2603 2 0.45
2607 1 0.13
2610 20 0.11
2612 12 0.68
2614 5 0.65
2615 15 0.38
2619 12 0.54
2620 14 0.74
2622 6 0.17
2623 29 0.87
2624 5 0.03
2626 22 0.8
2628 12 0.19
2629 22 0.22
2630 25 0.57
2633 4 0.16
2637 26 0.51
2640 18 0.98
2642 23 0.38
2643 11 0.44
2647 25 0.27
2652 4 0.89
2657 22 0.46
2658 12 0.84
2659 13 0.39
2660 13 0.01
2663 11 0.97
2665 20 0.97
2666 29 0.38
2668 27 0.57
2670 3 0.82
2671 28 0.83
2674 27 0.19
2676 13 0.26
2677 8 0.05
2678 18 0.89
2679 17 0.29
2682 8 0.49
2686 28 0.94
2688 23 0.02
2691 2 0.54
2695 20 0.37
2697 17 0.67
2703 10 0.75
2704 15 0.61
2706 11 0.74
2707 20 0.29
2711 1 0.65
2713 22 0.55
2714 2 0.94
2716 2 0.93
2717 28 0.02
2718 10 0.17
2719 5 0.51
2721 6 0.32
2722 11 0.7
2723 6 0.27
2728 0 0.67
2729 4 0.62
2730 25 0.56
2734 3 0.47
2738 7 0.34
2739 27 0.03
2740 0 0.54
2741 22 0.76
2742 2 0.61
2743 23 0.25
2747 26 0.74
2750 20 0.86
2752 25 0.79
2753 29 0.27
2755 22 0.94
2757 2 0.13
2758 17 0.15
2761 20 0.43
2762 16 0.73
2764 22 0.44
2765 10 0.64
2766 8 0.69
2768 2 0.02
2771 3 0.39
2773 7 0.96
2775 0 0.38
2776 20 0.05
2779 28 0.96
2781 19 0.99
2782 11 0.05
2785 26 0.84
2786 5 0.88
2789 29 0.93
2791 11 0.64
2792 27 1.0
2794 2 0.81
2798 27 0.31
2799 26 0.68
2800 4 0.41
2801 26 0.14
2803 23 0.93
2804 14 0.57
2805 24 0.95
2806 4 0.92
2807 14 0.81
2809 5 0.87
2810 11 0.3
2812 24 0.29
2815 21 0.78
2816 1 0.11
2819 7 0.06
2820 28 0.78
2826 14 0.13
2828 15 0.33
2830 5 0.87
2831 24 0.8
2833 8 0.03
2839 25 0.08
2841 20 0.68
2844 1 0.44
2845 16 0.74
2847 19 0.11
2850 17 0.81
2851 26 0.25
2854 19 0.63
2855 19 0.26
2857 20 0.82
2862 18 0.92
2864 25 0.02
2866 22 0.19
2867 14 0.46
2868 9 0.25
2869 21 0.04
2870 26 0.07
2872 26 0.47
2874 14 0.02
2875 21 0.88
2877 0 0.88
2880 12 0.95
2886 20 0.96
2887 14 0.84
2889 21 0.15
2891 17 0.68
2892 14 0.53
2893 22 0.41
2894 7 0.73
2895 28 0.0
2896 17 0.41
2898 7 0.64
2899 2 0.89
2900 13 0.96
2902 5 0.32
2905 26 0.06
2906 19 0.63
2907 20 0.42
2909 26 0.78
2910 2 0.66
2911 9 0.79
2913 12 0.32
2914 7 0.63
2915 2 0.54
2919 26 0.47
2921 29 0.41
2927 9 0.18
2928 29 0.24
2932 28 0.3
2933 3 0.2
2934 11 0.36
2937 13 0.19
2940 6 0.07
2943 28 0.9
2946 12 0.07
2947 0 0.21
2949 27 0.84
2950 27 0.89
2952 3 0.31
2953 24 0.67
2954 22 0.57
2955 14 0.68
2957 2 0.8
2959 21 0.17
2970 21 0.55
2971 5 0.72
2972 15 0.18
2973 10 0.0
2974 9 0.23
2978 25 0.96
2979 8 0.71
2980 4 0.19
2986 26 0.89
2989 11 0.16
2993 24 0.04
2995 22 0.69
2997 0 0.17
3002 10 0.98
3003 7 0.0
3004 23 0.69
3005 12 0.84
3007 29 0.29
3008 20 0.53
3009 23 0.08
3010 24 0.7
3011 7 0.97
3014 27 0.07
3015 25 0.96
3016 17 0.23
3017 17 0.1
3020 2 0.7
3021 21 0.7
3024 21 0.8
3025 12 0.27
3028 28 0.27
3029 9 0.75
3031 5 0.86
3033 9 0.47
3034 26 0.92
3035 2 0.04
3036 11 0.48
3037 23 0.52
3039 5 0.15
3042 9 0.54
3044 22 0.04
3045 9 0.77
3049 10 0.73
3051 7 0.3
3053 16 0.19
3054 20 0.16
3055 25 0.42
3058 3 0.19
3060 13 0.17
3061 24 0.88
3063 5 0.24
3064 8 0.81
3065 20 0.37
3066 20 0.11
3068 24 0.26
3069 9 0.6
3072 13 0.8
3073 10 0.19
3075 17 0.81
3076 16 0.37
3078 27 0.08
3079 0 0.15
3082 10 0.77
3087 11 0.73
3092 18 0.57
3095 11 0.56
3096 20 0.33
3097 8 0.58
3099 27 0.29
3100 3 0.3
3101 3 0.41
3102 12 0.2
3104 26 0.56
3106 14 0.4
3107 19 0.73
3113 28 0.97
3114 29 0.02
3116 26 0.42
3117 24 0.03
3118 11 0.83
3120 29 0.28
3124 20 0.08
3125 26 0.8
3127 24 0.19
3129 0 0.96
3130 0 0.42
3136 20 0.14
3137 3 0.08
3138 3 0.96
3140 3 0.19
3141 2 0.5
3142 21 0.94
3146 17 0.93
3148 9 0.26
3149 1 0.94
3151 16 0.21
3153 3 0.07
3154 2 0.07
3155 1 0.96
3158 7 0.41
3159 11 0.41
3160 0 0.32
3161 17 0.43
3163 7 0.14
3164 15 0.42
3165 4 0.01
3173 26 0.73
3174 18 0.13
3176 26 0.58
3177 1 0.12
3178 24 0.42
3179 24 0.96
3180 25 0.51
3182 26 0.48
3184 24 0.53
3186 14 0.78
3187 16 0.03
3188 20 0.63
3189 26 0.8
3192 20 0.79
3193 15 0.78
3194 26 0.73
3195 29 0.96
3202 2 0.88
3204 9 0.26
3205 1 0.78
3206 5 0.22
3209 7 0.97
3210 17 0.58
3213 10 0.98
3214 6 0.64
3215 1 0.37
3216 29 0.06
3221 18 0.5
3222 13 0.33
3223 3 0.63
3224 24 0.22
3225 8 0.08
3226 18 0.46
3230 26 0.45
3233 12 0.61
3235 20 0.23
3238 9 0.08
3239 10 0.47
3241 7 0.87
3242 1 0.93
3243 10 0.49
3244 16 0.91
3245 8 0.29
3246 2 0.19
3247 9 0.81
3248 5 0.98
3250 25 0.51
3254 20 0.53
3255 7 0.67
3257 13 0.04
3261 17 0.55
3263 28 0.02
3265 14 0.24
3267 19 0.71
3271 21 0.37
3272 20 0.22
3273 17 0.22
3274 21 0.54
3275 5 0.89
3276 10 0.09
3278 0 0.74
3279 15 0.24
3280 18 0.89
3282 22 0.15
3284 23 0.57
3287 19 0.21
3289 6 0.69
3290 19 0.45
3293 19 0.17
3295 2 0.96
3296 2 0.51
3297 10 0.17
3302 17 0.01
3307 18 0.57
3311 25 0.15
3312 6 0.31
3314 21 0.43
3315 16 0.48
3316 16 0.83
3317 17 0.4
3322 20 0.55
3323 6 0.91
3328 13 0.93
3330 27 0.06
3331 25 0.37
3332 17 0.54
3334 20 0.87
3336 16 0.98
3339 8 0.38
3343 6 0.67
3345 14 0.79
3346 19 0.07
3350 20 0.27
3352 12 0.52
3354 22 0.95
3357 4 0.7
3358 1 0.48
3361 15 0.13
3364 7 0.84
3365 26 0.85
3367 14 0.7
3369 11 0.35
3371 9 0.48
3372 1 0.37
3374 23 0.15
3375 7 0.45
3376 21 0.1
3379 12 0.16
3380 25 0.3
3381 27 0.51
3382 16 0.24
3383 10 0.79
3386 24 0.81
3387 14 0.84
3389 18 0.8
3391 9 0.02
3397 2 0.65
3400 28 0.29
3401 28 0.12
3402 25 0.85
3403 27 0.91
3404 23 0.75
3407 0 0.16
3409 8 0.06
3410 20 0.46
3412 2 0.28
3414 2 0.4
3415 1 0.91
3416 13 0.52
3417 0 0.84
3420 22 0.13
3421 24 0.81
3423 26 0.31
3425 4 0.41
3426 15 0.31
3427 3 0.75
3428 23 0.54
3429 12 0.21
3430 8 0.87
3432 0 0.86
3434 24 0.81
3435 20 0.54
3437 16 0.39
3438 4 0.26
3440 8 0.46
3444 14 0.14
3446 18 0.2
3447 0 0.77
3448 5 0.73
3450 28 0.22
3451 15 0.11
3452 13 0.49
3453 16 0.17
3454 20 0.61
3455 2 0.6
3456 19 0.64
3457 16 0.65
3461 14 0.32
3462 21 0.88
3463 20 0.85
3464 1 0.81
3466 25 0.85
3467 16 0.96
3471 0 0.52
3472 18 0.16
3475 26 0.78
3480 22 0.64
3482 29 0.08
3484 27 0.66
3485 6 0.01
3486 22 0.69
3487 27 0.14
3488 18 0.71
3491 25 0.39
3492 1 0.25
3493 20 0.66
3496 0 0.62
3498 13 0.04
3510 27 0.26
3511 23 0.87
3512 26 0.58
3514 11 0.64
3515 22 0.53
3517 15 0.27
3520 18 0.01
3521 23 0.92
3523 9 0.56
3528 17 0.9
3534 5 0.03
3537 4 0.84
3544 12 0.54
3547 25 0.35
3549 1 0.63
3550 0 0.95
3552 28 0.11
3553 27 0.94
3555 2 0.09
3556 27 0.36
3560 19 0.76
3562 6 0.38
3563 18 0.79
3564 23 0.75
3567 13 0.35
3568 24 0.65
3569 6 0.41
3572 7 0.64
3574 21 0.6
3581 24 0.29
3586 27 0.68
3587 18 0.64
3590 4 0.79
3591 15 0.41
3592 17 0.12
3593 26 0.26
3594 16 0.61
3597 28 0.51
3599 14 0.94
3600 28 0.59
3606 2 0.33
3607 15 0.63
3610 22 0.39
3613 2 0.69
3614 11 0.81
3616 8 0.54
3619 10 0.35
3621 4 0.75
3622 10 0.95
3623 1 0.08
3625 7 0.68
3626 18 0.07
3629 11 0.32
3632 3 0.4
3633 21 0.42
3634 19 0.94
3637 8 0.6
3639 29 0.57
3640 13 0.68
3642 10 0.45
3643 5 0.35
3645 28 0.71
3646 21 0.14
3647 7 0.35
3648 0 0.49
3650 5 0.51
3651 19 0.28
3654 15 0.89
3655 27 0.12
3659 23 0.37
3660 3 0.25
3661 23 0.53
3671 16 0.85
3673 20 0.49
3675 9 0.34
3678 11 0.22
3679 22 0.96
3680 2 0.59
3686 7 0.06
3687 11 0.79
3688 5 0.49
3690 1 0.64
3691 2 0.99
3696 25 0.37
3699 29 0.92
3700 7 0.0
3701 3 0.25
3702 1 0.38
3706 26 0.5
3707 6 0.4
3708 0 0.08
3709 1 0.15
3710 13 0.39
3713 13 0.12
3716 4 0.31
3718 22 0.53
3721 18 0.04
3722 16 0.39
3724 18 0.7
3725 8 0.3
3730 9 0.41
3732 11 0.38
3733 21 0.41
3734 26 0.63
3736 10 0.82
3738 1 0.1
3739 28 0.73
3740 15 0.93
3741 0 0.21
3742 10 0.44
3746 15 0.97
3747 15 0.94
3748 7 0.72
3749 3 0.28
3753 16 0.2
3754 19 0.78
3757 21 0.58
3759 24 0.82
3762 18 0.89
3763 28 0.3
3764 3 0.54
3767 20 0.17
3771 27 0.15
3772 20 0.79
3773 28 0.48
3775 15 0.51
3778 28 0.44
3783 0 0.99
3785 3 0.56
3786 21 0.93
3787 17 0.8
3788 3 0.25
3792 21 0.34
3793 27 0.99
3795 14 0.01
3797 20 0.5
3800 27 0.54
3801 13 0.16
3802 12 0.62
3805 2 0.58
3806 13 0.64
3807 1 0.99
3808 26 0.0
3810 0 0.2
3812 26 0.7
3815 11 0.89
3816 13 0.55
3819 21 0.31
3820 2 0.23
3821 18 0.13
3822 8 0.79
3824 18 0.75
3832 3 0.81
3833 0 0.96
3837 18 0.41
3838 27 0.41
3839 8 0.59
3840 18 0.13
3844 2 0.84
3847 26 0.66
3848 10 0.44
3849 9 0.76
3854 26 0.11
3856 18 0.48
3857 7 0.1
3859 10 0.44
3861 20 0.48
3862 12 0.38
3864 8 0.28
3865 9 0.23
3866 27 0.26
3870 13 0.57
3871 28 0.67
3872 19 0.88
3873 28 0.64
3874 5 0.47
3875 27 0.39
3878 27 0.97
3881 6 0.7
3882 19 0.9
3884 15 0.21
3885 25 0.54
3886 1 0.11
3889 1 0.88
3890 29 0.58
3894 27 0.39
3899 12 0.38
3900 19 0.78
3901 6 0.93
3903 18 0.63
3904 8 0.16
3906 23 0.03
3908 2 0.56
3910 21 0.04
3914 13 0.93
3915 25 0.14
3917 5 0.84
3918 3 0.65
3919 21 0.95
3920 4 0.51
3922 23 0.96
3930 6 0.04
3934 1 0.22
3937 20 0.99
3939 22 0.42
3940 27 0.11
3941 29 0.41
3942 28 0.28
3943 24 0.98
3944 8 0.64
3945 7 0.59
3946 6 0.95
3949 26 0.56
3951 19 0.7
3952 24 0.6
3953 23 0.31
3955 11 0.06
3956 4 0.46
3957 13 0.64
3958 21 0.66
3959 16 0.68
3960 1 0.96
3961 7 0.96
3962 7 0.88
3963 11 0.21
3966 6 0.67
3968 26 0.15
3970 1 0.21
3973 23 0.37
3974 24 0.92
3978 23 0.89
3979 22 0.15
3980 4 0.42
3981 9 0.81
3982 19 0.7
3983 8 0.94
3984 18 0.86
3986 21 0.84
3991 12 0.05
3992 28 0.22
3994 2 0.05
3995 13 0.88
3997 11 0.24
3998 13 0.4
4001 6 0.29
4002 23 0.35
4003 16 0.3
4005 8 0.91
4006 29 0.34
4008 11 0.85
4012 15 0.99
4013 3 0.19
4014 25 0.66
4018 26 0.74
4021 17 0.69
4026 11 0.18
4027 25 0.14
4028 16 0.07
4031 15 0.86
4032 7 0.74
4033 25 0.34
4037 20 0.77
4038 4 0.88
4040 7 0.63
4043 3 0.51
4047 18 0.83
4048 13 0.48
4049 11 0.63
4051 26 0.6
4052 17 0.49
4053 1 0.3
4054 10 0.42
4056 21 0.33
4057 26 0.17
4059 20 0.83
4061 27 0.05
4063 19 0.32
4064 20 0.98
4067 22 0.53
4069 15 0.22
4073 24 0.25
4074 17 0.74
4075 23 0.19
4077 15 0.87
4080 19 0.74
4082 3 0.56
4083 4 0.03
4087 9 0.91
4088 22 0.14
4089 4 0.49
4090 26 0.52
4092 27 0.05
4094 8 0.17
4095 17 0.93
4099 0 0.48
4100 15 0.63
4101 4 0.65
4102 18 0.56
4104 10 0.47
4105 24 0.06
4106 18 0.47
4108 18 0.84
4109 13 0.64
4111 15 0.34
4113 23 0.0
4115 25 0.2
4117 16 0.07
4121 7 0.37
4123 13 0.69
4127 17 0.98
4129 1 0.06
4130 21 0.25
4131 11 0.33
4133 16 0.65
4134 8 0.32
4141 25 0.73
4142 2 0.76
4146 25 0.74
4147 18 0.65
4150 7 0.23
4153 27 0.55
4154 7 0.58
4155 5 0.86
4157 29 0.3
4159 19 0.01
4161 18 0.37
4164 24 0.46
4165 4 0.87
4167 28 0.56
4168 14 0.61
4172 20 0.11
4173 12 0.64
4175 8 0.22
4177 0 0.75
4179 0 0.73
4180 18 0.3
4181 17 0.06
4182 12 0.02
4183 1 0.52
4186 25 0.42
4187 5 0.92
4188 23 0.24
4191 13 0.4
4192 1 0.98
4193 5 0.31
4195 0 0.28
4201 29 0.84
4212 28 0.14
4213 28 0.55
4214 11 0.87
4217 15 0.79
4222 23 0.66
4223 9 0.27
4226 6 0.45
4227 10 0.35
4228 20 0.59
4229 17 0.06
4230 19 0.87
4231 5 0.95
4232 19 0.73
4234 23 0.32
4237 18 0.5
4239 1 0.69
4240 2 0.81
4241 25 0.36
4242 20 0.86
4247 8 0.39
4250 20 0.28
4252 5 0.96
4254 20 0.87
4255 4 0.66
4257 7 0.01
4259 23 0.68
4265 19 0.72
4267 26 0.27
4268 22 0.01
4270 9 0.24
4271 23 0.56
4272 28 0.91
4276 18 0.62
4277 23 0.85
4278 15 0.55
4280 0 0.4
4282 27 0.12
4283 15 0.94
4288 6 0.46
4289 4 0.25
4293 7 0.58
4297 8 0.0
4300 9 0.47
4301 16 0.14
4308 8 0.84
4309 19 0.35
4312 18 0.69
4324 19 0.99
4326 23 0.88
4328 24 0.3
4330 7 0.9
4331 11 0.11
4333 28 0.93
4337 18 0.88
4339 4 0.9
4345 8 0.11
4346 19 0.59
4348 1 0.47
4350 24 0.24
4352 27 0.04
4353 16 0.06
4355 4 0.04
4356 6 0.35
4358 19 0.83
4362 12 0.57
4363 24 0.7
4366 17 0.4
4369 4 0.97
4372 10 0.28
4373 24 0.88
4374 11 0.12
4375 16 0.04
4378 21 0.76
4380 14 0.01
4382 4 0.48
4384 19 0.92
4387 0 0.7
4389 21 0.7
4390 20 0.51
4393 11 0.85
4394 25 0.81
4396 5 0.59
4397 19 0.05
4398 13 0.73
4399 17 0.24
4402 2 0.7
4403 28 0.07
4404 14 0.32
4406 22 0.81
4409 16 0.25
4411 14 0.23
4414 6 0.41
4415 28 0.18
4418 9 0.54
4419 25 0.89
4422 6 0.78
4427 24 0.35
4430 12 0.53
4432 22 0.41
4433 20 0.64
4435 4 0.23
4436 25 0.03
4437 14 0.97
4438 19 0.51
4440 14 0.34
4441 18 0.31
4442 22 0.41
4443 13 0.99
4447 3 0.36
4449 2 0.33
4452 15 0.17
4454 9 0.26
4456 19 0.31
4457 19 0.49
4459 20 0.53
4460 29 0.06
4462 7 0.99
4464 20 0.81
4465 3 0.55
4466 21 0.56
4468 21 0.67
4469 13 0.1
4470 11 0.06
4471 10 1.0
4472 15 0.24
4475 6 0.53
4476 9 0.32
4478 11 0.45
4480 23 0.16
4482 23 0.52
4483 18 0.65
4485 14 0.83
4488 24 0.59
4489 19 0.76
4490 17 0.41
4491 19 0.84
4492 12 0.69
4493 15 0.66
4496 25 0.46
4500 23 0.88
4503 24 0.22
4505 18 0.07
4507 17 0.36
4508 22 0.69
4509 21 0.89
4510 20 0.44
4512 15 0.47
4516 9 0.61
4520 23 0.29
4521 21 0.79
4522 22 0.24
4526 25 0.72
4534 26 0.51
4536 18 0.24
4537 24 0.83
4539 20 0.95
4540 18 0.64
4541 1 0.82
4543 22 0.02
4545 2 0.36
4549 14 0.26
4550 13 0.92
4551 25 0.4
4552 28 0.15
4553 3 0.92
4555 11 0.87
4556 25 0.57
4557 22 0.78
4558 5 0.72
4559 8 0.67
4560 22 0.41
4568 8 0.63
4570 16 0.63
4571 22 0.79
4573 28 0.6
4577 17 0.08
4581 17 0.39
4582 2 0.71
4583 8 0.53
4586 26 0.16
4588 13 0.4
4589 17 0.09
4590 28 0.67
4595 2 0.56
4596 16 0.38
4599 6 0.29
4600 7 0.01
4603 0 0.5
4605 23 0.38
4607 21 0.97
4609 18 0.41
4610 28 0.22
4611 14 0.72
4612 23 0.52
4613 3 0.92
4617 15 0.39
4618 7 0.29
4622 27 0.77
4626 18 0.58
4631 4 0.01
4634 16 0.47
4635 10 0.66
4637 27 0.95
4642 22 0.1
4646 29 0.5
4648 25 0.33
4649 27 0.95
4653 21 0.39
4655 4 0.21
4658 3 0.91
4660 17 0.1
4661 9 0.77
4664 27 0.98
4665 11 0.7
4668 2 0.55
4672 29 0.77
4673 14 0.75
4674 10 0.5
4678 1 0.73
4679 19 0.78
4680 29 0.47
4681 27 0.36
4683 1 0.97
4684 0 0.69
4685 27 0.47
4686 3 0.28
4689 4 0.02
4690 26 0.53
4692 16 0.96
4694 1 0.44
4696 13 0.22
4697 11 0.88
4698 16 0.13
4699 19 0.77
4701 11 0.42
4702 3 0.31
4704 1 0.32
4706 10 0.23
4709 2 0.8
4710 12 0.24
4712 6 0.12
4715 5 0.42
4716 15 0.32
4718 15 0.64
4719 15 0.9
4721 23 0.56
4723 18 0.13
4725 19 0.51
4728 25 0.76
4729 10 0.1
4732 8 0.61
4733 28 0.6
4734 19 0.03
4735 22 0.07
4737 29 0.29
4738 3 0.14
4741 25 0.21
4742 18 0.48
4746 26 0.7
4747 11 0.24
4748 7 0.41
4754 4 0.21
4755 3 0.96
4756 24 0.65
4762 10 0.09
4763 1 0.43
4765 3 0.8
4766 10 0.46
4767 1 0.29
4768 14 0.68
4769 25 0.57
4771 19 0.5
4773 29 0.56
4774 1 0.5
4776 2 0.29
4777 29 0.01
4778 25 0.51
4781 8 0.34
4783 12 0.26
4784 21 0.55
4785 16 0.01
4786 19 0.68
4787 11 0.77
4788 26 0.0
4791 28 0.55
4794 4 0.15
4795 1 0.85
4797 10 0.16
4798 0 0.03
4799 14 0.88
4800 16 0.12
4801 3 0.13
4803 13 0.01
4804 12 0.65
4805 16 0.23
4806 6 0.7
4808 3 0.38
4809 22 0.85
4811 6 0.61
4816 27 0.88
4818 8 0.75
4819 28 0.86
4820 1 0.84
4821 25 0.66
4825 0 0.58
4829 14 0.98
4832 28 0.87
4833 23 0.82
4834 4 0.95
4835 18 0.32
4838 5 0.84
4839 6 0.77
4842 9 0.99
4844 26 0.7
4846 10 1.0
4848 28 0.0
4854 28 0.87
4857 24 0.35
4858 12 0.53
4859 10 0.66
4860 5 0.52
4862 10 0.33
4863 11 0.21
4865 10 0.2
4866 3 0.84
4867 23 0.48
4868 3 0.01
4869 8 0.86
4871 7 0.51
4873 17 0.65
4877 1 0.51
4878 12 0.56
4879 2 0.38
4880 25 0.84
4881 24 0.87
4884 19 0.81
4885 14 0.98
4886 19 0.96
4888 29 0.17
4889 13 0.89
4890 15 0.73
4891 3 0.98
4895 13 0.34
4897 0 0.44
4898 13 0.13
4899 27 0.59
4900 18 0.92
4903 11 0.83
4907 11 0.71
4909 13 0.16
4912 15 0.19
4914 14 0.99
4916 29 0.55
4917 18 0.73
4918 18 0.47
4920 11 0.01
4921 10 0.81
4924 23 0.76
4926 10 0.28
4927 4 0.22
4928 8 0.28
4929 7 0.9
4933 4 0.17
4936 25 0.18
4937 9 0.69
4938 16 0.61
4939 25 0.9
4941 23 0.4
4942 11 0.96
4943 23 0.55
4944 13 0.65
4946 10 0.16
4948 13 0.05
4949 21 0.98
4951 9 0.23
4955 6 0.72
4958 0 0.06
4959 22 0.15
4963 15 0.17
4964 21 0.8
4967 2 0.62
4968 22 0.6
4970 12 0.8
4971 1 0.32
4972 12 0.54
4973 22 0.56
4975 6 0.94
4976 4 0.69
4977 15 0.71
4978 0 0.23
4979 23 0.27
4981 3 0.94
4982 28 0.4
4985 14 0.19
4986 9 0.63
4988 25 0.72
4989 1 0.57
4990 25 0.21
4991 16 0.02
4993 26 0.77
4995 29 0.09
4997 8 0.18
