2 24 0.22
5 14 0.2
21 4 0.69
22 17 0.39
42 8 0.61
53 5 0.61
77 25 0.45
87 12 0.8
96 16 0.59
109 24 0.21
137 15 0.86
140 4 0.75
149 16 0.83
160 24 0.05
169 0 0.78
171 0 0.35
175 2 0.25
186 2 0.25
190 5 0.7
203 10 0.22
205 27 0.19
216 3 0.13
220 5 0.47
222 21 0.42
224 4 0.12
228 9 0.9
234 13 0.64
237 23 0.77
242 24 0.09
263 15 0.97
275 19 0.01
276 4 0.74
292 27 0.79
314 15 0.11
318 7 0.55
354 25 0.56
372 19 0.41
383 14 0.53
397 4 0.44
399 29 0.42
402 6 0.78
408 17 0.46
432 16 0.12
435 21 0.16
437 26 0.78
472 28 0.88
475 18 0.58
480 16 0.39
483 12 0.56
485 0 0.13
498 16 0.38
508 13 0.45
510 25 0.46
512 8 0.27
523 18 0.04
537 7 0.98
541 25 0.28
542 13 0.46
543 10 0.01
558 23 0.9
560 21 0.31
576 8 0.19
581 21 0.67
600 24 0.8
610 7 0.66
612 8 0.57
614 4 0.71
622 24 0.58
644 21 0.86
652 22 0.36
654 7 0.03
661 15 0.76
669 26 0.13
670 28 0.91
681 15 0.58
686 2 0.13
688 4 0.07
689 24 0.27
708 0 0.93
723 22 0.25
731 16 0.94
732 8 0.6
747 17 0.26
749 0 0.11
769 15 0.6
777 12 0.97
793 7 0.29
798 3 0.1
819 3 0.87
823 6 0.03
843 6 0.15
845 7 0.61
859 21 0.86
873 27 0.36
877 18 0.72
888 18 0.18
890 12 0.36
916 29 0.33
919 7 0.2
947 1 0.44
964 23 0.02
965 5 0.67
969 18 0.13
984 6 0.65
992 23 0.7
996 5 0.42
1007 4 0.44
1017 23 0.28
1028 14 0.2
1035 3 0.56
1038 18 0.79
1040 28 0.91
1041 7 0.25
1052 27 0.42
1102 3 0.76
1110 9 0.56
1124 16 0.34
1127 10 0.37
1131 9 0.66
1142 10 0.64
1158 3 0.02
1167 25 0.15
1180 1 0.9
1181 24 0.46
1195 16 0.1
1197 29 0.28
1199 28 0.62
1254 4 0.6
1260 17 0.31
1262 5 0.49
1264 29 0.54
1270 8 0.89
1272 15 0.1
1274 3 0.26
1292 29 0.93
1305 3 0.28
1325 25 0.68
1330 29 0.84
1333 25 0.05
1344 26 1.0
1351 3 0.56
1355 25 0.03
1357 17 0.47
1361 17 0.23
1386 22 0.74
1401 11 0.67
1406 7 0.28
1435 19 0.15
1444 2 0.02
1450 11 0.34
1454 15 0.7
1465 29 0.63
1474 11 0.96
1493 10 0.5
1499 23 0.3
1500 13 0.12
1507 22 0.91
1511 14 0.07
1512 25 0.31
1515 27 0.09
1521 12 0.18
1544 18 0.32
1553 12 0.7
1570 1 0.56
1583 22 0.07
1585 28 0.41
1593 1 0.37
1602 23 0.29
1618 24 0.29
1619 29 0.16
1628 2 0.42
1629 19 0.59
1636 16 0.57
1642 5 0.11
1648 6 0.16
1654 27 0.88
1704 25 0.35
1705 1 0.43
1710 6 0.18
1724 3 0.78
1730 16 0.39
1736 26 1.0
1753 14 0.94
1758 22 0.47
1775 8 0.41
1780 23 0.69
1781 3 0.57
1819 19 0.46
1820 29 0.19
1824 13 0.91
1852 2 0.2
1866 22 0.78
1873 24 0.34
1877 17 0.68
1908 15 0.82
1916 8 0.71
1918 19 0.91
1932 0 0.4
1934 13 0.69
1937 25 0.96
1960 25 0.87
1967 18 0.35
1970 15 0.11
1972 0 0.08
2007 25 0.45
2034 10 0.02
2045 24 0.68
2079 11 0.33
2101 1 0.11
2106 20 0.53
2120 28 0.73
2131 0 0.68
2142 23 0.4
2153 1 0.42
2169 1 0.31
2184 16 0.65
2187 18 0.81
2193 17 0.71
2210 1 0.67
2211 26 0.47
2220 6 0.52
2229 6 0.05
2233 3 0.22
2239 10 0.86
2260 2 0.51
2261 28 0.58
2282 12 0.08
2298 21 0.75
2305 0 0.86
2319 1 0.93
2347 29 0.12
2356 19 0.03
2365 14 0.27
2386 20 0.04
2395 1 0.08
2413 24 0.25
2431 1 0.8
2457 14 0.53
2459 1 0.07
2467 12 0.45
2468 19 0.56
2479 5 0.01
2484 7 0.78
2490 22 0.02
2496 16 0.74
2498 10 0.96
2510 16 0.04
2545 6 0.04
2552 8 0.31
2561 21 0.45
2577 19 0.5
2581 28 0.48
2585 25 0.97
2588 7 0.43
2592 5 0.79
2597 3 0.09
2604 21 0.31
2605 27 0.28
2607 22 0.63
2614 15 0.36
2623 24 0.49
2630 5 0.72
2633 6 0.41
2637 3 0.9
2648 22 0.61
2655 24 0.28
2657 4 0.52
2666 20 0.56
2677 14 0.06
2711 1 0.84
2712 14 0.15
2719 2 0.05
2720 20 0.81
2723 2 0.4
2761 4 0.07
2764 6 0.21
2767 22 0.89
2768 24 0.53
2774 11 0.83
2780 22 0.91
2785 29 0.11
2787 16 0.11
2790 6 0.24
2791 13 0.21
2797 1 0.03
2798 5 0.54
2809 29 0.98
2818 17 0.18
2825 22 0.03
2828 7 0.69
2832 15 0.49
2865 26 0.73
2867 22 0.82
2868 4 0.25
2870 24 0.64
2880 2 0.64
2904 15 0.47
2910 7 0.38
2911 0 0.81
2919 8 0.5
2925 8 0.95
2929 22 0.75
2949 26 0.02
2961 22 0.39
2967 27 0.68
2977 25 0.94
2985 0 0.69
2995 16 0.46
2999 16 0.3
3002 26 0.88
3003 26 0.69
3021 25 0.48
3024 17 0.92
3040 13 0.25
3041 11 0.3
3042 11 0.84
3045 6 0.13
3056 27 0.12
3067 17 0.5
3081 1 0.41
3100 1 0.73
3110 29 0.51
3128 19 0.12
3133 2 0.69
3135 9 0.91
3151 4 0.64
3172 28 0.36
3181 8 0.5
3195 9 0.77
3200 27 0.08
3225 0 0.98
3226 22 0.07
3244 8 0.61
3246 8 0.31
3286 7 0.65
3297 14 0.36
3312 18 0.19
3314 17 0.71
3317 29 0.83
3320 17 0.85
3327 0 0.82
3334 6 0.72
3340 10 0.33
3341 28 0.61
3369 8 0.48
3391 1 0.82
3405 8 0.69
3414 9 0.77
3424 19 0.57
3439 16 0.32
3460 19 0.96
3470 27 0.32
3488 17 0.21
3516 19 0.77
3517 29 0.73
3530 19 0.1
3535 2 0.2
3566 27 0.53
3572 4 0.45
3573 13 0.57
3593 4 0.44
3599 6 0.04
3605 7 0.01
3623 3 0.55
3626 0 0.28
3628 19 0.06
3630 8 0.09
3632 26 0.3
3652 28 0.64
3663 22 0.35
3664 29 0.37
3668 6 0.76
3696 9 0.05
3703 16 0.51
3706 28 0.71
3727 2 0.98
3730 7 0.93
3733 17 0.04
3737 22 0.13
3740 24 0.51
3753 12 0.11
3755 28 0.29
3757 14 0.89
3769 5 0.16
3784 8 0.96
3794 25 0.54
3796 9 0.02
3797 19 0.77
3831 25 0.14
3833 17 0.59
3844 18 0.43
3846 0 0.56
3867 24 0.04
3874 17 0.24
3880 26 0.84
3881 12 0.24
3884 24 0.65
3886 11 0.87
3901 28 0.86
3903 29 0.34
3914 24 0.31
3921 6 0.37
3934 23 0.3
3937 11 0.54
3941 11 0.85
3946 22 0.81
3962 14 0.48
3970 22 0.68
3980 26 0.03
4000 20 0.47
4013 17 0.76
4022 2 0.41
4026 22 0.66
4041 29 0.28
4056 16 0.42
4066 8 0.99
4080 21 0.83
4085 1 0.16
4092 20 0.99
4115 4 0.8
4117 17 0.52
4122 5 0.16
4126 20 0.88
4128 1 0.02
4166 7 0.09
4188 7 0.65
4192 1 0.3
4195 26 0.16
4200 11 0.5
4203 6 0.29
4206 10 0.02
4210 9 0.64
4230 9 0.72
4248 23 0.08
4257 5 0.17
4259 5 0.01
4262 16 0.6
4264 2 0.92
4282 8 0.03
4284 6 0.87
4285 13 0.29
4289 24 0.84
4291 10 0.7
4297 25 0.52
4331 0 0.74
4351 13 0.73
4353 25 0.96
4376 12 0.42
4418 6 0.61
4433 10 0.34
4441 4 0.54
4445 0 0.53
4454 2 0.92
4483 16 0.25
4484 20 0.33
4493 20 0.32
4497 3 0.22
4498 15 0.6
4503 13 0.65
4512 25 0.35
4522 5 0.44
4535 16 0.94
4537 26 0.78
4541 12 0.21
4556 5 0.19
4573 10 0.54
4577 15 0.37
4582 12 0.58
4584 18 0.35
4598 15 0.37
4612 12 0.47
4617 19 0.18
4626 16 0.2
4627 19 0.14
4635 5 0.65
4642 4 0.13
4648 29 0.31
4672 25 0.97
4676 29 0.74
4679 22 0.93
4693 13 0.63
4714 29 0.09
4717 4 0.96
4723 13 0.06
4725 17 0.69
4733 25 0.38
4735 28 0.22
4750 8 0.36
4759 17 0.38
4765 26 0.27
4776 16 0.6
4781 20 0.18
4785 7 0.86
4804 26 0.87
4822 20 0.96
4825 12 0.56
4834 8 0.96
4835 27 0.63
4851 26 0.75
4857 0 0.79
4876 18 0.16
4889 5 0.5
4893 28 0.27
4903 11 0.12
4917 28 0.34
4921 17 0.2
4923 21 0.64
4929 25 0.27
4946 0 0.53
4950 6 0.64
4953 17 0.89
4960 20 0.78
4968 24 0.35
4972 4 0.11
4983 29 0.93
4985 22 0.89
4995 6 0.27
4996 1 0.06
4997 5 0.55
5001 0 0.28
5015 17 0.14
5019 14 0.61
5022 15 0.29
5026 12 0.34
5036 20 0.67
5043 23 0.44
5064 13 0.54
5069 25 0.03
5098 17 0.72
5105 7 0.44
5132 1 0.0
5134 25 0.34
5150 14 0.86
5163 2 0.7
5168 19 0.15
5170 17 0.1
5172 0 0.39
5184 20 0.48
5189 25 0.04
5204 14 0.29
5205 12 0.8
5242 6 0.6
5246 13 0.71
5255 27 0.3
5291 8 0.94
5297 19 0.48
5306 11 0.99
5321 7 0.22
5334 27 0.55
5352 9 0.49
5363 20 0.52
5368 4 0.15
5372 6 0.35
5376 14 0.33
5381 14 0.34
5404 9 0.28
5421 5 0.98
5428 21 0.54
5434 25 0.73
5457 26 0.43
5458 25 0.4
5464 8 0.6
5465 13 0.43
5469 16 0.49
5480 10 0.8
5501 7 0.44
5509 16 0.5
5518 27 0.73
5530 29 0.16
5539 29 0.33
5541 3 0.2
5553 6 0.09
5576 26 0.53
5577 19 0.86
5581 8 0.36
5585 10 0.25
5590 14 0.14
5596 15 0.66
5619 8 0.39
5649 24 0.3
5665 8 0.24
5674 28 0.07
5675 17 0.28
5683 20 0.67
5686 3 0.27
5688 23 0.68
5713 4 0.13
5732 17 0.62
5739 0 0.89
5746 27 0.11
5749 22 0.54
5750 6 0.65
5751 5 0.49
5753 8 0.31
5763 17 0.23
5771 10 0.55
5782 21 0.78
5784 1 0.2
5796 10 0.72
5798 28 0.21
5802 26 0.21
5821 4 0.45
5830 28 0.64
5832 3 0.92
5865 26 0.3
5867 20 0.58
5868 15 0.85
5870 3 0.63
5921 10 0.88
5944 22 0.33
5948 16 0.44
5951 28 0.16
5954 8 0.96
5956 5 0.29
5959 8 0.67
5977 21 0.88
5986 15 0.12
5992 16 0.29
6002 28 0.85
6003 16 0.86
6018 3 0.95
6044 4 0.29
6046 23 0.88
6052 2 0.25
6059 23 0.44
6061 19 0.09
6072 6 0.62
6073 29 0.09
6076 6 0.58
6082 15 0.73
6086 22 0.38
6112 7 0.18
6116 29 0.14
6132 11 0.16
6139 13 0.14
6147 22 0.71
6165 12 0.37
6167 19 0.92
6168 1 0.08
6174 16 0.04
6178 4 0.38
6209 1 0.98
6216 26 0.65
6218 6 0.36
6241 5 0.15
6242 5 0.02
6259 29 0.05
6260 27 0.91
6263 7 0.68
6293 29 0.39
6297 5 0.55
6305 4 0.85
6310 28 0.53
6313 4 0.22
6321 12 0.82
6335 29 0.31
6342 2 0.57
6347 1 0.59
6351 14 0.29
6358 19 0.4
6360 24 0.89
6361 1 0.27
6373 0 0.93
6389 11 0.1
6397 18 0.43
6410 1 0.4
6428 0 0.1
6438 21 0.1
6445 6 0.85
6451 25 0.38
6457 25 0.76
6467 20 0.57
6480 22 0.13
6510 7 0.88
6519 10 0.63
6521 19 0.72
6524 9 0.08
6525 2 0.02
6549 4 0.73
6553 11 0.64
6557 22 0.27
6560 2 0.98
6563 6 0.8
6567 21 0.4
6569 2 0.67
6570 3 0.59
6579 2 0.32
6606 0 0.24
6607 3 0.44
6609 8 0.07
6612 4 0.55
6639 22 0.45
6658 11 0.41
6694 20 0.45
6702 4 0.11
6712 2 0.98
6717 28 0.57
6724 21 0.95
6752 18 0.01
6759 25 0.48
6777 18 0.02
6789 25 0.54
6809 21 0.06
6817 8 0.51
6826 13 0.61
6833 25 0.51
6846 16 0.26
6849 17 0.39
6850 26 0.14
6851 21 0.34
6854 3 0.26
6860 10 0.93
6920 23 0.01
6941 10 0.11
6971 25 0.51
7010 10 0.61
7012 23 0.68
7026 24 0.66
7033 25 0.65
7038 11 0.29
7039 4 0.82
7052 22 0.14
7056 16 0.29
7062 11 0.11
7064 19 0.49
7069 10 0.79
7087 14 0.5
7121 8 0.24
7122 21 0.12
7124 16 0.56
7142 3 0.74
7150 18 0.57
7151 29 0.3
7157 16 0.93
7164 27 0.49
7166 25 0.96
7189 3 0.32
7214 4 0.69
7216 15 0.39
7218 27 0.31
7222 24 0.5
7226 25 0.13
7235 25 0.64
7240 4 0.26
7243 11 0.77
7270 9 0.77
7275 14 0.43
7287 3 0.41
7289 21 0.41
7309 9 0.81
7316 20 0.83
7320 13 0.93
7321 0 0.32
7336 15 0.99
7338 26 0.68
7346 16 0.52
7349 9 0.7
7369 27 0.84
7406 28 0.36
7441 16 0.71
7447 14 0.88
7453 11 0.79
7464 8 0.36
7472 2 0.63
7473 26 0.28
7475 10 0.55
7482 19 0.58
7484 6 0.81
7494 0 0.0
7515 4 0.49
7523 7 0.23
7528 28 0.35
7533 24 0.79
7541 17 0.87
7547 5 0.83
7548 15 0.26
7567 13 0.57
7570 27 0.57
7572 16 0.81
7580 25 0.5
7585 20 0.59
7603 15 0.05
7629 24 0.25
7630 21 0.75
7632 24 0.09
7665 24 0.05
7666 12 0.39
7672 6 0.68
7685 20 0.68
7693 14 0.46
7694 8 0.84
7708 7 0.97
7709 24 0.66
7719 14 0.65
7754 19 0.58
7757 2 0.97
7766 19 0.92
7781 25 0.42
7810 9 0.15
7812 0 0.73
7816 8 0.11
7819 4 0.06
7833 28 0.41
7834 25 0.05
7854 18 0.15
7856 26 0.81
7887 16 0.97
7893 19 0.48
7901 21 0.16
7905 2 0.52
7910 1 0.03
7913 17 0.36
7914 23 0.05
7924 27 0.01
7930 5 0.37
7971 15 0.76
7998 10 0.16
7999 24 0.71
8004 14 0.77
8015 3 0.6
8025 19 0.37
8039 8 0.14
8040 15 0.15
8060 21 0.64
8062 29 0.11
8065 4 0.98
8069 19 0.87
8080 0 0.48
8083 22 0.17
8086 14 0.89
8116 23 0.83
8117 6 0.92
8118 3 0.12
8122 25 0.92
8125 17 0.55
8133 27 0.0
8148 26 0.5
8174 12 0.3
8177 14 0.41
8186 16 0.68
8187 26 0.79
8200 14 0.55
8201 23 0.99
8214 22 0.9
8215 16 0.46
8217 10 0.04
8218 5 0.93
8223 11 0.42
8226 24 0.44
8236 10 0.22
8238 28 0.45
8241 19 0.59
8253 3 0.28
8260 6 0.29
8262 4 0.5
8278 11 0.75
8295 26 0.91
8308 8 0.73
8319 7 0.13
8336 6 0.65
8343 11 0.44
8352 25 0.51
8354 11 0.94
8356 14 0.87
8358 24 0.35
8367 2 0.79
8370 9 0.66
8388 11 0.07
8393 20 0.55
8395 22 0.74
8396 7 0.81
8397 26 0.8
8403 19 0.03
8409 24 0.39
8410 2 0.48
8416 28 0.69
8443 4 0.44
8449 20 0.16
8450 12 0.41
8452 26 0.03
8461 14 0.42
8483 10 0.79
8485 13 0.05
8511 26 0.85
8515 2 0.42
8521 18 0.16
8535 18 0.27
8568 2 0.48
8573 27 0.25
8582 10 0.21
8590 1 0.95
8604 11 0.13
8605 7 0.29
8608 1 0.9
8634 24 0.48
8658 24 0.32
8659 13 0.52
8669 26 0.36
8675 13 0.78
8678 27 0.14
8683 7 0.9
8686 28 0.82
8690 8 0.01
8693 11 0.29
8715 23 0.53
8721 3 0.23
8728 20 0.55
8730 29 0.52
8764 7 0.97
8768 9 0.88
8769 3 0.15
8772 1 0.45
8774 24 0.76
8790 6 0.67
8793 9 0.74
8794 26 0.56
8796 29 0.65
8822 24 0.42
8836 17 0.75
8852 15 0.89
8855 10 0.31
8866 7 0.44
8867 19 0.45
8874 5 0.69
8894 13 0.79
8904 12 0.82
8926 29 0.03
8931 13 0.82
8933 29 0.18
8939 6 0.89
8956 8 0.16
8964 27 0.2
8973 1 0.91
8975 17 0.41
8976 7 0.21
8978 13 0.65
8981 5 0.59
8982 9 0.76
8988 27 0.27
8994 3 0.53
9009 5 0.93
9017 6 0.07
9020 4 0.67
9048 13 0.3
9056 25 0.99
9068 6 0.61
9072 12 0.05
9083 23 0.76
9090 11 0.17
9095 25 0.17
9115 20 0.41
9124 2 0.48
9137 15 0.83
9144 29 0.4
9151 11 0.57
9172 6 0.21
9190 4 0.73
9208 28 0.45
9217 24 0.87
9218 8 0.21
9220 23 0.54
9223 11 0.74
9238 11 0.73
9246 25 0.46
9249 3 0.76
9257 12 0.35
9268 27 0.17
9269 4 0.86
9275 25 0.17
9280 7 0.09
9290 15 0.31
9295 16 0.15
9302 11 0.61
9312 9 0.9
9319 24 0.77
9332 13 0.34
9340 29 0.48
9342 7 0.84
9343 16 0.1
9363 24 0.72
9387 10 0.99
9395 22 0.99
9415 28 0.66
9419 13 0.37
9431 6 0.23
9432 17 0.61
9435 1 0.96
9441 18 0.16
9444 8 0.89
9454 8 0.09
9464 4 0.45
9465 14 0.61
9473 20 0.13
9475 21 0.36
9508 5 0.59
9516 18 0.62
9521 11 0.0
9522 24 0.31
9530 14 0.79
9550 8 0.59
9552 7 0.5
9559 22 0.45
9566 20 0.81
9568 26 0.82
9583 24 0.02
9594 18 0.05
9602 27 0.81
9618 0 0.22
9638 22 0.42
9642 10 0.67
9645 8 0.81
9661 14 0.72
9665 16 0.23
9669 17 0.91
9678 13 0.13
9679 14 0.43
9685 11 0.69
9705 17 0.54
9716 9 0.64
9719 15 0.54
9725 0 0.31
9734 24 0.85
9754 9 0.12
9755 17 0.94
9762 3 0.02
9764 21 0.2
9766 0 0.27
9776 26 0.34
9787 12 0.17
9788 17 0.47
9817 29 0.92
9831 21 0.12
9835 17 0.7
9853 21 0.46
9855 7 0.62
9856 11 0.74
9866 6 0.53
9868 27 0.93
9874 11 0.2
9885 13 0.54
9888 14 0.3
9892 22 0.55
9895 11 0.46
9901 4 0.64
9905 24 0.58
9906 24 0.2
9924 4 0.07
9928 24 0.62
9943 13 0.61
9949 15 0.91
9952 2 0.0
9961 21 0.39
9971 3 0.71
9972 29 0.97
9973 29 0.08
9984 25 0.73
10010 16 0.65
10021 27 0.58
10024 25 0.4
10056 20 0.43
10081 0 0.99
10111 20 0.71
10113 24 0.06
10121 18 0.96
10127 12 0.59
10131 6 0.01
10144 3 0.53
10145 1 0.82
10159 18 0.67
10162 19 0.59
10165 26 0.04
10168 21 0.89
10176 21 0.15
10200 20 0.76
10203 28 0.53
10209 15 0.56
10246 1 0.4
10267 24 0.49
10273 16 0.33
10323 4 0.53
10332 19 0.16
10343 16 0.66
10366 20 0.98
10378 24 0.55
10390 5 0.02
10396 18 0.06
10408 12 0.24
10412 12 0.11
10421 18 0.51
10430 7 0.18
10434 5 0.87
10448 25 0.46
10483 2 0.22
10500 19 0.0
10503 3 0.6
10505 26 0.14
10507 13 0.97
10517 7 0.22
10527 5 0.48
10536 4 0.55
10540 28 0.06
10568 0 0.45
10571 26 0.28
10583 0 0.43
10613 5 0.84
10647 8 0.86
10648 25 0.54
10668 3 0.75
10669 4 0.64
10673 7 0.64
10681 0 0.53
10686 6 0.68
10689 14 0.65
10700 13 0.08
10703 19 0.26
10710 19 0.11
10711 2 0.3
10712 26 0.2
10726 9 0.07
10747 26 0.55
10755 6 0.73
10763 13 0.25
10764 21 0.52
10780 16 0.31
10788 27 0.87
10812 19 0.28
10819 10 0.22
10847 6 0.8
10849 10 0.27
10865 17 0.94
10866 24 0.72
10867 1 0.32
10875 14 0.53
10876 25 0.57
10907 17 0.1
10913 28 0.62
10922 14 0.91
10950 9 0.8
10958 16 0.95
10980 28 0.01
10999 14 0.13
11005 20 0.04
11027 1 0.95
11035 3 0.48
11062 25 0.05
11067 1 0.34
11073 6 0.45
11079 7 0.06
11089 19 0.03
11102 3 0.48
11115 20 0.32
11151 11 0.42
11157 7 0.79
11159 18 0.02
11167 16 0.25
11183 16 0.27
11189 15 0.93
11190 21 0.27
11198 2 0.45
11206 11 0.63
11208 9 0.65
11211 20 0.12
11216 22 0.82
11227 28 0.48
11243 3 0.97
11250 4 0.36
11261 13 0.01
11269 17 0.08
11271 14 0.46
11273 14 0.4
11281 19 0.45
11291 17 0.99
11308 29 0.71
11320 17 0.67
11330 3 0.77
11341 10 0.1
11374 18 0.4
11379 24 0.87
11380 3 0.3
11383 23 0.32
11389 18 0.46
11419 10 0.78
11438 21 0.11
11444 26 0.4
11469 27 0.7
11485 29 0.83
11488 2 0.02
11489 29 0.41
11490 22 0.57
11493 25 0.84
11510 6 0.01
11535 22 0.81
11540 2 0.89
11542 11 0.82
11543 26 0.99
11572 12 0.95
11573 27 0.86
11582 4 0.66
11595 20 0.81
11598 9 0.94
11599 8 0.26
11600 7 0.0
11602 20 0.11
11608 24 0.09
11614 22 0.71
11615 29 0.77
11617 0 0.65
11627 11 0.26
11638 10 0.89
11650 9 0.81
11656 13 0.15
11660 10 0.33
11671 20 0.33
11677 12 0.16
11681 7 0.65
11686 16 0.63
11687 16 0.73
11707 8 0.85
11709 18 0.11
11716 17 0.54
11720 21 0.31
11730 21 0.1
11750 19 0.89
11756 12 0.41
11759 19 0.84
11770 13 0.56
11773 9 0.11
11774 12 0.93
11784 29 0.16
11789 1 0.73
11801 27 0.88
11805 5 0.52
11812 21 0.6
11816 5 0.84
11824 28 0.32
11829 6 0.01
11834 8 0.42
11835 6 0.99
11839 9 0.08
11841 6 0.76
11842 19 0.54
11843 27 0.93
11848 16 0.33
11853 14 0.17
11860 29 0.13
11892 14 0.65
11895 15 0.88
11898 15 0.55
11900 19 0.84
11902 15 0.15
11909 12 0.35
11914 29 0.84
11919 16 0.05
11924 22 0.0
11925 16 0.22
11928 21 0.34
11949 27 0.05
11991 26 0.83
12000 22 0.63
12001 19 0.85
12022 0 0.57
12026 2 0.96
12030 29 0.14
12043 11 0.37
12046 7 0.48
12052 16 0.53
12067 8 0.67
12070 6 0.08
12073 5 0.61
12074 18 0.91
12080 4 0.49
12082 13 0.02
12088 9 0.03
12095 11 0.79
12104 15 0.21
12114 5 0.46
12124 22 0.06
12131 9 0.13
12139 1 0.48
12142 7 0.87
12159 15 0.42
12169 16 0.82
12170 29 0.97
12185 18 1.0
12189 21 0.75
12191 22 0.9
12200 6 0.92
12205 19 0.92
12217 19 0.38
12222 14 0.99
12242 7 0.64
12246 11 0.31
12262 17 0.42
12263 11 0.86
12264 13 0.37
12266 7 0.18
12270 8 0.01
12277 1 0.53
12288 21 0.72
12290 13 0.25
12293 0 0.46
12307 13 0.62
12337 5 0.39
12344 15 0.39
12345 2 0.7
12352 27 0.79
12355 16 0.49
12358 15 0.32
12359 20 0.04
12364 27 0.22
12369 3 0.84
12378 21 0.76
12388 3 0.34
12395 20 0.2
12402 9 0.88
12403 2 0.02
12415 19 0.06
12416 25 0.77
12423 23 0.47
12466 24 0.05
12469 7 0.71
12471 4 0.43
12475 12 0.37
12483 16 0.97
12490 26 0.6
12491 28 0.84
12499 28 0.11
12520 7 0.62
12535 12 0.06
12542 25 0.51
12553 1 0.86
12562 24 0.86
12570 28 0.62
12574 16 0.94
12577 29 0.47
12592 9 0.77
12595 20 0.96
12603 29 0.65
12609 25 0.91
12616 19 0.61
12638 16 0.23
12644 15 1.0
12684 7 0.79
12685 25 0.89
12695 21 0.04
12710 2 0.81
12731 23 0.02
12747 27 0.75
12761 17 0.84
12767 13 0.76
12782 19 0.38
12802 18 0.35
12805 3 0.73
12808 13 0.86
12813 11 0.26
12828 17 0.99
12831 27 0.6
12834 27 0.5
12843 16 0.76
12849 10 0.77
12853 19 0.37
12858 14 0.87
12904 23 0.51
12919 20 0.9
12922 11 1.0
12930 13 0.57
12937 14 0.53
12939 20 0.82
12965 25 0.0
12977 0 0.64
12985 4 0.05
12990 5 0.13
13006 7 0.16
13046 19 0.64
13053 16 0.59
13057 20 0.07
13069 7 0.45
13073 16 0.38
13104 19 0.15
13127 2 0.62
13131 23 0.35
13142 26 0.71
13164 18 0.61
13178 15 0.53
13184 14 0.26
13187 24 0.17
13189 23 0.69
13191 16 0.3
13195 29 0.41
13198 12 0.21
13199 22 0.37
13212 27 0.31
13218 5 0.36
13220 24 0.84
13237 4 0.81
13244 21 0.44
13268 0 0.24
13274 20 0.7
13278 11 0.78
13287 2 0.01
13299 19 0.87
13316 2 0.98
13323 24 0.78
13327 6 0.69
13332 7 0.59
13342 17 0.89
13351 11 0.72
13362 15 0.48
13377 13 0.04
13387 12 0.25
13403 4 0.43
13405 23 0.94
13407 6 0.01
13424 4 0.54
13429 3 0.28
13456 4 0.07
13462 0 0.39
13493 17 0.63
13494 14 0.6
13495 5 0.87
13521 23 0.2
13523 24 0.64
13540 14 0.17
13548 10 0.05
13554 8 0.29
13555 17 0.27
13572 2 0.35
13577 17 0.49
13587 8 0.39
13597 15 0.05
13599 28 0.99
13600 23 0.43
13622 17 0.72
13623 12 0.0
13636 1 0.12
13640 6 0.8
13648 22 0.88
13661 9 0.83
13666 21 0.19
13669 28 0.08
13676 25 0.24
13679 19 0.8
13684 25 0.38
13688 9 0.28
13700 27 0.51
13709 21 0.59
13716 19 0.16
13719 24 0.42
13721 12 0.92
13727 16 0.04
13734 23 0.1
13735 20 0.08
13741 12 0.66
13751 19 0.64
13761 19 0.67
13767 27 0.87
13771 16 0.6
13781 15 0.54
13786 5 0.85
13792 4 0.17
13815 13 0.98
13828 18 0.19
13835 29 0.4
13837 15 0.78
13847 1 0.51
13853 24 0.22
13869 14 0.29
13884 28 0.99
13890 22 0.38
13911 3 0.91
13922 13 0.89
13928 4 0.01
13935 5 0.15
13945 6 0.53
13969 4 0.79
13977 3 0.84
13980 15 0.64
13983 25 0.55
13986 10 0.09
13989 3 0.8
14007 15 0.62
14016 6 0.3
14045 7 0.53
14085 15 0.92
14088 17 0.18
14099 26 0.78
14101 7 0.64
14105 21 0.08
14107 22 0.92
14120 20 0.68
14140 25 0.13
14144 16 0.85
14147 6 0.99
14181 28 0.86
14187 2 0.9
14193 18 0.92
14194 9 0.88
14200 19 0.79
14202 18 0.86
14205 15 0.68
14218 27 0.1
14220 9 0.68
14223 4 0.25
14229 22 0.79
14232 22 0.88
14251 16 0.77
14254 27 0.96
14272 2 0.41
14288 16 0.59
14290 6 0.2
14292 2 0.8
14293 12 0.78
14304 29 0.42
14311 10 0.47
14313 1 0.33
14323 11 0.7
14325 25 0.13
14329 6 0.57
14341 6 0.53
14356 10 0.47
14362 11 0.31
14383 6 0.84
14386 3 0.93
14408 15 0.31
14409 9 0.35
14417 14 0.19
14421 11 0.81
14432 5 0.86
14436 2 0.9
14462 2 0.53
14477 29 0.62
14483 10 0.41
14492 22 0.13
14493 29 0.66
14499 2 0.19
14509 25 0.93
14527 16 0.39
14540 17 0.37
14541 24 0.94
14561 2 0.4
14574 26 0.87
14575 27 0.76
14578 6 0.96
14592 2 0.17
14596 22 0.13
14597 11 0.41
14606 17 0.73
14618 3 0.76
14625 4 0.59
14626 7 0.74
14627 23 0.73
14634 23 0.92
14643 29 0.36
14652 17 0.1
14653 26 0.95
14668 8 0.81
14672 14 0.41
14696 5 0.45
14719 11 0.05
14728 24 0.91
14729 18 0.49
14756 3 0.87
14762 19 0.41
14767 25 0.09
14768 10 0.28
14771 1 0.42
14775 22 0.68
14777 23 0.52
14780 1 0.95
14787 24 0.98
14830 26 0.94
14833 2 0.19
14849 14 0.06
14865 15 0.69
14871 22 0.39
14875 8 0.74
14886 3 0.8
14890 26 0.53
14929 15 0.41
14951 28 0.71
14956 29 0.31
14957 28 0.46
14963 5 0.32
14997 14 0.76
15007 12 0.17
15011 29 0.53
15024 17 0.86
15028 15 0.26
15029 12 0.93
15050 20 0.88
15053 16 0.7
15078 24 0.21
15097 22 0.23
15107 9 0.29
15118 7 0.98
15119 0 0.1
15129 18 0.83
15135 26 0.38
15144 11 0.12
15147 17 0.53
15148 3 0.85
15151 14 0.3
15171 29 0.7
15175 9 0.91
15177 29 0.48
15185 25 0.92
15188 26 0.1
15219 8 0.63
15241 5 0.11
15249 13 0.45
15253 21 0.43
15304 28 0.46
15306 29 0.03
15333 14 0.65
15339 28 0.43
15346 11 0.97
15362 6 0.36
15366 23 0.17
15368 26 0.29
15377 0 0.67
15379 14 0.79
15384 25 0.67
15421 9 0.19
15424 0 1.0
15426 17 0.7
15432 29 0.52
15441 18 0.4
15442 25 0.87
15444 15 0.98
15456 3 0.27
15462 23 0.95
15465 17 0.73
15491 20 0.93
15494 0 0.24
15501 21 0.98
15513 21 0.51
15533 4 0.78
15552 0 0.73
15557 18 0.61
15562 2 0.35
15575 6 0.02
15579 1 0.41
15585 11 0.08
15598 27 0.25
15615 13 0.04
15625 11 0.13
15632 5 0.48
15633 15 0.5
15635 16 0.95
15638 6 0.43
15641 22 0.12
15646 21 0.11
15660 18 0.69
15668 1 0.84
15671 19 0.29
15696 23 0.68
15727 18 0.24
15729 4 0.19
15756 11 0.69
15758 21 0.45
15767 19 0.53
15770 15 0.56
15777 6 0.29
15790 3 0.19
15794 26 0.31
15797 5 0.28
15801 27 0.66
15807 26 0.91
15809 17 0.92
15815 29 0.87
15834 4 0.95
15857 21 0.1
15867 1 0.42
15879 28 0.78
15892 0 0.95
15906 15 0.08
15909 18 0.5
15922 19 0.93
15932 17 0.91
15946 16 1.0
15968 14 0.36
15969 22 0.67
15980 26 0.94
15986 25 0.48
15991 21 0.98
15996 11 0.74
16002 28 0.75
16009 9 0.65
16011 1 0.86
16032 25 0.06
16078 8 0.61
16083 2 0.95
16088 14 0.16
16112 17 0.75
16130 6 0.96
16149 15 0.08
16153 26 0.87
16156 7 0.44
16158 25 0.37
16178 6 0.84
16179 29 0.01
16184 13 0.2
16194 6 0.69
16204 24 0.44
16210 8 0.22
16221 26 0.6
16225 15 0.5
16251 18 0.59
16264 16 0.02
16272 28 0.29
16274 4 0.95
16276 11 0.1
16286 29 0.95
16292 5 0.26
16305 6 0.42
16310 2 0.05
16373 29 0.37
16393 17 0.32
16396 21 0.23
16406 22 0.22
16417 0 0.47
16426 9 0.57
16432 17 0.4
16433 24 0.35
16434 27 0.68
16435 22 0.86
16437 16 0.31
16444 24 0.81
16450 4 0.52
16459 26 0.6
16475 5 0.81
16480 8 0.75
16499 2 0.25
16510 9 0.79
16513 19 0.94
16527 2 0.17
16528 9 0.86
16529 13 0.76
16541 26 0.94
16544 14 0.01
16562 11 0.58
16573 0 0.74
16587 8 0.38
16598 10 0.28
16605 18 0.84
16611 5 0.93
16619 10 0.48
16630 11 0.05
16637 1 0.52
16639 28 0.41
16655 15 0.39
16656 8 0.29
16660 17 0.71
16665 21 0.9
16674 10 0.61
16676 19 0.28
16696 12 0.27
16699 4 0.75
16728 16 0.38
16762 16 0.12
16764 29 0.92
16769 27 0.16
16775 24 0.5
16778 2 0.2
16799 17 0.13
16828 27 0.45
16833 3 0.09
16840 4 0.48
16841 0 0.39
16855 16 0.13
16856 27 0.3
16858 2 0.06
16861 6 0.96
16862 26 0.42
16877 27 0.97
16887 22 0.12
16891 11 0.98
16901 7 0.64
16902 14 0.66
16911 20 0.19
16912 8 0.33
16932 0 0.07
16955 24 0.13
16957 11 0.3
16976 7 0.63
16988 4 0.27
16994 22 0.31
17030 27 0.14
17036 28 0.15
17041 21 0.65
17049 18 0.72
17076 0 0.86
17087 15 0.61
17093 22 0.4
17108 19 0.27
17119 17 0.65
17122 11 0.26
17138 26 0.41
17147 15 0.62
17151 6 0.79
17162 19 0.13
17166 26 0.87
17177 5 0.61
17178 7 0.62
17196 22 0.58
17197 10 0.41
17199 21 0.77
17216 9 0.35
17227 25 0.47
17228 1 0.85
17230 3 0.95
17232 12 0.54
17236 22 0.06
17246 5 0.88
17255 18 0.02
17278 6 0.91
17294 2 0.36
17303 5 0.0
17323 11 0.45
17328 10 0.38
17336 26 0.89
17345 26 0.98
17364 20 0.89
17365 5 0.49
17366 1 0.64
17372 14 0.02
17374 20 0.42
17385 2 0.69
17386 27 0.48
17395 21 0.1
17396 9 0.95
17403 16 0.51
17410 29 0.95
17416 19 0.83
17423 7 0.19
17431 26 0.96
17433 24 0.47
17442 1 0.02
17456 10 0.93
17462 4 0.03
17464 3 0.4
17469 18 0.98
17478 18 0.21
17507 6 0.31
17546 9 0.71
17552 18 0.88
17561 18 0.93
17596 28 0.24
17607 8 0.94
17624 17 0.18
17626 6 0.49
17637 1 0.88
17647 1 0.12
17650 20 0.32
17651 22 0.21
17681 1 0.86
17686 0 0.38
17699 17 0.1
17727 3 0.59
17731 1 0.92
17745 20 0.15
17759 22 0.83
17763 9 0.06
17765 23 0.6
17769 0 0.56
17789 28 0.68
17790 21 0.22
17803 8 0.66
17818 17 0.68
17855 19 0.18
17864 22 0.58
17891 23 0.24
17903 18 0.14
17906 19 0.37
17907 27 0.32
17926 25 0.19
17928 0 0.68
17981 11 0.96
17986 28 0.87
17988 21 0.26
18006 13 0.3
18010 11 0.43
18020 5 0.77
18027 7 0.77
18030 20 0.77
18039 21 0.89
18044 0 0.72
18054 11 0.4
18057 17 0.07
18062 13 0.99
18067 20 0.37
18104 7 0.71
18108 12 0.13
18114 22 0.78
18144 8 0.11
18149 18 0.93
18150 27 0.63
18154 7 0.64
18160 7 0.04
18168 0 0.0
18183 18 0.39
18204 14 0.24
18206 26 0.69
18213 29 0.34
18217 27 0.49
18235 16 0.76
18249 19 0.38
18260 28 0.1
18268 16 0.59
18290 14 0.6
18294 8 0.46
18315 7 0.16
18318 24 0.31
18340 5 0.37
18345 11 0.78
18355 19 0.32
18357 24 0.58
18361 24 0.7
18373 5 0.08
18375 16 0.92
18376 14 0.29
18378 5 0.18
18382 13 0.9
18412 9 0.37
18419 4 0.74
18421 10 0.56
18423 6 0.01
18427 22 0.02
18430 27 0.0
18442 18 0.77
18445 19 0.11
18456 12 0.82
18465 20 0.54
18468 19 0.13
18505 18 0.5
18512 2 0.04
18531 0 0.87
18535 3 0.89
18548 25 0.77
18552 29 0.99
18553 19 0.39
18574 16 0.11
18578 9 0.12
18601 27 0.68
18614 27 0.64
18616 27 0.31
18627 2 0.08
18639 26 0.97
18645 26 0.22
18647 1 0.54
18706 18 1.0
18713 5 0.23
18715 23 0.43
18717 13 0.82
18726 17 0.33
18729 8 0.49
18731 9 0.9
18744 17 0.37
18754 7 0.46
18762 25 0.19
18773 15 0.24
18776 0 0.29
18780 1 0.01
18787 8 0.7
18790 11 0.84
18800 4 0.95
18806 16 0.2
18817 21 0.99
18819 22 0.38
18821 11 0.54
18826 17 0.54
18827 19 0.38
18835 28 0.15
18836 28 0.16
18845 27 0.52
18850 23 0.76
18875 28 0.55
18879 24 0.59
18885 13 0.77
18887 1 0.34
18888 5 0.35
18897 15 0.66
18906 27 0.14
18910 1 0.41
18924 12 0.17
18926 10 0.23
18928 18 0.86
18951 10 0.28
18956 26 0.19
18970 20 0.34
19010 28 0.96
19016 25 0.64
19027 23 0.93
19059 1 0.16
19061 26 0.39
19077 23 0.45
19080 18 0.16
19085 15 0.51
19091 21 0.25
19094 22 0.94
19101 3 0.06
19110 14 0.99
19121 3 0.19
19123 17 0.73
19134 16 0.17
19139 17 0.29
19144 4 0.87
19153 13 0.24
19168 4 0.83
19169 27 0.93
19176 20 0.48
19179 22 0.42
19183 9 0.89
19193 1 0.78
19194 15 0.76
19199 26 0.48
19201 7 0.1
19208 19 0.85
19211 1 0.6
19223 29 0.09
19232 21 0.49
19265 13 0.18
19282 10 0.2
19296 24 0.54
19311 18 0.14
19318 11 0.19
19329 6 0.36
19342 16 0.81
19365 24 0.64
19370 9 0.03
19371 0 0.12
19377 19 0.72
19386 3 0.03
19388 10 0.34
19393 5 0.59
19397 5 0.63
19418 8 0.74
19421 15 0.07
19422 3 0.49
19425 14 0.07
19434 21 0.72
19472 18 0.63
19474 11 0.65
19478 14 0.47
19482 14 0.52
19485 28 0.76
19486 12 0.35
19502 0 0.66
19513 22 0.16
19520 15 0.55
19529 27 0.32
19532 15 0.98
19535 4 0.36
19538 6 0.17
19544 8 0.98
19545 4 0.65
19551 0 0.95
19559 13 0.86
19572 22 0.9
19577 15 0.1
19587 9 0.51
19589 18 0.54
19602 13 0.75
19614 20 0.19
19624 15 0.29
19641 23 0.02
19676 3 0.24
19679 0 0.02
19681 0 0.01
19682 0 0.1
19706 14 0.39
19714 9 0.6
19735 27 0.64
19739 3 0.08
19741 20 0.75
19744 19 0.69
19747 28 0.75
19770 3 0.13
19772 9 0.71
19775 15 0.56
19776 29 0.13
19786 24 0.41
19789 26 0.18
19795 9 0.88
19812 26 0.98
19815 5 0.09
19821 10 0.5
19836 8 0.43
19852 3 0.23
19857 4 0.71
19859 7 0.31
19862 12 0.94
19871 26 0.3
19890 3 0.65
19893 25 0.65
19897 19 0.18
19899 18 0.29
19904 8 0.73
19916 8 0.27
19936 29 0.58
19944 29 0.76
19956 13 0.64
19967 13 0.35
19984 18 0.97
19994 1 0.4
20000 27 0.59
20003 16 0.64
20004 17 0.86
20008 11 0.56
20021 12 0.56
20024 19 0.51
20031 18 0.64
20042 23 0.25
20043 24 0.52
20052 3 0.08
20053 17 0.65
20064 22 0.66
20071 17 0.87
20077 16 0.96
20080 17 0.5
20090 5 0.01
20093 3 0.35
20096 6 0.37
20112 25 0.53
20118 1 0.89
20125 15 0.1
20126 9 0.48
20138 14 0.01
20149 17 0.1
20163 17 0.88
20173 24 0.07
20185 20 0.65
20192 28 0.78
20217 1 0.01
20239 23 0.42
20242 6 0.25
20272 16 0.53
20273 17 0.81
20276 23 0.38
20283 21 0.58
20293 25 0.4
20299 27 0.94
20321 22 0.15
20325 3 0.88
20337 26 0.92
20342 4 0.54
20352 10 0.64
20362 18 0.25
20376 16 0.96
20378 16 0.71
20404 24 0.28
20405 17 0.38
20412 1 0.19
20428 12 0.22
20435 21 0.81
20436 1 0.39
20442 8 0.97
20446 0 0.04
20505 26 0.09
20517 6 0.12
20525 9 0.71
20530 20 0.82
20537 0 0.15
20538 5 0.17
20543 17 0.97
20547 20 0.75
20551 2 0.15
20552 0 0.82
20562 12 0.45
20563 9 0.08
20569 11 0.99
20587 0 0.17
20599 16 0.9
20601 4 0.23
20606 2 0.22
20612 5 0.43
20624 11 0.26
20631 2 0.58
20639 26 0.88
20653 5 0.47
20692 29 0.41
20697 27 0.22
20700 2 0.63
20704 19 0.83
20705 10 0.9
20716 12 0.48
20721 28 0.68
20731 27 0.06
20734 5 0.55
20735 27 0.61
20737 6 0.59
20745 3 0.99
20780 24 0.23
20789 11 0.02
20806 11 0.53
20814 23 0.81
20822 1 0.9
20845 28 0.34
20849 19 0.73
20850 22 0.2
20861 28 0.92
20869 0 0.7
20891 4 0.32
20895 23 0.84
20898 9 0.89
20900 21 0.32
20902 3 0.77
20905 8 0.52
20916 8 0.98
20933 15 0.18
20965 10 0.53
20967 27 0.76
20988 5 0.67
21002 16 0.32
21005 16 0.22
21006 24 0.26
21021 0 0.98
21032 5 0.45
21046 28 0.61
21050 23 0.2
21061 16 0.01
21083 15 0.0
21102 20 0.02
21113 17 0.15
21116 1 0.57
21123 6 0.91
21130 5 0.23
21131 25 0.31
21138 27 0.21
21156 10 0.6
21165 21 0.07
21190 28 0.62
21202 0 0.53
21203 0 0.52
21204 19 0.01
21213 6 0.33
21215 24 0.5
21216 8 0.34
21224 25 0.52
21227 17 0.74
21237 15 0.81
21239 13 0.47
21255 21 0.45
21260 27 0.33
21264 26 0.92
21267 16 0.43
21269 11 0.37
21282 8 0.7
21292 6 0.45
21295 4 0.75
21298 16 0.34
21305 23 0.89
21308 21 0.1
21322 20 0.47
21330 29 0.38
21332 5 0.15
21333 11 0.94
21336 6 0.3
21366 27 0.52
21398 0 0.58
21410 23 0.52
21426 5 0.38
21463 28 0.79
21465 29 0.07
21470 2 0.08
21476 13 0.44
21504 28 0.05
21521 20 0.96
21525 19 0.96
21528 6 0.27
21537 10 0.04
21544 25 0.24
21552 10 0.23
21563 13 0.05
21571 4 0.74
21573 18 0.63
21593 20 0.4
21595 6 0.96
21598 4 0.86
21600 24 0.7
21612 15 0.3
21615 1 0.55
21628 8 0.59
21631 25 0.86
21635 25 0.79
21646 12 0.74
21649 7 0.07
21671 12 0.82
21676 14 0.8
21677 21 0.01
21678 2 0.6
21681 10 0.01
21696 23 0.47
21699 28 0.65
21706 3 0.14
21712 17 0.07
21725 7 0.71
21728 25 0.91
21738 7 0.99
21739 26 0.01
21740 26 0.77
21743 22 0.62
21758 12 0.08
21766 21 0.9
21797 8 0.92
21817 4 0.92
21820 5 0.82
21826 29 0.98
21848 8 0.72
21849 25 0.04
21878 17 0.46
21883 6 0.64
21898 26 0.49
21931 16 0.59
21933 2 0.88
21941 7 0.41
21955 3 0.97
21957 22 0.72
21960 26 0.22
21972 2 0.63
21979 6 0.35
21980 12 0.51
22002 21 0.95
22007 13 0.51
22017 19 0.11
22018 11 0.65
22034 5 0.98
22037 5 0.13
22049 9 1.0
22057 5 0.35
22074 29 0.05
22091 10 0.54
22092 3 0.86
22096 11 0.73
22112 19 0.36
22113 0 0.59
22115 24 0.12
22124 29 0.08
22132 1 0.78
22140 27 0.59
22148 12 0.4
22162 25 0.15
22189 5 0.79
22200 9 0.26
22220 21 0.62
22231 1 0.4
22243 3 0.27
22258 16 0.23
22269 22 0.13
22278 2 0.55
22284 2 0.85
22302 8 0.2
22333 12 0.03
22334 22 0.25
22342 21 0.19
22357 19 0.18
22362 11 0.48
22368 19 0.01
22402 25 0.82
22419 12 0.24
22456 20 1.0
22474 16 0.9
22479 4 0.71
22506 11 0.08
22507 26 0.48
22511 20 0.42
22540 27 0.64
22548 26 0.65
22552 12 0.81
22557 8 0.23
22570 24 0.94
22574 12 0.56
22580 5 0.98
22587 7 0.89
22591 16 0.56
22595 3 0.53
22600 13 0.56
22646 21 0.12
22650 1 0.67
22658 26 0.71
22668 6 0.54
22683 17 0.73
22691 11 0.88
22695 28 0.2
22703 18 0.9
22725 27 0.28
22727 10 0.96
22747 20 0.28
22749 10 0.73
22762 12 0.01
22773 13 0.61
22787 19 0.3
22796 8 0.74
22801 19 0.49
22808 20 0.15
22813 11 0.22
22814 24 0.41
22841 12 0.37
22844 5 0.94
22846 20 0.84
22849 2 0.3
22871 4 0.72
22882 5 0.15
22904 11 0.57
22917 25 0.61
22930 0 0.5
22952 27 0.82
22973 25 0.42
22974 24 0.03
22975 5 0.73
22985 16 0.47
22994 3 0.4
22999 27 0.85
23003 6 0.67
23012 29 0.89
23026 8 0.44
23034 21 0.94
23042 18 0.64
23047 8 0.19
23068 0 0.95
23076 10 0.78
23080 27 0.88
23081 28 0.53
23082 27 0.81
23098 29 0.02
23099 24 0.49
23100 24 0.58
23102 0 0.66
23113 27 0.95
23148 23 0.59
23166 6 0.73
23172 6 0.61
23184 2 0.23
23194 18 0.93
23198 13 0.67
23205 11 0.61
23212 22 0.45
23215 26 0.34
23227 10 0.31
23231 22 0.33
23240 10 0.54
23263 11 0.81
23277 25 0.2
23284 9 0.16
23285 2 0.39
23289 21 0.67
23290 14 0.97
23291 2 0.79
23295 7 0.28
23296 29 0.04
23302 7 0.32
23319 24 0.02
23324 4 0.11
23331 4 0.85
23346 2 0.46
23353 28 0.19
23362 1 0.59
23374 3 0.94
23379 26 0.8
23394 8 0.52
23416 16 0.46
23432 28 0.3
23437 5 0.84
23443 20 0.47
23460 16 0.35
23477 8 0.03
23490 8 0.18
23497 18 0.75
23509 0 0.72
23510 11 0.55
23516 24 0.14
23519 14 0.87
23552 24 0.65
23555 10 0.35
23564 9 0.92
23583 10 0.12
23603 17 0.18
23608 4 0.58
23614 3 0.72
23623 22 0.67
23625 26 0.4
23652 26 0.56
23653 26 0.1
23678 2 0.76
23679 23 0.86
23681 25 0.41
23682 28 0.92
23688 20 0.65
23689 11 0.46
23710 19 0.3
23711 2 0.15
23722 7 0.35
23730 29 0.47
23741 13 0.02
23757 24 0.36
23762 24 0.1
23767 2 0.77
23776 7 0.54
23787 16 0.86
23797 27 0.62
23799 21 0.54
23805 27 0.03
23807 5 0.18
23814 3 0.91
23819 17 0.31
23831 5 0.69
23841 18 0.88
23852 12 0.99
23867 8 0.89
23868 3 0.59
23890 8 0.26
23894 14 0.92
23904 25 0.03
23928 2 0.7
23936 25 0.71
23943 21 0.91
23945 3 0.53
23947 15 0.67
23978 10 0.03
24006 20 0.53
24010 10 0.49
24013 2 0.68
24018 5 0.54
24023 2 0.22
24025 18 0.86
24049 7 0.3
24060 19 0.6
24063 29 0.92
24073 27 0.08
24080 25 0.14
24081 28 0.27
24090 27 0.12
24091 3 0.31
24099 18 0.98
24101 15 0.87
24121 14 0.01
24128 26 0.3
24133 27 0.86
24134 20 0.5
24144 29 0.18
24145 27 0.68
24150 23 0.24
24162 9 0.61
24169 20 0.64
24187 18 0.19
24211 14 1.0
24215 23 0.79
24219 4 0.87
24224 1 0.33
24238 17 0.78
24250 6 0.97
24261 19 0.1
24269 4 0.89
24308 8 0.71
24312 23 0.7
24329 10 0.28
24357 26 0.73
24369 9 0.65
24373 1 0.36
24376 25 0.28
24384 7 0.78
24396 1 0.06
24427 7 0.93
24428 1 0.01
24444 24 0.5
24461 17 0.44
24462 13 0.4
24463 4 0.7
24471 15 0.85
24474 9 0.58
24477 10 0.19
24479 16 0.78
24505 9 0.43
24506 0 0.07
24508 26 0.02
24518 7 0.97
24520 20 0.25
24525 26 0.15
24534 17 0.8
24536 29 0.72
24541 24 0.62
24558 13 0.14
24566 17 0.41
24572 21 0.83
24585 13 0.12
24592 12 0.95
24596 26 0.47
24629 16 1.0
24632 3 0.86
24638 16 0.74
24649 25 0.43
24657 16 0.33
24670 18 0.78
24708 1 0.06
24734 29 0.02
24747 11 0.86
24758 2 0.66
24761 4 0.21
24784 6 0.46
24786 18 0.64
24796 28 0.81
24803 18 0.76
24805 20 0.96
24810 7 0.66
24814 21 0.28
24825 22 0.47
24832 24 0.96
24835 29 0.55
24836 26 0.01
24850 15 0.14
24862 11 0.49
24894 27 0.59
24913 13 0.6
24920 2 0.5
24924 11 0.12
24936 27 0.77
24941 20 0.81
24944 7 0.75
24954 8 0.27
24972 15 0.85
24985 25 0.54
24994 16 0.89
25004 20 0.07
25021 3 0.65
25037 17 0.24
25043 18 0.64
25048 8 0.26
25062 25 0.46
25066 11 0.11
25076 8 0.83
25091 3 0.05
25097 25 0.5
25122 24 0.49
25127 11 0.83
25141 1 0.97
25143 16 0.95
25153 29 0.6
25172 0 0.39
25182 16 0.47
25199 2 0.06
25204 18 0.32
25205 17 0.14
25212 23 0.78
25213 20 0.96
25237 15 0.65
25245 26 0.03
25260 17 0.31
25267 21 0.31
25312 11 0.85
25319 2 0.2
25321 2 0.34
25329 3 0.9
25367 6 0.22
25372 26 0.01
25381 23 0.58
25382 7 0.13
25385 1 0.6
25387 15 0.68
25389 0 0.69
25395 24 0.75
25411 6 0.96
25412 22 0.35
25416 1 0.77
25420 6 0.4
25421 9 0.74
25427 24 0.19
25439 10 0.24
25448 21 0.08
25451 14 0.17
25458 5 0.73
25463 19 0.22
25469 6 0.27
25475 26 0.24
25483 5 0.81
25489 24 0.4
25493 1 0.48
25498 5 0.28
25502 21 0.73
25511 21 0.16
25525 17 0.37
25531 13 0.39
25552 21 0.43
25564 24 0.94
25570 24 0.09
25573 21 0.03
25584 6 0.06
25588 19 0.94
25591 14 0.7
25592 18 0.38
25603 15 0.46
25608 3 0.42
25616 10 0.17
25617 8 0.7
25627 1 0.18
25631 21 0.25
25638 15 0.08
25645 3 0.25
25648 21 0.72
25656 2 0.16
25661 0 0.71
25663 3 0.52
25668 4 0.95
25669 27 0.22
25688 5 0.31
25724 17 0.36
25743 16 0.99
25744 27 0.18
25747 7 0.42
25752 16 0.35
25772 18 0.16
25773 8 0.85
25802 13 0.02
25806 29 0.03
25811 25 0.33
25812 6 0.02
25822 20 0.53
25846 11 0.98
25849 1 0.63
25856 26 0.16
25859 27 0.97
25860 13 0.43
25882 0 0.32
25884 24 0.69
25885 10 0.65
25905 12 0.81
25926 13 0.75
25957 0 0.6
25969 12 0.25
25970 14 0.91
25984 6 0.54
26006 12 0.64
26009 0 0.23
26013 25 0.46
26014 13 0.5
26028 14 0.85
26032 20 0.08
26044 5 0.62
26057 27 0.43
26065 5 0.86
26073 18 0.97
26093 21 0.45
26114 1 0.88
26119 29 0.66
26142 3 0.93
26150 4 0.76
26168 9 0.88
26173 6 0.52
26177 11 0.31
26180 17 0.64
26191 9 0.7
26192 7 0.36
26193 26 0.9
26197 26 0.03
26198 27 0.04
26215 26 0.63
26221 8 0.31
26224 19 0.48
26226 11 0.16
26234 4 0.52
26249 11 0.83
26250 6 0.78
26260 29 0.0
26263 3 0.15
26286 4 0.58
26288 11 0.53
26302 17 0.91
26321 17 0.93
26337 4 0.36
26351 3 0.75
26352 21 0.41
26357 26 0.76
26363 10 0.72
26370 7 0.64
26382 1 0.72
26391 10 0.01
26394 20 0.52
26415 22 0.44
26425 16 0.72
26435 10 0.14
26456 21 0.84
26473 1 0.6
26480 0 0.84
26489 6 0.65
26513 23 0.41
26522 9 0.79
26540 26 0.99
26554 8 0.79
26569 22 0.99
26583 29 0.04
26596 7 0.64
26611 3 0.34
26613 12 0.21
26618 18 0.6
26622 1 0.43
26632 7 0.41
26649 14 0.57
26652 22 0.84
26657 23 0.75
26659 19 0.89
26663 25 0.9
26683 12 0.78
26700 2 0.99
26723 3 0.53
26726 6 0.17
26730 7 0.33
26734 26 0.84
26738 0 0.79
26740 14 0.34
26757 18 0.4
26760 0 0.58
26770 9 0.89
26778 19 0.52
26801 28 0.29
26802 13 0.11
26805 28 0.47
26808 17 0.79
26813 9 0.28
26833 21 0.62
26856 16 0.11
26868 11 0.32
26875 6 0.16
26893 2 0.88
26911 10 0.7
26924 29 0.18
26927 8 0.54
26933 17 0.73
26944 10 0.35
26960 8 0.41
26974 6 0.34
26975 5 0.96
26997 2 0.98
26998 5 0.26
27003 3 0.8
27004 11 0.73
27017 26 0.89
27021 27 0.3
27025 13 0.98
27028 13 0.39
27045 1 0.96
27091 22 0.58
27093 12 0.81
27098 20 0.31
27129 11 0.37
27140 29 0.09
27160 9 0.59
27161 3 0.36
27167 18 0.9
27182 1 0.82
27200 18 0.81
27220 9 0.96
27234 21 0.41
27238 0 0.03
27239 16 0.39
27253 20 0.63
27255 10 0.85
27275 20 0.98
27312 2 0.61
27320 9 0.44
27342 2 0.5
27344 12 0.84
27346 2 0.82
27353 13 0.33
27354 28 0.63
27357 24 0.29
27360 16 0.51
27362 6 0.34
27367 29 0.08
27370 28 0.32
27427 20 0.58
27437 26 0.04
27447 6 0.9
27448 18 0.45
27452 28 0.88
27459 18 0.97
27461 15 0.22
27471 9 0.68
27472 9 0.2
27474 12 0.29
27481 4 0.85
27488 7 0.3
27489 27 0.14
27498 16 0.76
27517 14 0.57
27518 1 0.47
27525 26 0.94
27529 23 0.98
27531 2 0.18
27539 27 0.01
27544 22 0.83
27554 23 0.45
27559 24 0.14
27582 2 0.08
27587 8 0.05
27599 24 0.98
27602 6 0.48
27608 19 0.56
27609 28 0.57
27610 15 0.08
27612 10 0.77
27614 12 0.01
27633 17 0.52
27661 7 0.73
27668 2 0.08
27680 13 0.78
27693 8 0.87
27703 16 0.94
27711 17 0.67
27715 23 0.03
27717 19 0.88
27719 25 0.29
27737 29 0.69
27754 15 0.63
27759 15 0.76
27773 10 0.45
27777 25 0.4
27780 5 0.04
27781 27 0.63
27791 1 0.25
27792 1 0.77
27794 22 0.2
27795 24 0.17
27813 20 0.91
27840 23 0.79
27855 11 0.99
27857 15 0.15
27865 18 0.17
27866 9 0.39
27868 1 0.69
27874 0 0.47
27875 16 0.92
27891 19 0.15
27921 10 0.91
27931 6 0.62
27961 3 0.22
27965 3 0.04
27974 23 0.91
27982 15 0.51
27986 8 0.34
27988 14 0.99
28007 25 0.48
28011 13 0.3
28023 13 0.23
28037 21 0.59
28040 5 0.74
28043 28 0.09
28044 26 0.4
28046 22 0.53
28057 28 0.96
28058 17 0.68
28067 27 0.35
28083 25 0.24
28084 2 0.97
28087 17 0.49
28101 13 0.08
28126 16 0.15
28135 26 0.36
28161 29 0.38
28162 29 0.07
28164 3 0.24
28185 29 0.68
28196 16 0.36
28201 7 0.49
28205 21 0.63
28209 2 0.91
28213 20 0.15
28266 14 0.15
28269 24 0.63
28280 23 0.25
28295 12 0.97
28311 15 0.25
28327 9 0.54
28341 20 0.94
28350 27 0.03
28354 29 0.17
28383 26 0.33
28390 12 0.59
28393 26 0.53
28415 2 0.47
28416 10 0.2
28421 8 0.66
28437 2 0.36
28450 21 0.09
28451 23 0.59
28454 15 0.94
28455 23 0.69
28456 3 0.83
28475 23 0.26
28479 6 0.37
28492 22 0.23
28502 7 0.49
28508 26 0.65
28520 18 0.89
28525 15 0.02
28527 18 0.51
28536 12 0.35
28543 18 0.88
28573 17 0.71
28585 25 0.04
28607 10 0.48
28608 26 0.0
28627 6 0.84
28639 0 0.52
28646 26 0.8
28686 14 0.77
28690 12 0.39
28701 20 0.02
28708 0 0.13
28710 21 0.84
28731 24 0.45
28756 22 0.5
28773 27 0.98
28778 8 0.46
28794 2 0.39
28802 27 0.72
28810 25 0.59
28811 3 0.46
28812 11 0.62
28841 16 0.84
28855 3 0.24
28867 4 0.28
28870 24 0.54
28885 6 0.36
28889 26 0.43
28892 9 0.87
28898 13 0.18
28915 4 0.56
28916 6 0.74
28929 5 0.29
28931 5 0.69
28932 15 0.94
28934 9 0.71
28955 3 0.63
28959 17 0.63
28961 20 0.18
28966 25 0.86
28967 6 0.71
28975 11 0.66
28988 25 0.9
28997 25 0.97
29002 3 0.43
29016 1 0.69
29017 17 0.53
29019 7 0.84
29030 17 0.56
29031 17 0.36
29050 16 0.64
29085 24 0.89
29093 22 0.46
29096 29 0.42
29105 10 0.58
29110 6 0.85
29120 24 0.13
29121 5 0.73
29122 26 0.26
29132 23 0.42
29134 13 0.61
29144 0 0.2
29157 29 0.9
29190 23 0.76
29210 22 0.65
29220 15 0.01
29221 14 0.52
29223 9 0.17
29232 13 0.96
29236 19 0.2
29241 26 0.3
29271 20 0.88
29286 10 0.32
29301 11 0.23
29315 8 0.25
29316 20 0.27
29318 20 0.35
29337 29 0.16
29342 21 0.89
29344 2 0.06
29358 6 0.68
29361 11 0.53
29365 26 0.18
29374 3 0.86
29389 6 0.39
29390 13 0.75
29393 3 0.46
29398 10 0.9
29413 6 0.1
29417 7 0.91
29424 14 0.85
29443 0 0.06
29444 15 0.92
29445 13 0.26
29448 13 0.11
29457 12 0.15
29462 15 0.94
29468 5 0.81
29472 23 0.67
29488 19 0.98
29489 28 0.84
29493 5 0.13
29504 26 0.54
29512 10 0.24
29516 7 0.07
29524 17 0.55
29526 28 0.56
29530 23 0.16
29532 28 0.36
29543 17 0.56
29563 15 0.81
29578 1 0.36
29605 6 0.73
29611 23 0.9
29612 11 0.53
29631 4 0.47
29650 16 0.61
29664 20 0.19
29701 5 0.38
29705 13 0.39
29708 29 0.73
29716 6 0.05
29717 9 0.02
29718 22 0.85
29727 28 0.72
29734 16 0.26
29742 23 0.42
29748 20 1.0
29752 16 0.54
29785 5 0.46
29799 14 0.75
29813 8 0.57
29814 8 0.85
29819 15 0.01
29826 6 0.25
29844 24 0.5
29858 14 0.15
29863 23 0.62
29866 26 0.69
29881 10 0.42
29883 19 0.87
29900 3 0.23
29902 11 0.25
29925 27 0.69
29931 16 0.98
29932 5 0.63
29940 24 0.79
29942 20 0.44
29943 14 0.22
29945 9 0.95
29958 3 0.86
29959 25 0.56
29960 17 0.55
29961 27 0.11
29970 8 0.13
29974 7 0.69
29976 23 0.79
29978 11 0.39
29979 24 0.07
29993 3 0.63
30033 16 0.21
30038 22 0.36
30039 4 0.36
30053 3 0.53
30069 11 0.5
30074 2 0.18
30076 4 0.98
30078 9 0.5
30083 16 0.2
30091 29 0.6
30092 15 0.94
30097 20 0.97
30102 11 0.28
30110 4 0.18
30113 23 0.45
30149 17 0.51
30161 1 0.94
30164 4 0.34
30174 9 0.46
30184 10 0.49
30198 7 0.4
30204 12 0.59
30210 23 0.15
30214 1 0.24
30216 23 0.02
30217 7 0.66
30236 5 0.06
30272 25 0.06
30287 0 0.47
30299 0 0.93
30314 8 0.83
30336 29 0.61
30353 24 0.76
30364 25 0.76
30372 13 0.95
30375 9 0.1
30377 1 0.44
30400 23 0.18
30410 3 0.89
30411 6 0.08
30413 0 0.83
30418 28 0.82
30420 28 0.73
30421 26 0.75
30431 18 0.97
30455 19 0.58
30471 17 0.4
30477 18 0.68
30483 4 0.81
30500 8 0.12
30507 5 0.31
30512 15 0.48
30513 24 0.2
30526 4 0.83
30538 1 0.51
30587 29 0.23
30592 22 0.69
30612 12 0.25
30613 15 0.96
30618 13 0.75
30621 25 0.6
30629 9 0.82
30635 17 0.39
30643 2 0.79
30646 15 0.65
30652 8 0.36
30657 4 0.9
30709 3 0.08
30723 7 1.0
30728 7 0.37
30733 11 0.7
30737 28 0.11
30755 27 0.66
30756 7 0.32
30780 14 0.34
30781 23 0.31
30784 25 0.79
30791 19 0.88
30804 21 0.96
30811 6 0.03
30814 5 0.64
30815 24 0.58
30822 29 0.4
30823 25 0.17
30826 2 0.32
30829 10 0.44
30842 9 0.3
30847 28 0.59
30853 14 0.6
30860 17 0.07
30895 4 0.63
30903 14 0.67
30925 1 0.46
30929 24 0.01
30937 19 0.15
30942 0 0.58
30957 12 0.73
30967 21 0.54
30973 11 0.02
30975 25 0.2
30976 25 0.02
30993 9 0.82
31020 11 0.49
31037 19 0.13
31042 2 0.73
31050 27 0.38
31057 13 0.14
31088 0 0.24
31091 29 0.61
31102 13 0.74
31103 25 0.33
31108 25 0.17
31113 25 0.2
31115 19 0.21
31118 7 0.59
31123 26 0.72
31124 11 0.93
31141 19 0.36
31148 7 0.72
31155 20 0.7
31169 26 0.21
31172 27 0.65
31188 19 0.54
31192 16 0.11
31193 21 0.78
31209 11 0.59
31211 26 0.37
31212 24 0.23
31216 20 0.13
31251 21 0.66
31263 23 0.79
31265 0 0.26
31274 20 0.19
31275 11 0.0
31280 13 0.84
31285 13 0.96
31289 15 0.95
31293 23 0.93
31311 4 0.67
31314 8 0.96
31318 2 0.51
31320 8 0.17
31331 1 0.75
31337 13 0.29
31347 12 0.74
31349 16 0.1
31384 0 0.01
31385 14 0.41
31388 7 0.3
31390 16 0.16
31420 23 0.85
31466 12 0.26
31467 17 0.91
31468 25 0.91
31484 10 0.45
31485 27 0.98
31494 24 0.57
31499 0 0.07
31508 20 0.16
31521 1 0.76
31570 27 0.18
31589 1 0.16
31600 28 0.38
31604 6 0.35
31641 0 0.44
31651 25 0.5
31656 8 0.67
31660 3 0.85
31670 3 0.69
31675 9 0.81
31683 28 0.73
31689 18 0.99
31709 21 0.83
31722 27 0.91
31737 4 0.31
31745 19 0.38
31768 9 0.39
31776 7 0.01
31777 27 0.78
31786 4 0.85
31787 16 0.58
31789 17 0.97
31805 9 0.01
31811 8 0.35
31815 10 0.91
31850 1 0.52
31862 29 0.35
31865 6 0.46
31869 7 0.34
31871 22 0.68
31890 13 0.18
31893 7 0.01
31900 3 0.24
31908 16 0.54
31916 18 0.38
31947 25 0.83
31948 9 0.99
31951 6 0.81
31957 22 0.92
31972 8 0.27
31986 26 0.09
31990 17 0.96
32019 17 0.63
32022 0 0.42
32025 19 0.66
32026 2 0.42
32037 12 0.73
32039 11 0.5
32053 6 0.14
32058 25 0.69
32059 0 0.2
32078 0 0.7
32097 17 0.4
32101 8 0.99
32108 23 0.45
32127 1 0.05
32130 10 0.42
32133 16 0.36
32138 13 0.1
32141 15 0.47
32157 25 0.25
32183 10 0.78
32199 1 0.27
32218 16 0.13
32246 11 0.27
32249 11 0.3
32262 15 0.94
32267 29 0.01
32273 2 0.03
32281 18 0.34
32299 22 0.54
32306 3 0.72
32315 19 0.53
32317 26 0.71
32319 18 0.18
32333 1 0.17
32335 16 0.36
32347 7 0.69
32355 12 0.55
32369 7 0.19
32372 22 0.23
32379 1 0.71
32383 20 0.36
32384 1 0.09
32388 14 0.84
32393 20 0.37
32408 17 0.73
32411 6 0.23
32415 23 0.36
32417 27 0.39
32418 10 0.19
32425 27 0.97
32431 17 0.98
32432 12 0.0
32460 0 0.96
32466 7 0.43
32470 3 0.76
32485 15 0.62
32489 20 0.24
32536 7 0.64
32546 0 0.68
32554 28 1.0
32561 23 0.51
32565 3 0.4
32571 9 0.94
32579 6 0.37
32586 28 0.63
32593 0 0.32
32654 14 0.1
32659 13 0.93
32666 12 0.94
32668 6 0.54
32697 13 0.79
32709 18 0.35
32712 16 0.08
32714 11 0.02
32719 9 0.52
32732 9 0.95
32740 11 0.38
32749 3 0.29
32752 19 0.89
32765 20 0.2
32766 27 0.08
32778 28 0.29
32806 1 0.48
32818 1 0.76
32820 17 0.46
32821 13 0.86
32822 22 0.72
32828 20 0.5
32835 25 0.45
32842 29 0.8
32852 13 0.12
32859 26 0.7
32877 11 0.52
32885 6 0.99
32907 23 0.39
32914 25 0.69
32915 13 0.66
32919 10 0.37
32936 14 0.5
32951 23 0.64
32979 7 0.73
32990 6 0.54
32991 12 0.9
33020 1 0.55
33027 15 0.08
33030 17 0.46
33031 15 0.36
33038 0 0.73
33043 3 0.97
33085 21 0.57
33091 11 0.19
33098 24 0.94
33102 3 0.32
33111 20 0.89
33125 27 0.91
33137 28 0.91
33146 27 0.39
33148 23 0.43
33165 15 0.81
33173 10 0.83
33176 4 0.37
33178 1 0.51
33196 29 0.16
33206 1 0.91
33209 4 0.99
33235 28 0.27
33272 20 0.77
33275 16 0.6
33277 14 0.29
33291 18 0.3
33293 5 0.59
33340 5 0.38
33343 3 0.02
33344 20 0.93
33362 10 0.15
33366 3 0.23
33372 7 0.76
33378 10 0.16
33380 5 0.8
33402 27 0.2
33423 16 0.1
33427 0 0.71
33429 11 0.41
33436 1 0.89
33447 5 0.2
33452 0 0.59
33457 16 0.26
33458 27 0.19
33465 9 0.22
33481 3 0.49
33503 21 0.27
33525 23 0.85
33544 4 0.96
33553 28 0.34
33554 11 0.63
33563 27 0.33
33592 5 0.01
33604 7 0.13
33607 24 0.75
33617 9 0.92
33621 11 0.94
33622 28 0.56
33631 14 0.51
33645 12 0.48
33664 6 0.89
33672 18 0.59
33680 3 0.35
33697 25 0.13
33702 7 0.77
33704 2 0.05
33728 20 0.93
33732 23 0.32
33751 3 0.55
33753 22 0.5
33769 14 0.74
33795 18 0.93
33797 10 0.24
33799 9 0.99
33828 2 0.51
33834 0 0.58
33849 0 0.71
33881 6 0.68
33886 16 0.99
33918 16 0.16
33925 15 0.83
33927 10 0.42
33930 8 0.32
33939 1 0.48
33944 29 0.11
33952 13 0.66
33962 13 0.62
33988 23 0.66
34003 19 0.43
34006 12 0.71
34011 17 0.88
34030 24 0.17
34034 5 0.59
34036 29 0.65
34042 27 0.49
34061 7 0.76
34080 1 0.13
34108 24 0.16
34111 18 0.26
34114 21 0.54
34117 4 0.79
34131 10 0.15
34140 0 0.97
34153 16 0.66
34182 2 0.09
34197 1 0.64
34199 23 0.91
34208 11 0.65
34238 23 0.82
34239 2 0.84
34248 16 0.6
34258 23 0.75
34266 15 0.34
34272 25 0.08
34274 13 0.28
34301 23 0.49
34311 19 0.51
34349 22 0.43
34368 20 0.14
34400 0 0.5
34406 19 0.72
34407 12 0.83
34409 17 0.67
34412 26 0.03
34413 9 0.51
34420 29 0.65
34429 1 0.03
34431 0 0.02
34436 23 0.56
34438 26 0.41
34440 13 0.59
34449 10 0.16
34452 29 0.68
34453 9 0.39
34459 12 0.41
34473 3 0.21
34486 12 0.92
34492 0 0.31
34499 26 0.68
34501 11 0.74
34510 12 0.93
34515 23 0.54
34568 1 0.74
34581 1 0.84
34589 4 0.62
34607 1 0.31
34610 5 0.4
34612 13 0.62
34624 29 0.55
34629 18 0.02
34640 11 0.01
34642 16 0.97
34652 15 0.79
34668 11 0.84
34675 15 0.93
34677 9 0.05
34680 4 0.95
34683 3 0.79
34711 29 0.22
34716 9 0.98
34728 0 0.95
34737 5 0.15
34753 0 0.14
34756 13 0.04
34761 20 0.26
34765 0 0.08
34773 17 0.71
34774 14 0.61
34778 1 0.78
34796 18 0.83
34812 3 0.59
34821 15 0.55
34833 14 0.99
34838 0 0.99
34839 17 0.24
34847 0 0.7
34850 18 0.75
34871 4 0.21
34878 22 0.97
34885 9 0.12
34888 25 0.11
34890 28 0.02
34892 28 0.63
34893 13 0.99
34921 23 0.63
34922 25 0.89
34929 8 0.27
34935 18 0.2
34960 6 0.94
34965 29 0.34
34968 12 0.29
35001 15 0.83
35012 16 0.43
35022 9 0.05
35033 23 0.5
35037 13 0.47
35039 29 0.31
35061 17 0.8
35084 2 0.21
35088 1 0.35
35097 15 0.16
35108 16 0.8
35110 6 0.29
35121 15 0.7
35122 2 0.09
35128 17 0.27
35140 9 0.93
35154 25 0.9
35158 22 0.88
35160 19 0.72
35176 9 0.37
35180 17 0.14
35184 26 0.2
35189 2 0.05
35196 15 0.4
35203 15 0.99
35205 20 0.76
35210 8 0.73
35222 27 0.49
35238 28 0.95
35242 9 0.37
35248 5 0.59
35268 9 0.64
35270 27 0.59
35304 17 0.93
35306 25 0.86
35320 1 0.41
35330 10 0.15
35336 3 0.21
35345 24 0.8
35349 18 0.58
35350 24 0.8
35351 11 0.4
35362 26 0.72
35378 4 0.17
35379 10 0.19
35384 18 0.88
35385 16 0.81
35386 10 0.24
35400 9 0.62
35416 2 0.29
35433 3 0.88
35439 7 0.82
35441 27 0.1
35446 23 0.9
35477 3 0.62
35479 11 0.49
35487 16 0.55
35491 27 0.6
35494 15 0.37
35508 23 0.98
35516 27 0.51
35517 29 0.56
35525 17 0.79
35526 0 0.43
35531 4 0.88
35559 2 0.21
35563 7 0.67
35578 1 0.73
35579 27 0.85
35581 13 0.71
35584 16 0.44
35595 14 0.33
35617 5 0.12
35626 27 0.78
35628 13 0.79
35647 16 0.77
35668 0 0.67
35694 17 0.67
35732 7 0.09
35739 18 0.53
35742 20 0.95
35744 28 0.44
35754 5 0.67
35759 17 0.24
35762 7 0.47
35770 26 0.89
35780 5 0.3
35787 24 0.23
35795 29 0.48
35805 4 0.35
35813 0 0.3
35815 0 0.05
35840 14 0.35
35850 11 0.96
35853 4 0.39
35854 8 0.55
35886 2 0.27
35913 4 0.38
35929 20 0.32
35935 0 0.9
35946 22 0.23
35949 17 0.16
35950 16 0.2
35955 20 0.1
35959 27 0.86
35961 9 0.37
35963 27 0.15
35967 18 0.35
35971 3 0.76
35997 8 0.48
36001 4 0.69
36017 10 0.6
36018 17 0.68
36020 2 0.0
36028 5 0.24
36066 18 0.84
36071 15 0.2
36073 9 0.47
36075 19 0.76
36091 5 0.99
36098 26 0.14
36099 17 0.89
36100 14 0.55
36102 26 0.62
36120 12 0.48
36123 21 0.57
36125 21 0.13
36147 28 0.77
36161 7 0.46
36170 5 0.83
36184 21 0.89
36190 22 0.7
36228 24 0.06
36235 14 0.67
36238 0 0.66
36261 0 0.99
36267 29 0.92
36268 29 0.27
36277 5 0.07
36281 21 0.36
36292 25 0.93
36297 9 0.95
36302 27 0.71
36315 25 0.13
36320 14 0.12
36329 29 0.18
36331 24 0.41
36347 10 0.89
36349 7 0.2
36360 17 0.97
36361 3 0.87
36386 17 0.66
36396 29 0.25
36410 2 0.37
36412 4 0.85
36424 25 0.95
36441 16 0.91
36451 27 0.82
36456 28 0.23
36470 15 0.48
36484 29 0.61
36493 15 0.04
36495 21 0.6
36496 27 0.14
36542 29 0.46
36543 27 0.59
36554 9 0.84
36555 2 0.44
36560 19 0.34
36562 21 0.35
36565 5 0.99
36575 29 0.24
36578 7 0.12
36585 10 0.47
36625 2 0.41
36628 4 0.5
36630 11 0.78
36638 8 0.18
36641 19 0.87
36676 26 0.2
36684 28 0.09
36686 4 0.39
36691 24 0.59
36711 11 0.13
36715 0 0.74
36722 0 0.42
36733 2 0.27
36737 22 0.79
36774 19 0.46
36780 1 0.25
36801 24 0.15
36812 2 0.55
36831 29 0.12
36847 21 0.13
36850 24 0.44
36853 12 0.17
36874 26 0.04
36875 26 0.3
36895 4 0.58
36910 7 0.29
36914 20 0.1
36917 15 0.5
36922 1 0.46
36923 19 0.31
36935 21 0.59
36952 10 0.78
36975 23 0.87
36976 10 0.07
36977 14 0.34
36980 18 0.32
36985 26 0.17
36993 17 0.12
36997 23 0.36
37005 27 0.97
37006 16 0.98
37012 2 0.36
37026 18 0.46
37027 14 0.02
37034 2 0.8
37038 15 0.86
37074 10 0.2
37081 24 0.23
37082 27 0.55
37093 17 0.5
37107 12 0.58
37123 3 0.63
37125 4 0.45
37145 4 0.82
37147 18 0.45
37163 23 0.83
37188 25 0.79
37205 9 0.62
37208 4 0.45
37224 26 0.47
37235 28 0.41
37237 23 1.0
37239 3 0.94
37254 1 0.84
37281 11 0.68
37283 0 0.98
37295 10 0.52
37307 7 0.73
37311 24 0.07
37336 23 0.18
37358 25 0.43
37370 24 0.95
37371 29 0.72
37378 2 0.46
37385 11 0.75
37391 29 0.32
37414 2 0.18
37416 20 0.02
37429 21 0.01
37430 1 0.9
37433 3 0.33
37453 15 0.76
37459 27 0.91
37463 29 0.41
37465 17 0.29
37473 23 0.48
37478 12 0.31
37482 5 0.06
37483 14 0.14
37485 26 0.5
37491 10 0.22
37509 7 0.46
37518 25 0.33
37537 26 0.27
37538 24 0.35
37560 12 0.2
37565 10 0.73
37568 9 0.88
37586 26 0.04
37587 25 0.45
37589 6 0.28
37594 1 0.58
37601 26 0.3
37603 24 0.8
37604 7 0.51
37611 14 0.15
37626 24 0.03
37628 11 0.84
37633 29 0.43
37636 11 0.8
37637 1 0.6
37641 4 0.47
37645 16 0.19
37649 22 0.36
37655 8 0.65
37656 2 0.37
37657 4 0.83
37662 10 0.94
37688 15 0.2
37690 1 0.62
37691 28 0.2
37704 16 0.6
37709 18 0.7
37711 25 0.75
37719 13 0.84
37727 22 0.73
37734 10 0.37
37735 26 0.63
37748 6 0.03
37752 22 0.8
37766 16 0.91
37775 11 0.75
37795 5 0.55
37800 13 0.89
37807 17 0.33
37813 19 0.51
37821 25 0.39
37823 0 0.3
37831 8 0.13
37840 2 0.08
37844 15 0.97
37853 16 0.63
37858 10 0.56
37866 17 0.93
37870 16 0.8
37878 6 0.31
37889 15 0.74
37890 20 0.5
37892 3 0.99
37926 24 0.84
37932 4 0.6
37936 26 0.65
37937 1 0.15
37940 0 0.01
37966 17 0.34
37978 2 0.32
37985 24 0.78
37992 20 0.39
38020 2 0.71
38033 22 0.59
38037 16 0.84
38040 16 0.25
38057 0 0.41
38063 27 0.05
38069 1 0.91
38087 4 0.59
38095 14 0.07
38096 27 0.84
38111 13 0.76
38113 23 0.38
38127 24 0.08
38173 10 0.2
38175 0 0.04
38178 1 0.86
38186 19 0.16
38194 1 0.17
38199 3 0.59
38204 12 0.52
38224 7 0.52
38244 0 0.15
38245 16 0.97
38277 26 0.24
38279 1 0.2
38280 1 0.28
38284 4 0.06
38291 3 0.08
38299 14 0.72
38306 11 0.81
38311 22 0.08
38313 15 0.3
38321 4 0.49
38337 1 0.12
38344 29 0.89
38348 8 0.2
38349 1 0.87
38353 5 0.02
38365 11 0.48
38376 23 0.64
38379 24 0.26
38381 26 0.46
38394 15 0.73
38396 22 0.95
38400 2 0.95
38402 17 0.09
38430 18 0.98
38445 7 0.28
38492 10 1.0
38497 3 0.47
38519 13 0.42
38527 20 0.78
38555 11 0.64
38559 29 0.88
38561 21 0.6
38570 6 0.58
38584 16 0.99
38604 26 0.61
38623 23 0.72
38632 10 0.96
38640 19 0.2
38664 27 0.66
38671 29 0.92
38690 21 0.91
38694 15 0.61
38695 12 0.64
38744 1 0.6
38772 10 0.17
38781 13 0.5
38784 5 0.27
38803 3 0.83
38806 2 0.91
38812 10 0.0
38823 21 0.23
38826 14 0.85
38843 7 0.98
38860 14 0.36
38870 6 0.45
38881 23 0.65
38894 13 0.91
38900 29 0.82
38965 0 0.18
38981 3 0.57
38991 18 0.36
38996 7 0.85
39003 13 0.71
39013 10 0.6
39026 14 0.65
39036 12 0.08
39063 7 0.54
39072 28 0.03
39078 11 0.37
39082 21 0.3
39083 17 0.98
39090 8 0.59
39114 11 0.16
39117 21 0.33
39126 24 0.19
39130 5 0.36
39146 13 0.82
39152 27 0.2
39166 20 0.4
39172 21 0.97
39174 21 0.14
39192 0 0.89
39199 7 0.36
39200 0 0.92
39212 1 0.42
39221 27 0.84
39233 18 0.22
39236 6 0.52
39247 12 0.13
39250 13 0.07
39258 6 0.58
39270 3 0.43
39274 3 0.26
39276 3 0.56
39281 18 0.39
39301 14 0.69
39304 9 0.87
39312 11 0.07
39314 12 0.19
39328 0 0.66
39339 6 0.86
39341 17 0.8
39342 6 0.71
39344 10 0.07
39355 17 0.12
39367 23 0.52
39379 13 0.69
39380 7 0.64
39425 22 0.43
39433 26 0.24
39440 18 0.5
39459 14 0.11
39461 6 0.07
39467 21 0.04
39471 25 0.2
39481 24 0.29
39482 8 0.14
39487 3 0.15
39507 1 0.08
39511 23 0.52
39512 17 0.35
39518 14 1.0
39520 0 0.32
39526 21 0.76
39533 19 0.13
39551 16 0.97
39568 1 0.73
39583 11 0.03
39586 20 0.25
39595 24 0.18
39645 8 0.17
39647 0 0.01
39654 8 0.68
39657 17 0.43
39672 19 0.77
39676 24 0.21
39689 8 0.41
39703 5 0.34
39706 1 0.51
39707 11 0.48
39712 29 0.35
39717 18 0.51
39722 17 0.1
39729 14 0.22
39753 2 0.48
39770 21 0.24
39772 16 0.61
39774 16 0.71
39783 22 0.09
39784 25 0.15
39796 7 0.06
39801 27 0.12
39804 5 0.47
39806 24 0.9
39811 23 0.53
39823 9 0.34
39839 24 0.48
39844 5 0.55
39845 15 0.19
39855 12 0.38
39857 27 0.02
39892 16 0.92
39906 7 0.31
39914 10 0.25
39931 2 0.5
39939 4 0.58
39950 1 0.07
39954 22 0.31
39959 13 0.56
39967 14 0.87
39969 6 0.28
39972 25 0.87
39975 4 0.79
39979 11 0.02
39998 23 0.19
40000 17 0.37
40004 13 0.03
40014 26 0.61
40019 25 0.43
40028 7 0.94
40030 15 0.26
40042 17 0.1
40053 6 0.08
40065 5 0.76
40067 27 0.55
40068 9 0.1
40069 5 0.97
40075 5 0.83
40084 5 0.2
40104 0 0.71
40113 16 0.56
40114 0 0.09
40134 7 0.64
40138 24 0.04
40140 16 0.91
40148 0 0.94
40149 25 0.33
40154 29 0.74
40160 28 0.7
40185 5 0.01
40195 6 0.52
40198 8 0.36
40205 22 0.51
40207 2 0.3
40242 24 0.69
40246 26 0.53
40256 15 0.11
40276 29 0.71
40282 5 0.49
40284 13 0.84
40291 14 0.06
40318 11 0.56
40333 9 0.55
40355 1 0.83
40356 22 0.07
40366 16 0.94
40374 1 0.74
40383 13 0.95
40389 2 0.32
40394 18 0.32
40395 20 0.88
40411 17 0.49
40419 16 0.8
40437 20 0.4
40438 9 0.44
40448 15 0.13
40449 23 0.91
40456 2 0.15
40464 2 0.66
40465 9 0.36
40467 17 0.94
40474 2 0.29
40480 8 0.92
40483 23 0.1
40492 2 0.52
40501 16 0.51
40503 7 0.23
40511 13 0.32
40512 5 0.64
40520 19 0.28
40545 11 0.61
40562 3 0.17
40569 19 0.74
40570 27 0.04
40599 3 0.17
40614 19 0.64
40619 29 0.87
40623 17 0.11
40625 24 0.78
40645 3 0.02
40647 15 0.27
40653 4 0.83
40659 14 0.35
40664 16 0.63
40666 22 0.3
40678 4 0.79
40680 19 0.44
40682 9 0.42
40688 18 0.13
40689 11 0.46
40696 14 0.97
40712 18 0.05
40721 20 0.81
40723 3 0.07
40746 12 0.64
40767 18 0.28
40769 24 0.96
40776 21 0.16
40777 9 0.43
40791 22 0.05
40794 0 0.18
40795 10 0.48
40821 19 0.35
40846 11 0.95
40865 10 0.09
40866 10 0.69
40882 3 0.76
40884 8 0.88
40886 3 0.52
40901 12 0.41
40906 8 0.28
40942 25 0.37
40945 25 0.87
40951 13 0.85
40955 11 0.92
40994 20 0.56
41009 13 0.64
41012 11 0.04
41015 24 0.96
41016 8 0.0
41022 10 0.95
41026 11 0.21
41027 6 0.57
41042 24 0.56
41063 4 0.02
41104 5 0.9
41106 5 0.3
41122 7 0.51
41177 3 0.49
41192 12 0.94
41199 14 0.15
41202 19 0.61
41214 23 0.84
41222 7 0.41
41252 24 0.41
41267 29 0.9
41283 24 0.65
41299 5 0.93
41304 0 0.79
41308 5 0.76
41317 2 0.43
41335 28 0.13
41338 15 0.03
41345 6 0.49
41346 24 0.03
41369 19 0.98
41382 9 0.62
41415 16 0.31
41428 27 0.55
41437 27 0.58
41468 16 0.91
41482 26 0.7
41494 5 0.5
41495 14 0.24
41517 6 0.97
41518 26 0.92
41521 19 0.04
41528 22 0.71
41545 21 0.97
41565 13 0.43
41566 20 0.13
41575 13 0.73
41595 22 0.82
41601 18 0.27
41602 1 0.95
41610 4 0.78
41625 6 0.56
41637 12 0.02
41643 27 0.41
41669 21 0.07
41677 16 0.22
41693 11 0.56
41694 15 0.65
41696 19 0.84
41697 6 0.87
41706 15 0.13
41709 29 0.32
41724 2 0.82
41766 18 0.85
41780 13 0.84
41788 22 0.83
41789 28 0.01
41790 5 0.96
41800 16 0.36
41804 4 0.95
41812 25 0.27
41820 11 1.0
41832 4 0.89
41846 15 0.71
41873 29 0.8
41876 20 0.27
41882 0 0.11
41883 3 0.98
41891 3 0.74
41904 1 0.14
41905 1 0.89
41925 14 0.95
41927 9 0.15
41930 6 0.34
41931 11 0.57
41936 19 0.24
41944 20 0.08
41957 9 0.38
41969 5 0.03
41982 8 0.93
41993 22 0.56
41998 16 0.85
42004 28 0.98
42011 29 0.57
42013 13 0.03
42015 22 0.47
42018 13 0.84
42020 28 0.07
42025 17 0.52
42029 4 0.37
42049 4 0.31
42055 23 0.48
42058 12 0.1
42062 24 0.29
42091 19 0.77
42093 1 0.23
42100 14 0.45
42104 11 0.15
42109 26 0.02
42130 28 0.72
42163 15 0.01
42169 9 0.45
42171 0 0.78
42175 28 0.01
42207 4 0.75
42220 4 0.49
42246 5 0.94
42248 10 0.72
42261 1 0.71
42285 10 0.84
42288 17 0.14
42293 22 0.74
42317 18 0.48
42333 4 0.35
42340 1 0.1
42347 19 0.08
42381 28 0.47
42385 22 0.18
42387 22 0.07
42400 19 0.12
42401 14 0.82
42402 1 0.09
42408 19 0.88
42420 2 0.47
42432 10 0.47
42445 25 0.73
42456 26 0.83
42468 20 0.95
42471 16 0.06
42495 26 0.54
42504 7 0.69
42508 11 0.83
42529 9 0.83
42530 2 0.68
42534 10 0.68
42570 28 0.38
42574 24 0.53
42585 15 0.66
42590 19 0.03
42599 29 0.93
42606 26 0.28
42620 20 0.64
42621 29 0.78
42626 7 0.52
42639 25 0.28
42640 22 0.99
42650 29 0.96
42662 1 0.4
42670 14 0.31
42697 0 0.1
42714 1 0.69
42723 8 0.65
42746 0 0.57
42766 5 0.55
42773 23 0.88
42783 16 0.29
42789 9 0.43
42805 2 0.93
42820 29 0.67
42823 23 0.69
42829 2 0.38
42833 24 0.74
42834 14 0.35
42856 5 0.18
42858 0 0.02
42865 25 0.93
42870 8 0.03
42880 14 0.74
42919 26 0.81
42948 13 0.53
42952 2 0.31
42957 8 0.89
42959 8 0.38
42967 27 0.81
42968 8 0.51
42984 27 0.21
43000 23 0.93
43016 29 0.35
43022 23 0.13
43025 26 0.21
43039 4 0.33
43040 23 0.54
43052 7 0.91
43068 7 0.63
43074 5 0.88
43085 16 0.72
43093 4 0.3
43117 27 0.05
43132 8 0.97
43161 3 0.98
43174 8 0.33
43182 22 0.3
43191 8 0.62
43200 1 0.57
43209 28 0.09
43215 11 0.27
43237 17 0.51
43254 7 0.27
43260 22 0.06
43264 9 0.11
43282 12 0.0
43297 27 0.98
43312 21 0.95
43316 13 0.46
43324 2 0.38
43328 24 0.79
43329 29 0.13
43337 13 0.89
43360 7 0.37
43361 24 0.07
43367 19 0.27
43379 6 0.8
43392 12 0.78
43412 13 0.49
43438 3 0.76
43440 29 0.51
43473 13 0.14
43483 5 0.03
43495 29 0.38
43509 12 0.28
43513 22 0.31
43528 15 0.42
43546 25 0.82
43559 6 0.0
43562 8 0.96
43568 4 0.07
43587 7 0.49
43612 12 0.41
43617 5 0.55
43626 4 0.83
43635 9 0.65
43654 4 0.63
43657 19 0.81
43690 12 0.3
43699 5 0.73
43709 11 0.07
43724 20 0.2
43728 12 0.54
43740 1 0.62
43743 29 0.87
43749 26 0.44
43753 29 0.57
43759 3 0.17
43766 20 0.76
43768 21 0.64
43773 11 0.83
43776 3 0.92
43779 19 0.08
43780 18 0.19
43783 4 0.46
43791 8 0.65
43792 17 0.18
43804 24 0.38
43819 28 0.71
43820 11 0.5
43824 19 0.02
43839 14 0.85
43840 10 0.4
43851 22 0.94
43861 23 0.97
43869 23 0.39
43895 17 0.04
43897 7 0.03
43898 10 0.48
43903 29 0.18
43925 6 0.5
43932 9 0.15
43946 10 0.76
43953 14 0.85
43960 28 0.08
43962 14 0.64
43965 10 0.03
43967 28 0.3
43969 5 0.68
43976 11 0.13
43980 20 0.75
43994 8 0.54
44011 22 0.87
44031 26 0.72
44049 6 0.94
44051 6 0.96
44055 29 0.74
44059 1 0.98
44086 9 0.9
44090 19 0.95
44109 5 0.18
44113 10 0.28
44125 21 0.5
44129 3 0.54
44130 27 0.08
44147 18 0.13
44153 26 0.75
44170 18 0.35
44175 7 0.21
44179 11 0.45
44182 20 0.97
44184 29 0.14
44186 27 0.23
44189 28 0.17
44191 23 0.87
44210 15 0.12
44216 8 0.06
44220 17 0.25
44235 11 0.88
44236 28 0.62
44241 17 0.5
44251 3 0.76
44255 13 0.24
44262 26 0.84
44281 7 0.14
44297 22 0.24
44305 26 0.58
44307 12 0.64
44318 2 0.38
44328 12 0.75
44344 9 0.57
44348 3 0.49
44352 11 0.67
44353 17 0.03
44365 23 0.61
44372 5 0.86
44385 15 0.65
44394 2 0.33
44402 27 0.91
44414 4 0.33
44446 29 0.15
44447 14 0.2
44457 1 0.21
44467 0 0.11
44476 11 0.15
44481 4 0.41
44482 16 0.59
44515 10 0.2
44516 25 0.65
44536 1 0.82
44545 12 0.79
44570 5 0.41
44571 2 0.22
44577 12 0.39
44582 14 0.67
44585 11 0.62
44591 6 0.37
44596 3 0.18
44600 29 0.11
44609 14 0.39
44610 20 0.05
44613 3 0.08
44618 13 0.72
44630 3 0.61
44637 27 0.8
44639 22 0.42
44648 17 0.79
44667 1 0.01
44668 11 0.95
44671 17 0.93
44685 15 0.94
44692 12 0.57
44694 27 0.49
44702 18 0.19
44704 10 0.09
44708 11 0.62
44710 1 0.4
44712 18 0.37
44718 5 0.22
44719 18 0.16
44726 29 0.97
44744 12 0.04
44745 29 0.84
44770 28 0.18
44784 17 0.91
44792 10 0.44
44794 9 0.01
44799 12 0.12
44816 13 0.54
44825 3 0.32
44830 17 0.2
44842 24 0.06
44856 9 0.73
44860 24 0.81
44873 19 0.69
44881 2 0.56
44882 8 0.72
44885 3 0.78
44895 12 0.32
44904 11 0.27
44924 29 0.9
44930 11 0.1
44939 24 0.43
44953 29 0.54
44957 26 0.31
44968 24 0.87
44970 7 0.98
44980 23 0.09
44984 14 0.8
44989 24 0.82
44996 9 0.06
45003 3 0.97
45022 2 0.19
45032 8 0.37
45036 15 0.45
45049 7 0.68
45053 28 0.79
45066 25 0.23
45069 3 0.32
45078 16 0.14
45106 1 0.08
45113 25 0.38
45114 17 0.03
45121 8 0.64
45128 2 0.17
45135 0 0.83
45144 13 0.64
45163 12 0.23
45184 20 0.19
45202 20 0.32
45213 19 0.26
45215 24 0.89
45220 28 0.72
45226 27 0.72
45236 20 0.82
45250 20 0.72
45251 3 0.34
45280 13 0.2
45314 27 0.93
45319 9 0.36
45335 0 0.97
45336 4 0.82
45341 18 0.82
45355 11 0.61
45371 3 0.86
45377 4 0.27
45380 27 0.39
45392 20 0.38
45403 10 0.86
45406 13 0.25
45426 4 0.07
45428 26 0.86
45441 26 0.67
45442 25 0.78
45443 24 0.63
45444 1 0.63
45451 27 0.77
45457 24 0.99
45460 15 0.77
45487 4 0.98
45491 22 0.77
45495 23 0.79
45538 9 0.21
45556 10 0.83
45563 15 0.1
45574 23 0.08
45583 20 0.83
45585 25 0.01
45592 12 0.35
45609 14 0.35
45610 17 0.77
45616 13 0.35
45661 5 0.75
45672 21 0.45
45675 1 0.22
45676 10 0.09
45677 27 0.02
45680 2 0.53
45685 5 0.36
45692 10 0.54
45719 27 0.95
45725 2 0.69
45730 16 0.77
45743 3 0.82
45745 20 0.68
45746 7 0.89
45764 14 0.44
45766 6 0.06
45780 20 0.64
45788 26 0.28
45796 0 0.29
45821 8 0.55
45840 17 0.74
45855 9 0.74
45857 27 0.85
45864 27 0.1
45869 6 0.85
45873 17 0.38
45877 17 0.13
45880 10 0.6
45884 19 0.47
45893 14 0.75
45915 10 0.31
45928 29 0.87
45936 3 0.56
45949 19 0.72
45954 5 0.63
45955 23 0.47
45958 18 0.31
45962 24 0.84
45966 23 0.43
45994 11 0.69
45995 8 0.87
46031 16 0.61
46046 12 0.88
46058 8 0.93
46084 29 0.19
46097 21 0.23
46102 7 0.69
46117 9 0.73
46139 12 0.92
46154 25 0.2
46160 21 0.13
46182 10 0.79
46204 18 0.81
46205 13 0.31
46213 5 0.41
46219 16 0.9
46234 22 0.11
46243 12 0.77
46246 1 0.77
46250 15 0.15
46253 13 0.63
46258 20 0.6
46263 8 0.68
46282 11 0.35
46286 8 0.24
46294 5 0.64
46298 20 0.73
46329 28 0.16
46349 29 0.41
46355 6 0.17
46361 27 0.42
46367 17 0.77
46377 16 0.69
46379 23 0.81
46399 11 0.54
46401 8 0.52
46402 23 0.79
46404 1 0.29
46409 23 0.13
46428 0 0.84
46432 19 0.42
46466 9 0.95
46473 24 0.8
46476 24 0.88
46489 24 0.59
46495 18 0.46
46496 29 0.73
46506 18 0.46
46517 1 0.73
46521 17 0.32
46534 6 0.91
46553 10 0.34
46556 5 0.79
46561 15 0.89
46570 20 0.58
46571 28 0.22
46600 28 0.88
46602 18 0.87
46609 2 0.77
46615 17 0.93
46622 11 0.78
46642 1 0.63
46643 6 0.1
46662 17 0.75
46666 9 0.62
46667 9 0.93
46681 27 0.96
46686 1 0.26
46692 29 0.76
46704 22 0.26
46705 8 0.24
46714 10 0.54
46717 26 0.87
46724 29 0.4
46755 1 0.9
46759 6 0.05
46761 24 0.87
46775 2 0.09
46776 8 0.83
46782 5 0.81
46796 24 0.07
46805 21 0.64
46812 5 0.48
46821 29 0.63
46824 2 0.88
46831 26 0.14
46833 24 0.83
46840 29 0.92
46842 1 0.96
46845 23 0.56
46846 27 0.64
46847 25 0.29
46858 14 0.58
46879 22 0.76
46884 27 0.21
46911 12 0.81
46915 2 0.74
46921 20 0.67
46930 29 0.81
46935 8 0.63
46969 20 0.24
46996 25 0.27
46999 11 0.8
47001 24 0.49
47004 4 0.44
47008 16 0.6
47013 29 0.22
47014 18 0.74
47018 24 0.34
47029 22 0.27
47030 6 0.29
47047 16 0.73
47069 20 0.66
47077 23 0.08
47080 26 0.21
47082 12 0.38
47086 12 0.44
47090 6 0.11
47103 9 0.9
47107 5 0.36
47139 21 0.85
47143 5 0.79
47145 8 0.17
47168 22 0.73
47178 1 0.99
47186 4 0.89
47191 28 0.24
47197 7 0.49
47206 1 0.46
47209 7 0.16
47218 8 0.47
47226 29 0.82
47240 10 0.79
47251 5 0.18
47263 27 0.74
47276 18 0.99
47280 0 0.14
47298 2 0.99
47299 12 0.93
47329 12 0.57
47351 6 0.42
47354 6 0.87
47365 17 0.96
47368 25 0.07
47378 7 0.02
47380 7 0.42
47386 20 0.37
47392 25 0.8
47411 12 0.01
47418 2 0.67
47437 5 0.79
47450 23 0.68
47454 12 0.79
47455 4 0.71
47457 24 0.48
47477 15 0.98
47493 6 0.7
47496 27 0.21
47513 28 0.17
47554 23 0.52
47566 22 0.21
47573 19 0.83
47574 11 0.61
47576 21 0.94
47579 10 1.0
47590 1 0.92
47598 29 0.77
47605 0 0.72
47608 21 0.09
47648 23 0.86
47656 24 1.0
47675 12 0.44
47680 7 0.06
47682 1 0.43
47686 2 0.1
47688 5 0.62
47694 29 0.6
47697 3 0.56
47700 21 0.15
47701 15 0.08
47723 1 0.95
47732 0 0.63
47757 21 0.03
47758 24 0.06
47776 7 0.68
47807 6 0.09
47808 0 0.12
47812 16 0.34
47815 6 0.06
47818 21 0.59
47822 25 0.01
47832 18 0.32
47836 3 0.52
47851 9 0.71
47856 20 0.21
47862 21 0.13
47867 12 0.31
47883 10 0.41
47894 14 0.95
47904 1 0.11
47905 16 0.62
47943 4 0.72
47963 23 0.05
47971 16 0.15
47974 17 0.85
47980 21 0.91
47982 14 0.02
47992 22 0.75
47994 5 0.28
48001 23 0.64
48039 18 0.8
48044 7 0.45
48057 18 0.55
48060 16 0.56
48061 3 0.01
48066 18 1.0
48080 13 0.85
48083 15 0.09
48094 15 0.96
48104 28 0.71
48127 9 0.63
48144 8 0.72
48151 25 0.46
48153 26 0.78
48175 19 0.22
48179 9 0.43
48184 2 0.56
48198 21 0.39
48219 28 0.1
48226 19 0.77
48228 14 0.56
48252 29 0.53
48255 16 0.44
48260 11 0.49
48267 15 0.7
48269 25 0.11
48271 18 0.46
48272 5 0.74
48273 21 0.35
48279 28 0.61
48282 26 0.71
48285 1 0.47
48292 7 0.42
48298 7 0.99
48315 4 0.91
48320 29 0.45
48321 18 0.69
48327 21 0.11
48341 20 0.85
48357 18 0.39
48364 10 0.35
48368 23 0.1
48369 2 0.75
48374 20 0.28
48387 28 0.61
48388 24 0.1
48389 17 0.02
48392 4 0.17
48401 3 0.37
48406 16 0.4
48416 24 0.07
48425 27 0.28
48438 10 0.68
48446 15 0.16
48458 15 0.26
48468 6 0.94
48473 26 0.27
48477 11 0.68
48495 21 0.73
48511 10 0.2
48514 20 0.43
48517 19 0.7
48520 9 0.78
48535 11 0.61
48546 0 0.95
48566 6 0.28
48567 4 0.05
48573 12 0.99
48574 14 0.34
48575 17 0.9
48578 6 0.58
48593 27 0.96
48603 11 0.21
48613 12 0.96
48617 21 0.67
48620 7 0.94
48636 4 0.32
48638 13 0.38
48640 9 0.08
48642 3 0.39
48644 4 0.85
48645 16 0.61
48669 24 0.35
48671 22 0.06
48689 16 0.46
48707 9 0.59
48708 16 0.53
48716 27 0.48
48724 5 0.96
48749 22 0.44
48771 12 0.65
48779 9 0.53
48781 20 0.9
48790 20 0.08
48796 3 0.59
48798 6 0.35
48799 26 0.34
48803 23 0.53
48804 17 0.8
48816 22 0.77
48819 8 0.55
48838 7 0.94
48845 16 0.29
48852 27 0.72
48858 4 0.52
48865 16 0.15
48866 6 0.9
48867 0 0.07
48875 3 0.37
48882 4 0.54
48907 13 0.87
48943 27 0.42
48947 29 0.29
48956 2 0.36
48959 3 0.94
48961 5 0.97
48981 20 0.74
48982 27 0.92
48987 3 0.02
48991 12 0.38
48998 3 0.86
49003 22 0.28
49030 27 0.81
49034 29 0.43
49053 18 0.28
49054 15 0.08
49056 25 0.58
49064 28 0.81
49069 17 0.56
49071 11 0.5
49072 29 0.54
49083 25 0.54
49084 25 0.19
49086 15 0.21
49088 7 0.86
49095 23 0.49
49099 27 0.8
49105 20 0.7
49118 24 0.88
49130 16 0.6
49147 22 0.5
49170 20 0.22
49171 28 0.85
49173 7 0.48
49176 28 0.35
49184 17 0.68
49225 11 0.57
49240 2 0.69
49243 3 0.6
49246 16 0.08
49266 7 0.19
49302 13 0.63
49319 0 0.17
49325 12 0.19
49330 10 0.98
49333 6 0.12
49368 25 0.63
49370 3 0.42
49396 13 0.69
49414 29 0.05
49416 13 0.83
49427 29 0.72
49430 22 0.64
49444 26 0.94
49446 28 0.61
49459 15 0.42
49464 28 0.82
49492 18 0.3
49497 4 0.7
49501 20 0.97
49504 21 0.4
49514 9 0.42
49515 4 0.78
49518 20 0.38
49532 20 0.95
49539 3 0.52
49545 14 0.95
49561 16 0.23
49570 1 0.83
49575 17 0.3
49576 15 0.28
49589 26 0.66
49619 13 0.92
49626 7 0.51
49637 3 0.58
49647 13 0.11
49666 10 0.29
49670 0 0.1
49682 11 0.65
49719 20 0.34
49727 3 0.39
49731 9 0.08
49751 8 0.8
49760 29 0.3
49778 29 0.25
49779 27 0.04
49791 11 0.99
49796 27 0.93
49803 11 0.61
49810 19 0.14
49811 25 0.82
49813 19 0.81
49820 29 0.89
49825 22 0.15
49847 19 0.59
49858 24 0.97
49862 25 0.29
49874 28 0.38
49884 29 0.5
49895 23 0.67
49903 12 0.14
49904 19 0.54
49909 25 0.7
49911 7 0.45
49930 8 0.58
49931 24 0.09
49933 9 0.5
49948 8 0.88
49957 29 0.54
49960 12 0.77
49975 20 0.68
49978 15 0.79
49979 12 0.94
49992 11 0.14
49994 23 0.58
