0 29 0.93
3 15 0.66
10 22 0.22
16 6 0.48
24 10 0.39
26 21 0.75
28 11 0.54
32 23 0.43
33 26 0.71
34 29 0.52
37 18 0.19
41 15 0.06
46 5 0.41
47 0 0.8
50 18 0.46
51 26 0.73
62 20 0.75
64 18 0.3
66 21 0.42
74 9 0.03
81 18 0.51
82 22 0.67
91 3 0.17
97 5 0.54
98 10 0.28
113 7 0.39
122 20 0.49
125 14 0.81
136 13 0.16
138 1 0.68
140 12 0.98
141 23 0.45
149 8 0.38
159 20 0.86
162 19 0.99
165 15 0.95
168 15 0.61
170 8 0.69
171 15 0.48
177 23 0.47
178 14 0.38
180 10 0.08
183 8 0.24
186 17 0.6
189 3 0.32
190 19 0.75
191 16 0.79
197 5 0.25
199 8 0.84
206 2 0.64
212 4 0.42
213 19 0.56
214 7 0.02
222 2 0.33
223 10 0.4
224 7 0.69
228 28 0.32
231 26 0.16
235 21 0.9
236 19 0.2
239 28 0.55
242 28 0.53
248 11 0.06
249 20 0.18
251 10 0.56
261 22 0.6
267 22 0.64
277 23 0.61
284 19 0.25
296 18 0.21
306 5 0.4
307 3 0.55
311 18 0.9
312 22 0.64
319 19 0.53
321 22 0.49
325 20 0.21
337 12 0.48
344 15 1.0
345 27 0.25
346 17 0.61
352 8 0.42
364 29 0.55
365 25 0.03
367 10 0.16
370 20 0.51
372 7 0.25
376 26 0.94
379 9 0.05
382 24 0.4
397 23 0.35
401 16 0.54
403 16 1.0
409 11 0.65
410 3 0.9
412 17 0.96
417 28 0.5
420 10 0.35
427 19 0.44
431 6 0.34
432 28 0.15
441 10 0.14
442 29 0.61
443 2 0.77
449 18 0.52
451 2 0.01
462 10 0.42
466 5 0.54
470 1 0.79
473 19 0.9
475 15 0.73
480 1 0.76
485 16 0.88
487 9 0.84
501 8 0.21
502 4 0.07
512 3 0.26
517 4 0.14
519 28 0.69
521 21 0.42
525 10 0.65
528 12 0.5
530 14 0.99
535 16 0.35
540 12 0.17
544 12 0.77
546 12 0.77
547 28 0.6
550 25 0.15
554 26 0.82
557 23 0.76
562 8 0.95
564 15 0.83
567 10 0.47
568 19 0.42
569 4 1.0
570 10 1.0
572 16 0.87
573 20 0.81
575 20 0.8
578 9 0.33
579 28 0.43
583 14 0.1
584 22 0.23
588 22 0.93
594 13 0.47
602 23 0.18
605 15 0.93
610 14 0.33
611 16 0.91
613 14 0.33
631 20 0.76
633 10 0.34
637 10 0.5
640 28 0.33
643 7 0.52
645 25 0.12
647 20 0.96
648 20 0.61
651 14 0.67
653 29 0.16
654 22 0.87
655 27 0.67
661 17 0.74
674 25 0.06
675 3 0.53
678 27 0.68
679 1 0.53
682 20 0.13
683 6 0.38
694 22 0.17
698 8 0.75
702 2 0.76
703 1 0.23
708 4 0.82
709 4 0.18
712 5 0.26
714 9 0.28
720 29 0.61
722 6 0.05
723 27 0.88
724 18 0.43
725 23 0.96
726 2 0.64
727 28 0.94
733 0 0.79
736 22 0.97
741 9 0.43
742 21 0.58
747 6 0.8
749 19 0.15
753 7 0.56
760 12 0.76
762 14 0.1
763 4 0.89
768 22 0.32
774 29 0.05
780 16 0.58
785 8 0.93
791 6 0.42
792 10 0.05
793 17 0.27
799 5 0.66
801 19 0.08
809 6 0.03
813 26 0.82
818 25 0.28
820 14 0.16
825 7 0.02
827 26 0.74
830 16 0.4
847 29 0.06
848 18 0.57
849 13 0.8
858 10 0.95
862 14 0.91
863 21 0.4
869 25 0.2
871 1 0.85
883 18 0.14
884 18 0.01
885 10 0.02
886 8 0.34
888 3 0.55
890 22 0.01
891 1 0.27
892 6 0.23
893 23 0.86
894 15 0.16
900 12 0.32
902 13 0.56
907 26 0.82
912 17 0.74
913 8 0.9
915 25 0.32
923 14 0.96
924 13 0.2
933 10 0.64
934 22 0.34
936 15 0.25
955 20 0.32
956 0 0.05
960 15 0.47
962 11 0.48
963 27 0.87
985 12 0.88
988 3 0.87
1000 2 0.75
1004 5 0.97
1022 8 0.63
1025 7 0.33
1036 16 0.23
1037 24 0.08
1039 0 0.48
1046 19 0.93
1047 15 0.79
1049 18 0.73
1053 0 0.5
1056 21 0.44
1058 7 0.54
1059 28 0.58
1061 6 0.24
1062 26 0.02
1068 9 0.52
1079 28 0.19
1080 3 0.1
1081 15 0.71
1083 5 0.38
1089 8 0.94
1090 0 0.87
1091 20 0.72
1093 29 0.73
1094 22 0.13
1102 24 0.89
1105 28 0.71
1108 7 0.56
1114 28 0.73
1115 29 0.48
1116 0 0.81
1122 11 0.59
1126 4 0.18
1130 1 0.22
1134 10 0.56
1137 9 0.8
1139 16 0.3
1142 22 0.78
1143 19 0.48
1144 23 0.06
1146 8 0.88
1158 15 0.36
1161 4 0.87
1165 22 0.35
1167 22 0.24
1174 8 0.7
1183 10 0.96
1186 9 0.33
1194 25 0.97
1203 5 0.55
1212 26 0.68
1223 23 0.51
1227 10 0.02
1229 24 0.27
1233 15 0.35
1235 20 0.41
1240 18 0.24
1241 27 0.88
1242 19 0.77
1243 9 0.73
1245 3 0.5
1250 19 0.14
1257 20 0.25
1260 18 0.52
1269 11 0.91
1279 14 0.09
1284 9 0.83
1286 9 0.08
1288 0 0.24
1290 10 0.81
1292 29 0.31
1294 17 0.99
1295 20 0.28
1297 11 0.18
1311 22 0.29
1314 18 0.24
1318 28 0.91
1319 29 0.53
1324 23 0.49
1326 2 0.29
1329 0 0.75
1330 24 0.21
1340 17 0.17
1345 3 0.6
1349 1 0.92
1355 18 0.66
1360 10 0.06
1361 19 0.95
1363 16 0.28
1365 23 0.4
1370 8 0.78
1372 5 0.62
1373 20 0.69
1374 27 0.93
1376 11 0.59
1377 21 0.63
1379 2 0.58
1383 20 0.09
1384 10 1.0
1390 18 0.15
1398 5 0.24
1402 2 0.59
1407 6 0.84
1414 26 0.35
1416 9 0.9
1418 25 0.16
1420 6 0.52
1424 24 0.01
1427 25 0.09
1431 8 0.25
1432 25 0.93
1436 29 0.99
1440 8 0.25
1442 26 0.21
1449 10 0.66
1450 8 0.68
1453 2 0.39
1455 16 0.97
1457 7 0.46
1466 18 0.75
1474 17 0.33
1475 23 0.1
1477 11 0.05
1480 4 0.91
1482 2 0.59
1484 13 0.19
1486 29 0.54
1487 13 0.43
1492 0 0.31
1495 1 0.36
1496 21 0.44
1497 13 0.98
1501 19 0.71
1502 13 0.18
1516 6 0.81
1517 14 0.83
1521 5 0.53
1523 17 0.28
1526 6 0.2
1538 7 0.8
1541 24 0.08
1547 18 0.25
1550 14 0.84
1554 17 0.35
1555 9 0.68
1559 0 0.92
1566 9 0.2
1567 20 0.54
1570 28 0.12
1571 9 0.78
1572 25 0.45
1574 23 0.31
1581 10 0.69
1582 12 0.33
1586 9 0.21
1588 16 0.76
1594 21 0.7
1598 24 0.12
1601 10 0.58
1602 8 0.58
1605 17 0.06
1609 23 0.9
1610 19 0.55
1611 17 0.74
1616 5 0.69
1618 24 0.3
1623 14 0.51
1624 28 0.84
1625 13 0.17
1627 14 0.58
1631 0 0.59
1634 26 0.62
1648 22 0.16
1653 4 0.06
1657 1 0.16
1658 5 0.37
1660 9 0.75
1669 22 0.35
1672 22 0.25
1678 26 0.27
1681 24 0.62
1684 22 0.27
1692 20 0.11
1695 21 0.96
1696 13 0.93
1697 24 0.75
1706 0 0.39
1722 19 0.1
1724 21 0.03
1730 8 0.94
1732 3 0.35
1735 24 0.14
1738 25 0.29
1741 20 0.74
1750 17 0.53
1753 16 0.01
1754 1 0.26
1757 10 0.89
1763 13 0.74
1778 22 0.59
1779 1 0.98
1782 14 0.51
1784 16 0.69
1785 8 0.13
1787 23 0.88
1808 10 0.66
1809 2 0.82
1830 29 0.62
1834 26 0.09
1836 24 0.24
1846 16 0.14
1851 8 0.19
1857 10 0.91
1860 27 0.32
1862 29 0.4
1863 0 0.08
1867 13 0.21
1871 3 0.1
1875 23 0.28
1876 2 0.94
1885 23 0.11
1890 6 0.93
1906 0 0.65
1919 28 0.58
1922 18 0.54
1925 2 0.73
1928 16 0.77
1930 1 0.82
1937 22 0.59
1938 26 0.63
1940 0 0.51
1958 23 0.05
1961 11 0.39
1962 20 0.86
1970 28 0.56
1972 5 0.71
1974 6 0.06
1978 3 0.75
1979 0 0.44
1980 24 0.25
1987 10 0.72
1988 6 0.99
1989 19 0.55
1994 26 0.38
1995 3 0.82
1997 21 0.07
1998 6 0.96
1999 17 0.51
2002 25 0.25
2004 14 0.38
2005 20 0.67
2010 5 0.32
2011 10 0.01
2012 3 0.01
2013 17 0.54
2014 20 0.22
2017 14 0.22
2018 18 0.38
2029 13 0.4
2030 11 0.25
2033 10 0.4
2035 27 0.71
2039 14 0.16
2042 25 0.14
2058 13 0.25
2062 22 0.31
2066 18 0.04
2073 7 0.86
2074 11 0.3
2075 29 0.52
2079 5 0.3
2088 10 0.64
2089 9 0.85
2092 2 0.6
2099 29 0.66
2102 11 0.54
2103 10 0.77
2108 16 0.54
2114 22 0.72
2123 9 0.03
2133 23 0.24
2146 26 0.05
2147 15 0.92
2151 4 0.07
2153 5 0.7
2155 27 0.01
2158 16 0.71
2173 14 0.17
2190 11 0.39
2198 10 0.84
2205 23 0.98
2207 10 0.92
2210 1 0.27
2228 5 0.28
2236 0 0.87
2242 4 0.97
2253 7 0.36
2255 3 0.38
2266 14 0.22
2267 8 0.02
2277 15 0.53
2284 7 0.14
2287 12 0.55
2291 10 0.38
2295 8 0.04
2296 14 0.51
2304 18 0.43
2309 7 0.9
2320 6 0.47
2321 9 0.23
2322 7 0.22
2336 11 0.1
2337 2 0.55
2339 15 0.84
2343 0 0.02
2344 9 0.79
2359 28 0.25
2364 2 0.21
2370 2 0.34
2378 29 0.55
2383 20 0.82
2384 14 0.17
2385 6 0.48
2388 17 0.25
2389 22 0.84
2392 26 0.24
2418 12 0.25
2424 6 0.85
2433 13 0.92
2437 13 0.2
2441 26 0.47
2444 17 0.22
2464 9 0.5
2465 4 0.78
2470 21 0.86
2472 24 0.28
2473 2 0.92
2474 27 0.05
2478 21 0.91
2482 27 0.68
2484 17 0.45
2485 9 0.84
2486 11 0.09
2487 26 0.84
2490 13 0.65
2491 28 0.17
2492 0 0.62
2493 19 0.06
2494 20 0.47
2498 23 0.38
2500 27 0.3
2511 4 0.25
2512 12 0.55
2517 24 0.1
2518 6 0.28
2520 15 0.24
2521 4 0.22
2526 28 0.96
2535 18 0.96
2536 1 0.54
2551 3 0.86
2552 20 0.56
2554 6 0.97
2559 1 0.28
2564 13 0.4
2569 20 0.15
2570 14 0.7
2572 29 0.12
2573 1 0.65
2576 24 0.7
2580 22 0.88
2595 25 0.64
2596 18 0.09
2600 28 0.8
2604 15 0.09
2609 26 0.96
2612 20 0.43
2614 6 0.0
2618 27 0.5
2619 18 0.11
2622 1 0.62
2623 24 0.73
2627 12 0.11
2631 2 0.72
2633 28 0.7
2635 11 0.83
2636 5 0.01
2644 23 0.09
2654 28 0.31
2660 27 0.64
2662 17 0.97
2664 4 0.47
2666 19 0.34
2679 15 0.94
2680 23 0.12
2682 14 0.46
2683 10 0.71
2684 12 0.61
2690 1 0.19
2691 15 0.21
2693 4 0.62
2695 11 0.84
2696 25 0.38
2698 22 0.81
2699 15 0.51
2705 22 0.63
2710 27 0.53
2713 14 0.12
2715 13 0.88
2717 18 0.19
2720 27 0.99
2724 8 0.17
2731 20 0.79
2737 7 0.29
2740 12 0.76
2744 26 0.86
2748 27 0.81
2749 9 0.32
2750 13 0.36
2759 22 0.72
2762 3 0.63
2763 5 0.24
2766 3 0.77
2767 23 0.94
2772 27 0.4
2774 29 0.58
2775 24 0.51
2776 17 0.91
2783 8 0.61
2785 25 0.2
2787 1 0.94
2788 9 0.72
2790 13 0.06
2792 26 0.8
2795 23 0.92
2800 13 0.14
2804 1 0.66
2808 29 0.12
2814 4 0.87
2816 14 0.71
2817 26 0.25
2818 1 0.77
2822 2 0.51
2824 17 0.96
2826 6 0.67
2830 0 0.34
2833 23 0.25
2834 20 0.73
2836 29 0.76
2842 15 0.39
2843 24 0.7
2844 20 0.23
2850 24 0.71
2855 22 0.08
2870 21 0.56
2872 20 0.9
2873 22 0.84
2875 20 0.91
2876 4 0.31
2877 26 0.09
2881 16 0.71
2886 18 0.19
2889 10 0.26
2902 21 0.41
2903 2 0.54
2904 2 0.8
2905 29 0.24
2915 23 0.34
2916 7 0.85
2922 20 0.94
2924 3 0.8
2927 4 0.37
2934 19 0.74
2936 5 0.87
2942 28 0.7
2944 20 0.04
2946 3 0.99
2947 5 0.23
2952 1 0.51
2953 3 0.36
2956 21 0.06
2957 26 0.69
2960 3 0.12
2965 21 0.3
2967 1 0.11
2972 24 0.03
2973 22 0.51
2975 23 0.77
2977 5 0.86
2982 20 0.53
2983 8 0.61
2984 8 0.75
2986 16 0.72
2987 10 0.96
2990 13 0.48
3000 7 0.47
3002 6 0.97
3005 6 0.9
3006 11 0.69
3018 26 0.97
3019 2 0.06
3022 11 0.31
3030 21 0.49
3032 6 0.23
3034 12 0.9
3048 25 0.21
3052 5 0.43
3054 25 0.32
3055 8 0.7
3058 23 0.94
3060 9 0.34
3061 11 0.9
3063 1 0.71
3064 8 0.2
3079 8 0.93
3081 8 0.71
3084 27 0.99
3087 9 0.02
3089 28 0.26
3090 0 0.76
3091 18 0.84
3106 27 0.22
3109 13 0.37
3112 14 0.33
3113 18 0.66
3117 29 0.08
3118 20 0.96
3120 17 0.63
3122 23 0.98
3123 6 0.42
3128 4 0.06
3130 8 0.89
3132 13 0.56
3134 13 0.16
3136 21 0.65
3137 26 0.28
3141 4 0.8
3143 28 0.76
3144 16 0.31
3145 22 0.68
3150 8 0.13
3159 6 0.85
3161 0 0.63
3162 25 0.93
3163 2 0.5
3165 26 0.64
3167 13 0.22
3168 26 0.46
3169 17 0.62
3170 1 0.82
3171 19 0.96
3174 28 0.93
3175 26 0.93
3178 29 0.64
3181 22 0.97
3182 27 0.01
3190 15 0.18
3194 9 0.97
3204 10 0.49
3206 18 0.44
3207 23 0.65
3227 29 0.47
3228 24 0.76
3230 1 0.56
3231 11 0.96
3248 11 0.4
3255 22 0.55
3256 13 0.21
3268 18 0.62
3272 29 0.88
3273 13 0.12
3275 8 0.69
3277 1 0.11
3281 0 0.43
3285 29 0.5
3286 20 0.5
3297 20 0.08
3303 28 0.96
3306 19 0.39
3312 1 0.74
3314 20 0.49
3323 23 0.78
3330 26 0.98
3332 3 0.69
3333 17 0.78
3335 8 0.99
3344 26 0.83
3350 11 0.18
3352 10 0.55
3353 0 0.59
3355 19 0.11
3364 11 0.95
3372 9 0.73
3373 12 0.64
3375 11 0.15
3377 16 0.79
3381 21 0.28
3383 19 0.23
3385 14 0.4
3386 12 0.62
3393 15 0.13
3395 3 0.82
3396 10 0.74
3399 20 0.84
3402 12 0.09
3403 19 0.24
3408 0 0.24
3411 27 0.4
3414 20 0.81
3417 17 0.82
3420 11 0.51
3434 12 0.82
3435 15 0.44
3437 18 0.12
3450 16 0.13
3452 23 0.9
3459 18 0.01
3463 9 0.92
3464 3 0.44
3465 1 0.8
3466 5 0.16
3474 29 0.97
3479 25 0.05
3480 29 0.61
3481 19 0.37
3482 19 0.43
3487 9 0.89
3488 2 0.52
3489 3 0.23
3490 22 0.22
3491 25 0.77
3494 13 0.95
3507 29 0.83
3508 11 0.2
3511 9 0.17
3514 27 0.51
3516 22 0.26
3518 15 0.84
3523 10 0.4
3526 19 0.66
3527 13 0.99
3529 22 0.08
3532 3 0.58
3533 0 0.82
3535 13 0.02
3550 1 0.09
3554 19 0.47
3559 7 0.49
3562 22 0.69
3565 9 0.52
3569 21 0.96
3571 5 0.11
3579 19 0.4
3589 9 0.96
3595 21 0.31
3598 29 0.29
3600 25 0.24
3602 6 0.55
3607 0 0.67
3618 26 0.5
3619 16 0.84
3620 11 0.88
3627 21 0.32
3632 18 0.49
3636 15 0.02
3639 15 0.73
3642 1 0.4
3644 4 0.18
3653 14 0.65
3664 22 0.96
3671 19 0.99
3672 15 0.77
3675 13 0.85
3679 9 0.14
3681 0 0.22
3682 23 0.33
3692 16 0.53
3694 16 0.25
3699 25 0.21
3702 22 0.38
3703 23 0.34
3709 12 0.73
3714 25 0.04
3715 27 0.14
3717 19 0.2
3723 23 0.21
3724 24 0.94
3725 13 0.95
3734 9 0.64
3744 29 0.05
3745 25 0.94
3748 6 0.54
3750 12 0.47
3757 9 0.06
3758 7 0.96
3762 5 0.07
3765 28 0.48
3766 12 0.17
3767 19 0.72
3779 23 0.29
3782 15 0.82
3783 25 0.15
3792 11 0.0
3794 27 0.76
3795 10 0.17
3796 21 0.2
3800 27 0.26
3804 21 0.87
3809 13 0.45
3811 26 0.91
3812 29 0.53
3814 3 0.1
3817 25 0.47
3819 25 0.95
3820 21 0.42
3828 24 0.19
3832 11 0.86
3833 6 0.84
3838 7 0.92
3840 7 0.65
3843 21 0.1
3844 10 0.61
3846 13 0.42
3861 5 0.02
3864 20 0.79
3867 10 0.32
3870 6 0.8
3873 26 0.48
3880 0 0.67
3881 6 0.08
3883 23 0.71
3886 28 0.22
3892 0 0.13
3894 4 0.26
3895 9 0.5
3900 16 0.72
3901 19 0.81
3909 0 0.63
3911 16 0.28
3917 11 0.33
3921 12 0.5
3927 16 0.22
3931 7 0.52
3934 14 0.73
3944 7 0.1
3949 5 0.08
3952 0 0.33
3953 11 0.82
3972 6 0.08
3988 2 0.85
3991 14 0.71
3992 22 0.36
4000 0 0.9
4001 0 0.23
4003 16 0.43
4009 17 0.89
4011 22 0.48
4012 20 0.48
4014 8 0.13
4018 21 0.01
4019 21 0.13
4020 22 0.71
4022 18 0.61
4023 12 0.81
4027 16 0.58
4030 4 0.83
4034 3 0.84
4036 2 0.05
4037 8 0.57
4038 0 0.24
4039 7 0.75
4043 15 0.43
4045 13 0.56
4050 27 0.11
4056 12 0.85
4059 10 0.23
4062 28 0.6
4077 3 0.32
4078 12 0.73
4079 0 0.24
4080 26 0.57
4090 14 0.13
4096 1 0.45
4098 1 0.12
4106 27 0.42
4112 14 0.5
4113 8 0.98
4121 27 0.8
4122 15 0.38
4123 18 0.88
4128 18 0.59
4129 29 0.16
4130 4 0.49
4131 12 0.22
4133 27 0.68
4137 14 0.66
4145 14 0.11
4146 14 0.92
4148 0 0.88
4150 7 0.45
4151 28 0.6
4161 13 0.65
4162 6 0.1
4168 9 0.13
4169 15 0.14
4171 9 0.99
4172 9 0.92
4177 24 0.05
4179 20 0.43
4186 26 0.25
4187 6 0.82
4191 1 0.79
4194 21 0.56
4216 11 0.57
4218 10 0.7
4220 22 0.1
4223 2 0.84
4228 3 0.21
4232 18 0.25
4236 4 0.4
4243 8 0.44
4257 3 0.06
4260 17 0.62
4262 3 0.93
4265 3 0.97
4267 15 0.25
4277 3 0.03
4283 19 0.34
4291 0 0.62
4293 20 0.73
4299 0 0.94
4300 9 0.22
4301 27 0.32
4303 21 0.23
4311 1 0.09
4312 25 0.99
4314 21 0.03
4320 2 0.47
4323 17 1.0
4324 17 0.39
4330 0 0.53
4332 6 0.4
4337 1 0.85
4347 24 0.06
4356 7 0.26
4363 26 0.83
4364 0 0.79
4371 23 0.14
4372 18 0.69
4377 10 0.1
4380 23 0.72
4385 12 0.85
4388 24 0.4
4389 17 0.55
4391 29 0.81
4393 18 0.44
4394 12 0.09
4401 28 0.06
4403 17 0.51
4410 2 0.81
4414 6 0.08
4421 6 0.17
4425 18 0.02
4426 12 0.55
4427 7 0.11
4435 5 0.41
4445 23 0.71
4449 7 0.88
4450 26 0.49
4452 27 0.13
4462 20 0.18
4467 10 0.11
4468 1 0.17
4469 0 0.32
4472 16 0.89
4479 1 0.77
4484 10 0.8
4494 8 0.57
4500 5 0.67
4504 5 0.49
4505 19 0.5
4506 10 0.68
4509 29 0.35
4511 8 1.0
4514 14 0.39
4516 13 0.42
4517 29 0.94
4522 0 0.34
4527 12 0.22
4531 16 0.14
4532 15 0.98
4554 20 0.46
4561 10 0.37
4566 22 0.63
4567 8 0.85
4568 15 0.09
4572 3 0.21
4575 14 0.37
4576 20 0.37
4578 3 0.94
4579 24 0.46
4593 4 0.85
4596 23 0.11
4600 10 0.65
4603 5 0.58
4606 27 0.62
4617 12 0.43
4625 19 0.82
4627 17 0.79
4632 25 0.79
4642 23 0.57
4643 8 0.82
4646 0 0.49
4649 10 0.63
4651 6 0.42
4654 20 0.78
4657 25 0.33
4658 8 0.41
4660 24 0.44
4662 1 0.6
4672 23 0.04
4676 10 0.32
4677 9 0.88
4678 9 0.54
4680 2 0.56
4684 27 0.88
4687 16 0.7
4689 28 0.0
4690 23 0.51
4692 6 0.06
4696 17 0.26
4698 11 0.05
4706 20 0.87
4711 8 0.14
4713 1 0.77
4717 19 0.27
4720 19 0.35
4723 21 0.81
4725 3 0.57
4732 22 0.32
4733 6 0.3
4734 3 0.19
4735 11 0.03
4746 25 0.41
4754 2 0.4
4755 13 0.41
4757 3 0.9
4762 10 0.82
4766 9 0.1
4767 18 0.4
4771 27 0.1
4774 24 0.56
4786 26 0.02
4787 23 0.53
4790 14 0.97
4799 9 0.23
4800 3 0.8
4802 1 0.0
4805 29 0.2
4810 28 0.65
4811 3 0.08
4813 17 0.08
4814 9 0.02
4816 25 0.33
4820 21 0.25
4828 25 0.51
4830 24 0.24
4832 19 0.45
4841 19 0.82
4847 24 0.62
4848 5 0.34
4854 15 0.84
4863 28 0.37
4866 17 0.68
4868 3 0.4
4869 25 0.95
4870 12 0.77
4884 16 0.26
4885 25 0.48
4888 7 0.75
4894 1 0.42
4899 24 0.58
4907 20 0.75
4908 12 0.67
4910 8 0.68
4913 11 0.77
4914 3 0.56
4922 20 0.31
4929 17 0.64
4936 22 0.44
4938 22 0.97
4939 28 0.28
4940 19 0.33
4943 21 0.99
4944 23 0.95
4950 9 0.9
4951 21 0.58
4952 8 0.61
4958 20 0.43
4961 9 0.28
4963 28 0.61
4966 14 0.1
4967 12 0.06
4968 5 0.35
4974 23 0.8
4977 10 0.46
4980 29 0.17
4985 9 0.92
4986 11 0.97
4995 27 0.66
4996 14 0.66
4997 19 0.48
