9 13 0.43
21 3 0.61
28 11 0.86
34 12 0.48
60 6 0.36
66 16 0.57
80 14 0.25
93 23 0.1
106 27 0.48
108 1 0.72
114 27 0.41
116 25 0.56
130 1 0.66
134 3 0.02
136 10 0.75
140 19 0.5
165 21 0.82
180 28 0.68
191 13 0.12
223 28 0.97
236 17 0.65
245 21 0.95
270 6 0.12
284 13 0.8
292 23 0.24
298 4 0.63
300 18 0.29
303 15 0.03
310 2 0.28
314 12 0.49
324 0 0.03
329 25 0.54
332 2 0.19
334 3 0.33
342 18 0.06
343 19 0.71
356 15 0.2
358 26 0.51
367 7 0.33
392 28 0.45
395 3 0.85
398 6 0.26
415 17 0.68
419 10 0.77
420 0 0.42
424 29 0.32
451 6 0.44
471 25 0.68
472 6 0.85
473 27 0.04
475 14 0.27
493 9 0.7
501 21 0.75
504 1 0.92
505 0 0.72
507 1 0.62
521 15 0.86
528 29 0.69
530 16 0.82
540 2 0.81
575 25 0.34
615 20 0.78
630 26 0.3
632 0 0.73
638 14 0.9
639 5 0.69
649 21 0.69
657 27 0.28
677 0 0.05
680 8 0.53
699 7 0.24
710 4 0.44
711 21 0.66
720 9 0.5
721 14 0.37
729 12 0.6
740 28 0.9
742 28 0.56
750 14 0.64
763 9 0.23
770 9 0.53
790 12 0.05
811 5 0.72
812 6 0.85
813 25 0.3
821 5 0.65
823 21 0.24
825 28 0.22
828 18 0.02
853 13 0.93
854 7 0.98
865 18 0.41
873 15 0.64
875 10 0.02
884 10 0.89
903 22 0.12
920 18 0.7
926 17 0.28
935 29 0.31
940 8 0.3
948 15 0.76
949 8 0.59
958 27 0.18
962 26 0.28
980 12 0.68
988 23 0.07
1004 22 0.82
1017 18 0.39
1026 23 0.98
1027 24 0.64
1029 18 0.6
1032 5 0.23
1037 16 0.84
1043 24 0.11
1046 14 0.87
1048 2 0.4
1074 9 0.61
1082 29 0.5
1083 20 0.31
1094 8 0.66
1096 25 0.71
1117 14 0.08
1141 24 0.72
1142 21 0.25
1158 6 0.29
1166 22 0.39
1169 26 0.11
1172 28 0.03
1176 19 0.2
1180 12 0.25
1188 19 0.29
1198 14 0.63
1205 11 0.2
1217 7 0.36
1223 6 0.49
1241 7 0.43
1247 11 0.03
1263 14 0.2
1281 27 0.48
1306 29 0.93
1319 17 0.71
1324 22 0.9
1326 7 0.49
1327 25 0.02
1335 13 0.45
1336 10 0.09
1337 11 0.91
1338 15 0.68
1341 11 0.29
1364 10 0.27
1389 8 0.58
1397 26 0.65
1398 10 0.93
1411 19 0.63
1412 12 0.69
1445 21 0.17
1455 3 0.75
1457 18 0.54
1462 26 0.11
1470 28 0.37
1473 22 0.5
1485 20 0.23
1491 11 0.56
1497 10 0.45
1528 25 0.32
1531 10 0.78
1534 18 0.86
1548 20 0.89
1560 9 0.71
1567 2 0.75
1570 1 0.22
1571 21 0.14
1585 5 0.47
1604 3 0.79
1620 9 0.21
1629 20 0.59
1631 23 0.24
1644 27 0.97
1674 1 0.68
1678 1 0.7
1683 19 0.18
1703 0 0.16
1706 17 0.85
1722 21 0.72
1734 8 0.5
1740 28 0.46
1741 5 0.81
1752 20 0.79
1758 14 0.93
1760 29 0.35
1772 0 0.34
1782 16 0.41
1793 4 0.53
1801 24 0.83
1828 11 0.34
1840 15 0.06
1847 29 0.18
1851 2 0.39
1864 18 0.85
1865 6 0.71
1871 24 0.2
1883 23 0.8
1889 11 0.83
1897 4 0.88
1906 19 0.47
1909 12 0.27
1910 1 0.12
1919 12 0.05
1926 11 0.95
1949 23 0.98
1958 9 0.58
1964 28 0.61
1969 18 0.75
1983 14 0.23
2016 15 0.47
2039 14 0.46
2048 5 0.1
2049 6 0.76
2051 28 0.88
2056 25 0.56
2066 14 0.04
2072 13 0.88
2077 3 0.83
2078 19 0.57
2100 29 0.2
2112 11 0.57
2120 7 0.31
2123 0 0.5
2124 16 0.53
2142 3 0.33
2146 24 0.83
2159 19 0.33
2166 20 0.46
2172 5 0.32
2192 4 0.75
2202 27 0.03
2204 10 0.41
2205 25 0.75
2209 3 0.68
2222 8 0.02
2237 26 0.56
2241 10 0.94
2257 0 0.43
2286 23 0.37
2290 20 0.63
2313 9 0.24
2315 28 0.97
2327 21 0.83
2335 3 0.23
2339 16 0.17
2347 5 0.21
2367 23 0.59
2371 19 0.48
2378 2 0.64
2386 3 1.0
2439 27 0.2
2454 14 0.47
2462 19 0.5
2464 20 0.56
2473 25 0.26
2503 28 0.73
2507 20 0.96
2514 17 0.18
2526 12 0.88
2531 6 0.85
2532 26 0.7
2535 14 0.12
2571 4 0.32
2578 20 0.76
2587 0 0.83
2599 12 0.24
2613 7 0.92
2622 19 0.71
2632 14 0.33
2641 20 0.7
2666 20 0.68
2686 13 0.4
2692 4 0.34
2699 10 0.72
2710 17 0.38
2716 20 0.23
2717 9 0.98
2726 7 0.59
2731 3 0.98
2750 22 0.02
2751 22 0.03
2752 5 0.03
2777 28 0.24
2797 23 0.32
2800 0 0.81
2814 24 0.15
2816 25 0.03
2817 29 0.11
2836 1 0.77
2843 24 0.89
2849 21 0.55
2859 9 0.38
2868 1 0.2
2873 29 0.78
2888 13 0.99
2907 14 0.68
2908 2 0.61
2911 3 0.1
2922 10 0.71
2931 25 0.08
2935 24 0.61
2936 26 0.04
2938 1 0.29
2944 28 0.36
2947 19 0.2
2948 21 0.03
2964 28 0.83
2988 26 0.16
2992 0 0.99
3014 19 0.99
3023 1 0.29
3030 14 0.36
3035 28 0.45
3037 6 0.23
3038 29 0.19
3040 27 0.73
3052 15 0.08
3055 9 0.45
3070 3 0.04
3087 11 0.12
3089 24 0.53
3099 11 0.68
3100 17 0.7
3109 7 0.25
3112 6 0.41
3114 22 0.62
3119 18 0.82
3126 7 0.7
3152 29 0.72
3157 18 0.17
3164 2 0.84
3174 12 0.6
3175 1 0.79
3179 13 0.3
3209 27 0.06
3214 6 0.81
3229 6 0.12
3278 5 0.63
3282 4 0.93
3294 8 0.01
3299 18 0.57
3301 26 0.19
3309 22 0.01
3334 13 0.83
3351 3 0.74
3353 22 0.22
3389 29 0.52
3404 21 0.26
3406 0 0.57
3412 11 0.71
3415 29 0.72
3425 13 0.63
3435 19 0.14
3445 22 0.3
3447 0 0.72
3456 18 0.9
3460 1 0.88
3481 29 0.16
3486 20 0.57
3496 28 0.02
3501 28 0.16
3513 16 0.16
3538 4 0.06
3553 2 0.11
3556 8 0.65
3559 21 0.79
3570 9 0.25
3577 22 0.4
3584 26 0.85
3585 18 0.58
3593 11 0.1
3598 9 0.04
3633 3 0.93
3642 25 0.79
3649 2 0.19
3659 2 0.85
3662 0 0.14
3672 23 0.64
3677 20 0.59
3680 0 0.59
3700 13 0.22
3703 23 0.79
3716 25 0.14
3721 5 0.4
3737 9 0.52
3739 27 0.62
3774 2 0.62
3776 4 0.98
3781 6 0.57
3786 8 0.17
3790 6 0.16
3800 3 0.16
3824 1 0.95
3837 17 0.59
3855 3 0.09
3874 27 0.9
3883 2 0.2
3899 19 0.18
3900 19 0.13
3916 13 0.36
3945 3 0.96
3967 17 0.71
3969 2 0.77
3982 0 0.11
3989 25 0.92
4025 19 0.99
4028 12 0.37
4029 12 0.18
4043 25 0.37
4044 9 0.73
4065 26 0.63
4114 15 0.6
4116 10 0.76
4135 24 0.37
4150 0 0.81
4176 1 0.66
4181 16 0.75
4194 2 0.89
4196 8 0.27
4208 4 0.14
4227 15 0.54
4244 19 0.56
4246 14 0.69
4253 22 0.43
4255 15 0.06
4266 8 0.38
4270 3 0.55
4283 25 0.63
4284 21 0.92
4288 23 0.03
4318 14 0.88
4346 2 0.73
4348 9 0.2
4363 14 0.93
4368 23 0.1
4373 25 0.92
4413 9 0.3
4425 3 0.88
4427 17 0.62
4433 28 0.59
4458 4 0.72
4481 0 0.13
4493 20 0.34
4504 3 0.84
4510 29 0.99
4537 11 0.02
4550 1 0.66
4560 0 0.86
4565 6 0.97
4567 11 0.04
4569 21 0.72
4614 6 0.36
4635 14 0.75
4640 25 0.75
4656 8 0.87
4663 14 0.16
4666 19 0.64
4677 15 0.09
4681 9 0.12
4682 21 0.34
4686 7 0.26
4691 4 0.72
4701 10 0.81
4720 3 0.17
4730 18 0.39
4736 6 0.6
4739 22 0.43
4740 12 0.05
4741 29 0.05
4761 4 0.9
4789 3 0.32
4794 21 0.01
4805 20 0.32
4806 19 0.79
4807 15 0.7
4827 4 0.43
4832 12 0.46
4837 18 0.67
4842 13 0.06
4850 17 0.12
4854 22 0.31
4855 20 0.05
4856 3 0.59
4865 2 0.22
4866 16 0.76
4871 10 0.78
4874 26 0.86
4875 23 0.02
4882 25 0.7
4885 20 0.78
4886 19 0.03
4888 18 0.22
4896 2 0.52
4898 5 0.12
4901 18 0.36
4916 27 0.58
4919 1 0.99
4935 11 0.02
4938 11 0.64
4940 5 0.07
4966 12 0.56
4968 15 0.72
4984 14 0.77
4995 15 0.29
