88 0 0.95
14 9 0.09
77 7 0.39
85 8 0.08
53 1 0.22
55 1 0.69
39 4 0.92
53 6 0.01
3 2 0.06
80 9 0.81
64 8 0.09
32 2 0.78
31 8 0.38
83 7 0.24
68 1 0.12
75 7 0.38
83 7 0.12
2 6 0.94
17 3 0.22
52 7 0.47
86 0 0.29
6 9 0.03
32 0 0.16
95 2 0.29
97 6 0.08
19 9 0.01
28 9 0.62
62 6 0.44
42 6 0.73
36 9 0.34
81 7 0.03
7 4 0.76
53 1 0.84
23 2 0.78
11 5 0.85
36 6 0.2
62 0 0.87
15 9 0.69
0 0 0.82
54 1 0.42
47 0 0.42
90 6 0.18
16 1 0.62
1 1 0.2
83 4 0.69
64 2 0.87
51 3 0.2
50 5 0.21
50 8 0.62
21 4 0.88
70 5 0.55
18 9 0.54
97 3 0.72
41 8 0.49
70 2 0.43
