0 21 0.98
1 1 0.46
2 29 0.66
3 18 0.69
4 14 0.88
5 21 0.13
6 13 1.0
7 4 0.5
8 21 0.75
9 3 0.0
10 12 0.37
11 4 0.83
12 17 0.83
13 26 0.4
14 12 0.64
15 9 0.92
16 14 0.12
17 5 0.8
18 18 0.87
19 18 0.55
20 1 0.4
21 28 0.32
22 10 0.03
23 0 0.21
24 13 0.41
25 3 0.83
26 0 0.27
27 25 0.9
29 5 0.27
30 20 0.11
31 14 0.85
32 3 0.21
33 18 0.5
34 0 0.39
35 13 0.37
36 28 0.36
37 22 0.72
39 21 0.94
40 11 0.51
41 9 0.37
42 12 0.45
43 8 0.47
44 21 0.86
45 4 0.1
46 17 0.95
47 24 0.22
48 24 0.0
49 9 0.33
50 14 0.85
51 29 0.23
52 13 0.43
53 20 0.1
54 2 0.63
55 2 0.54
56 11 0.69
57 2 0.68
58 2 0.81
59 23 0.82
60 8 0.25
61 28 0.01
62 17 0.49
63 11 0.3
64 11 0.16
65 25 0.72
66 26 0.5
67 26 0.92
68 12 0.44
69 19 0.49
70 9 0.05
71 0 0.9
72 5 0.14
73 27 0.5
74 19 0.17
75 17 0.45
76 6 0.59
77 10 0.99
78 23 0.57
79 13 0.51
80 21 0.37
81 0 0.55
82 13 0.36
83 1 0.54
84 3 0.22
85 6 0.05
86 10 0.73
87 10 0.14
88 13 0.33
89 4 0.17
90 14 0.82
91 12 0.79
92 18 0.69
93 13 0.31
94 9 0.25
95 22 0.8
96 20 0.87
97 5 0.69
98 22 0.86
99 29 0.53
