12 15 0.77
68 14 0.87
69 20 0.18
88 8 0.36
126 18 0.51
144 24 0.29
146 20 0.35
200 11 0.41
209 17 0.82
217 16 0.83
236 1 0.6
262 10 0.64
288 18 0.9
300 17 0.85
310 17 0.19
330 5 0.13
373 6 0.31
377 11 0.29
387 2 0.76
399 7 0.82
427 19 0.39
462 29 0.7
470 10 0.82
488 24 0.73
503 9 0.51
574 29 0.27
624 18 0.53
680 10 0.33
690 8 0.9
692 17 0.5
706 8 0.08
709 12 0.79
724 27 0.25
738 25 0.67
751 20 1.0
802 25 0.75
837 6 0.48
852 22 0.89
853 12 0.91
884 24 0.33
890 27 0.76
921 3 0.95
932 21 0.76
997 17 0.06
1006 8 0.33
1023 29 0.9
1063 26 0.15
1078 13 0.01
1082 23 0.08
1097 5 0.53
1119 24 0.34
1142 11 0.21
1194 1 0.49
1197 13 0.17
1231 8 0.26
1315 24 0.14
1333 1 0.74
1347 8 0.07
1366 6 0.31
1397 15 0.53
1398 22 0.65
1399 18 0.88
1408 10 0.17
1432 2 0.52
1435 24 0.4
1437 0 0.58
1438 17 0.13
1443 23 0.86
1473 7 0.82
1478 10 0.39
1491 25 0.49
1530 26 0.72
1531 28 0.41
1532 29 0.67
1534 6 0.93
1589 3 0.49
1601 21 0.15
1629 23 0.67
1658 25 0.43
1678 26 0.49
1693 23 0.15
1733 18 0.23
1737 9 0.94
1772 20 0.87
1789 7 0.18
1800 18 0.82
1816 19 0.44
1838 19 0.28
1859 20 0.06
1867 21 0.06
1871 23 0.2
1888 20 0.37
1937 29 0.3
1938 5 0.05
1946 20 0.11
1951 23 0.64
1977 6 0.67
2010 0 0.47
2022 27 0.76
2023 20 0.22
2024 24 0.2
2034 9 0.56
2055 28 0.28
2084 21 0.42
2098 25 0.84
2106 4 0.54
2132 28 0.14
2156 25 0.16
2160 12 0.16
2169 17 0.43
2223 8 0.61
2225 4 0.65
2253 21 0.81
2266 21 0.3
2268 24 0.9
2285 7 0.05
2295 18 0.01
2336 17 0.07
2350 12 0.26
2383 2 0.66
2391 10 0.01
2402 22 0.1
2404 3 0.53
2419 9 0.39
2425 20 0.5
2430 28 0.16
2448 13 0.4
2465 13 0.5
2497 26 0.3
2499 21 0.56
2517 29 0.31
2552 7 0.62
2633 9 0.21
2646 17 0.5
2651 17 0.27
2662 5 0.56
2671 8 0.24
2705 17 0.41
2720 12 0.63
2817 23 0.22
2836 16 0.22
2852 15 0.71
2887 21 0.78
2900 20 0.39
2926 16 0.54
2947 11 0.22
3033 9 0.6
3045 0 0.75
3051 24 0.43
3065 13 0.14
3069 27 0.26
3096 16 0.12
3121 6 0.84
3166 25 0.83
3178 17 0.52
3186 27 0.51
3194 14 0.47
3200 26 0.21
3211 1 0.7
3264 8 0.53
3317 1 0.25
3318 1 0.91
3319 2 0.16
3349 0 0.56
3395 24 0.9
3422 14 0.45
3450 13 0.04
3456 17 0.55
3461 0 0.84
3520 12 0.44
3523 18 0.53
3531 26 0.21
3537 6 0.62
3546 9 0.37
3557 7 0.26
3565 9 0.22
3599 20 0.62
3613 20 0.57
3619 4 0.41
3649 8 0.91
3686 8 0.17
3690 29 0.47
3700 9 0.79
3707 28 0.3
3743 19 0.43
3755 18 0.21
3765 9 0.29
3767 8 0.08
3770 7 0.92
3773 29 0.11
3796 23 0.31
3802 3 0.2
3813 22 0.64
3831 16 0.38
3833 23 0.19
3866 20 0.4
3871 17 0.7
3899 8 0.26
3903 10 0.95
3931 5 0.55
3948 0 0.38
3965 12 0.35
4000 19 0.82
4005 28 0.75
4017 22 0.07
4072 17 0.41
4073 1 0.14
4093 2 0.02
4106 18 0.84
4107 2 0.92
4144 22 0.47
4147 15 0.88
4151 12 0.68
4182 5 0.3
4192 24 0.45
4199 4 0.31
4228 19 0.07
4264 26 0.21
4284 18 0.54
4310 26 0.23
4321 24 0.22
4325 24 0.36
4330 4 0.52
4332 29 0.64
4343 10 0.74
4360 25 0.27
4365 2 0.01
4369 23 0.16
4375 12 0.25
4445 12 0.15
4452 29 0.65
4461 7 0.67
4480 17 0.58
4485 11 0.39
4495 24 0.25
4507 18 0.06
4516 6 0.34
4532 22 0.68
4557 19 0.71
4598 0 0.11
4600 27 0.52
4613 12 0.69
4634 5 0.39
4637 20 0.7
4661 29 0.44
4679 29 0.81
4697 22 0.64
4712 9 0.16
4733 16 0.0
4740 17 0.11
4749 22 0.38
4803 24 0.65
4820 25 0.82
4858 24 0.34
4904 13 0.1
4911 23 0.12
4932 17 0.36
4940 1 0.41
4965 21 0.22
5041 24 0.26
5061 0 0.23
5072 22 0.67
5084 3 0.65
5091 9 0.84
5099 20 0.4
5101 5 0.07
5135 19 0.78
5153 8 0.67
5168 6 0.05
5169 12 0.0
5180 16 0.77
5196 26 0.87
5224 9 0.5
5225 9 0.16
5240 3 0.47
5249 1 0.65
5250 6 0.0
5251 5 0.86
5255 14 0.39
5291 5 0.66
5292 12 0.11
5307 15 0.18
5313 12 0.75
5321 23 0.07
5322 20 0.95
5324 22 0.97
5337 0 0.21
5397 28 0.39
5404 23 0.67
5405 19 0.84
5430 10 0.23
5477 2 0.07
5484 22 0.75
5497 19 0.5
5505 22 0.48
5506 27 0.3
5510 27 0.14
5525 24 0.19
5558 3 0.31
5593 13 0.3
5609 14 0.19
5613 13 0.66
5616 17 0.23
5617 15 0.79
5639 10 0.36
5651 8 0.13
5671 11 0.79
5675 25 0.8
5686 17 0.66
5695 3 0.46
5696 13 0.65
5698 6 0.83
5705 10 0.57
5718 17 0.43
5733 9 0.76
5754 23 0.25
5771 14 0.91
5787 7 0.38
5807 18 0.69
5834 11 0.25
5837 20 0.14
5842 24 0.51
5941 14 0.4
5943 9 0.32
5951 14 0.85
5956 13 0.35
5977 14 0.34
6001 18 0.55
6002 2 0.18
6010 10 0.01
6018 3 0.87
6038 11 0.33
6046 12 0.28
6096 0 0.06
6099 28 0.63
6131 28 0.58
6144 16 0.08
6172 15 0.93
6175 12 0.11
6183 6 0.28
6238 7 0.13
6267 21 0.51
6274 5 0.07
6290 3 0.15
6299 1 0.63
6301 17 0.66
6314 4 0.91
6348 18 0.05
6369 2 0.21
6390 8 0.19
6397 20 0.93
6399 1 0.02
6419 14 0.95
6434 6 0.66
6435 5 0.88
6437 22 0.88
6441 3 0.97
6451 24 0.4
6463 2 0.9
6491 10 0.69
6525 28 0.75
6547 27 0.66
6556 19 0.01
6595 13 0.04
6596 1 0.28
6597 1 0.06
6607 20 0.95
6625 2 0.29
6650 6 0.66
6655 15 0.75
6656 27 0.54
6665 12 0.89
6689 19 0.12
6693 7 0.47
6709 13 0.58
6719 25 0.85
6726 27 0.17
6745 12 0.58
6766 28 0.88
6777 20 0.83
6791 24 0.7
6799 15 0.22
6800 2 0.38
6801 29 0.16
6836 6 0.3
6846 20 0.42
6858 26 0.53
6890 7 0.86
6901 5 0.22
6902 3 0.89
6907 16 0.5
6911 27 0.94
6969 13 0.9
6970 19 0.6
6978 1 0.84
6993 16 0.07
7007 29 0.72
7026 17 0.55
7038 6 0.03
7061 19 0.85
7066 5 0.86
7077 29 0.84
7098 15 0.29
7101 25 0.52
7123 7 0.16
7126 19 0.41
7132 7 0.43
7136 28 0.2
7146 5 0.25
7154 1 0.12
7157 24 0.68
7161 28 0.37
7168 6 0.3
7173 10 0.87
7188 3 0.69
7192 2 0.94
7221 16 0.83
7231 6 0.83
7242 1 0.62
7248 20 0.37
7255 19 0.94
7284 10 0.49
7292 28 0.57
7302 11 0.7
7320 13 0.64
7341 8 0.17
7351 9 0.55
7377 12 0.3
7386 1 0.79
7401 22 0.72
7439 8 0.47
7493 0 0.07
7530 7 0.63
7542 28 0.33
7589 4 0.76
7591 15 0.43
7598 3 0.2
7602 6 0.94
7624 28 0.07
7646 10 0.24
7659 29 0.86
7664 8 0.19
7687 13 0.14
7692 11 0.05
7720 14 0.25
7741 5 0.57
7744 27 0.26
7774 25 0.57
7780 21 0.05
7785 13 0.54
7790 15 0.58
7794 6 0.36
7808 8 0.44
7812 14 0.96
7814 13 0.54
7820 3 0.86
7836 7 0.2
7837 2 0.13
7860 26 0.89
7867 4 0.22
7902 14 0.04
7949 6 0.94
7954 27 0.17
7962 14 0.86
7982 8 0.64
8016 0 0.72
8035 11 0.2
8073 10 0.63
8090 24 0.97
8111 12 0.39
8134 23 0.36
8177 8 0.46
8182 16 0.04
8206 8 0.59
8259 8 0.84
8273 13 0.38
8276 12 0.48
8292 21 0.58
8302 18 0.36
8305 12 0.45
8314 3 0.95
8327 18 0.4
8348 0 0.94
8409 16 0.7
8433 6 0.72
8473 5 0.54
8474 6 0.93
8487 24 0.49
8497 25 0.79
8505 18 0.31
8530 7 0.88
8534 13 0.47
8545 2 0.9
8553 24 0.35
8564 13 0.24
8567 1 0.47
8574 22 0.85
8583 19 0.76
8603 28 0.88
8644 4 0.43
8686 24 0.5
8706 3 0.09
8709 19 0.77
8725 10 0.39
8744 29 0.95
8767 22 0.3
8770 28 0.22
8800 16 0.77
8801 29 0.5
8809 5 0.88
8824 1 0.08
8839 18 0.13
8844 23 0.68
8845 13 0.24
8852 11 0.28
8869 0 0.37
8874 6 0.56
8891 5 0.43
8936 4 0.34
8996 25 0.0
8998 12 0.14
9002 28 0.79
9031 7 0.1
9047 15 0.37
9065 2 0.19
9066 8 0.95
9081 13 0.23
9084 14 0.76
9127 25 0.03
9133 16 0.08
9181 3 0.93
9205 28 0.43
9213 3 0.77
9228 17 0.38
9232 24 0.15
9238 14 0.86
9244 7 0.21
9254 6 0.44
9270 21 0.7
9286 23 0.97
9312 19 0.23
9334 21 0.04
9363 26 0.49
9383 4 0.5
9402 1 0.91
9415 20 0.21
9421 4 0.41
9425 14 0.03
9434 22 0.41
9450 1 0.47
9469 4 0.43
9480 4 0.27
9501 27 0.38
9524 2 0.99
9571 27 0.22
9593 11 0.07
9609 21 0.84
9615 28 0.66
9629 23 0.87
9640 26 0.29
9650 27 0.63
9677 9 0.53
9692 1 0.26
9710 25 0.41
9727 13 0.38
9793 2 0.13
9821 15 0.8
9881 16 0.91
9896 0 0.38
9904 16 0.7
9923 8 0.34
9931 25 0.49
9934 9 0.85
9971 8 0.3
9988 28 0.25
10008 3 0.13
10019 0 0.6
10039 26 0.11
10040 22 0.24
10083 17 0.88
10136 8 0.83
10215 17 0.11
10222 3 0.97
10238 5 0.74
10269 19 0.98
10300 8 0.21
10303 4 0.1
10315 2 0.62
10340 17 0.07
10352 21 0.61
10370 12 0.11
10372 25 0.35
10389 20 0.13
10429 6 0.03
10434 18 0.85
10437 0 0.02
10446 20 0.4
10450 16 0.51
10458 22 0.16
10485 26 0.86
10511 6 0.19
10534 13 0.26
10538 3 0.12
10545 16 0.71
10570 29 0.44
10603 0 0.28
10627 25 0.77
10678 5 0.74
10716 5 0.48
10736 24 0.03
10752 29 0.74
10769 16 0.98
10846 4 0.14
10851 12 0.96
10894 27 0.08
10900 12 0.85
10911 29 0.59
10929 15 0.28
10931 16 0.1
10937 1 0.01
10941 26 0.99
10952 27 0.57
10955 14 0.58
10974 13 0.87
11054 19 0.26
11092 13 0.34
11099 16 0.11
11102 29 0.51
11143 23 0.95
11163 2 0.07
11174 24 0.61
11178 8 0.53
11179 0 0.37
11202 6 0.01
11216 23 0.38
11230 18 0.2
11262 22 0.07
11294 25 0.05
11300 16 0.72
11318 26 0.13
11320 17 0.21
11361 4 0.2
11367 6 0.84
11374 11 0.67
11396 28 0.62
11403 11 0.46
11405 23 0.79
11410 11 0.39
11418 15 0.31
11419 18 0.85
11428 0 0.78
11451 5 0.9
11504 16 0.29
11521 11 0.25
11555 23 0.81
11569 17 0.36
11589 12 0.46
11610 17 0.05
11628 20 0.88
11630 26 0.82
11647 20 0.61
11676 25 0.33
11699 15 0.75
11713 1 0.22
11736 16 0.44
11740 6 0.11
11760 16 0.97
11776 29 0.97
11779 6 0.55
11821 20 0.35
11828 14 0.03
11833 2 0.26
11835 23 0.81
11837 24 0.84
11868 11 0.35
11869 18 0.37
11904 23 0.33
11914 19 0.02
11929 19 0.93
11947 14 0.24
11967 21 0.95
11982 17 0.47
12019 5 0.35
12037 13 0.44
12053 29 0.67
12091 21 0.91
12093 16 0.96
12094 16 0.3
12096 5 0.07
12101 11 0.85
12116 11 0.23
12123 11 0.63
12151 24 0.07
12161 25 0.84
12169 25 0.75
12174 9 0.78
12185 17 0.46
12193 14 0.89
12195 24 0.23
12198 24 0.38
12200 17 0.6
12227 12 0.78
12274 13 0.67
12282 28 0.49
12332 23 0.56
12360 14 0.53
12429 10 0.34
12438 4 0.6
12493 3 0.3
12511 10 0.88
12530 24 0.4
12541 13 0.31
12561 19 0.78
12577 10 0.94
12594 23 0.18
12600 18 0.45
12642 13 0.0
12677 27 0.21
12733 15 0.79
12759 11 0.89
12798 24 0.41
12815 22 0.2
12824 19 0.29
12836 3 0.12
12845 17 0.81
12849 0 0.6
12860 27 0.97
12877 20 0.67
12937 9 0.62
12950 2 0.53
12957 15 0.23
12962 1 0.8
12980 14 0.78
13023 22 0.68
13058 11 0.03
13071 5 0.44
13091 11 0.18
13100 20 0.27
13103 24 0.14
13128 19 0.24
13129 20 0.65
13179 21 0.11
13180 21 0.64
13191 10 0.73
13200 10 0.98
13217 0 0.46
13235 22 0.25
13253 11 0.31
13279 19 0.23
13282 2 0.82
13297 2 0.46
13302 11 0.46
13304 4 0.19
13308 28 0.45
13327 29 0.25
13335 2 0.83
13336 3 0.64
13340 20 0.26
13352 10 0.93
13359 19 0.68
13365 13 0.65
13381 4 0.03
13383 2 0.99
13401 2 0.64
13403 21 0.27
13404 24 0.62
13411 18 0.2
13436 5 0.75
13463 3 0.52
13473 5 0.0
13481 2 0.76
13501 2 0.81
13518 11 0.33
13621 10 0.45
13625 12 0.15
13650 7 0.19
13717 19 0.62
13719 12 0.6
13754 25 0.17
13760 24 0.18
13771 14 0.26
13799 8 0.79
13812 4 0.57
13829 12 0.58
13868 11 0.81
13922 17 0.67
13937 0 0.38
13952 20 0.9
13999 24 0.75
14051 26 0.45
14086 19 0.27
14101 22 0.43
14102 11 0.57
14114 28 0.37
14124 13 0.14
14179 18 0.81
14212 9 0.94
14259 17 0.23
14267 10 0.45
14325 15 0.85
14351 8 0.49
14396 3 0.58
14397 16 0.16
14405 17 0.61
14426 23 0.69
14431 14 0.4
14472 5 0.57
14496 2 0.93
14505 21 0.14
14522 20 0.33
14591 19 0.33
14593 11 0.53
14621 22 0.78
14622 22 0.47
14633 4 0.22
14657 9 0.7
14658 12 0.92
14673 25 0.5
14678 3 0.27
14681 19 0.01
14686 11 0.16
14733 15 0.25
14738 24 0.82
14744 29 0.0
14776 14 0.58
14799 16 0.76
14818 14 0.59
14819 4 0.05
14827 12 0.19
14829 28 0.2
14850 15 0.17
14897 5 0.33
14918 17 0.19
14936 10 0.75
14939 29 0.11
14941 12 0.92
14989 26 0.16
15046 20 0.3
15050 20 0.3
15055 12 0.54
15063 15 0.05
15091 17 0.53
15096 18 0.33
15116 14 0.25
15119 3 0.93
15145 8 0.94
15164 26 0.31
15169 17 0.51
15263 26 0.09
15284 18 0.38
15304 5 0.7
15317 29 0.84
15335 9 0.34
15340 1 0.3
15341 28 0.33
15370 3 0.43
15404 13 0.34
15432 26 0.44
15440 5 0.79
15443 22 0.5
15469 25 0.85
15507 14 0.05
15537 10 0.44
15544 20 0.58
15569 25 0.23
15588 3 0.59
15602 17 0.74
15612 0 0.21
15633 21 0.15
15641 26 0.34
15652 1 0.43
15661 21 0.63
15710 10 0.69
15717 29 0.71
15720 16 0.03
15738 18 0.25
15749 27 0.95
15778 17 0.2
15779 24 0.34
15795 4 0.23
15802 25 0.5
15849 21 0.06
15854 11 0.36
15868 10 0.37
15886 19 0.66
15903 12 0.8
15906 27 0.61
15937 8 0.31
15941 4 0.53
16024 15 0.88
16025 9 0.24
16052 14 0.27
16057 0 0.82
16064 18 0.89
16071 15 0.24
16089 4 0.34
16093 12 0.7
16104 23 0.48
16123 26 0.21
16145 12 0.58
16155 22 0.9
16161 15 0.08
16167 10 0.96
16182 10 0.69
16186 1 0.04
16219 6 0.69
16224 27 0.14
16230 13 0.43
16249 0 0.03
16259 29 0.57
16277 27 0.04
16286 17 0.72
16298 22 0.62
16315 28 1.0
16318 14 0.92
16326 11 0.61
16334 18 0.57
16344 3 1.0
16362 27 0.67
16371 4 0.92
16377 14 0.04
16403 13 0.29
16410 29 0.46
16429 0 0.5
16432 19 0.28
16453 20 0.47
16579 25 0.49
16583 20 0.75
16602 2 0.58
16625 29 0.83
16638 14 0.36
16648 10 0.25
16649 29 0.1
16662 18 0.08
16689 1 0.58
16713 24 0.08
16723 15 0.94
16731 25 0.35
16736 8 0.32
16752 1 0.92
16785 20 0.71
16795 13 0.39
16804 9 0.57
16847 24 0.18
16858 17 0.36
16859 22 0.4
16870 13 0.71
16871 19 0.03
16878 11 0.25
16896 0 0.85
16898 1 0.91
16912 2 0.56
16919 20 0.31
16920 20 0.25
16938 3 0.51
17017 9 0.42
17037 2 0.55
17045 25 0.65
17065 8 0.35
17097 13 0.02
17133 0 0.21
17139 1 0.47
17146 7 0.48
17161 20 0.75
17165 13 0.01
17168 19 0.54
17184 29 0.56
17192 24 0.79
17200 14 0.05
17210 25 0.24
17226 14 0.59
17244 10 0.88
17248 1 0.94
17275 13 0.44
17284 7 0.14
17290 21 0.73
17298 2 0.8
17356 19 0.71
17380 19 0.83
17393 2 0.02
17396 16 0.18
17403 4 0.19
17459 3 0.74
17468 22 0.43
17489 1 0.91
17513 16 0.86
17523 12 0.85
17559 2 0.6
17568 28 0.9
17579 4 0.11
17591 12 0.06
17604 7 0.84
17629 16 0.43
17630 12 0.57
17682 25 0.94
17687 13 0.45
17754 27 0.55
17791 8 0.39
17793 20 0.13
17814 7 0.07
17832 2 0.44
17835 13 0.47
17874 28 0.15
17902 28 0.38
17905 0 0.96
17913 29 0.3
17914 17 0.16
17937 1 0.92
17940 13 0.45
17942 0 0.83
17951 17 0.94
17995 27 0.23
17999 23 0.22
18006 9 0.81
18018 19 0.52
18026 29 0.92
18046 18 0.6
18049 8 0.43
18117 7 0.64
18149 11 0.26
18154 29 0.34
18161 15 0.01
18168 21 0.08
18176 27 0.45
18191 25 0.58
18194 11 0.12
18205 23 0.83
18216 3 0.52
18254 1 0.33
18269 11 0.85
18359 19 0.94
18373 23 0.67
18414 12 0.02
18425 20 0.27
18437 10 0.85
18439 26 0.66
18488 11 0.2
18491 26 0.01
18514 10 0.81
18534 8 0.55
18543 18 0.06
18552 29 0.37
18561 4 0.62
18569 8 0.05
18614 3 0.67
18627 18 1.0
18628 24 0.01
18629 8 0.57
18635 24 0.53
18650 2 0.6
18659 5 0.06
18665 24 0.28
18682 16 0.65
18714 23 0.18
18721 7 0.32
18727 16 0.49
18729 10 1.0
18738 16 0.08
18742 20 0.93
18745 21 0.46
18746 18 0.58
18749 19 0.79
18770 4 0.32
18776 1 0.03
18780 6 0.77
18785 2 0.83
18819 10 0.96
18830 1 0.79
18831 12 0.48
18858 24 0.48
18896 27 0.41
18909 0 0.23
18958 18 0.3
18966 5 0.86
18970 3 0.97
18975 0 0.07
18985 18 0.14
19019 23 0.41
19026 10 0.1
19032 18 0.73
19083 27 0.67
19158 28 0.8
19208 8 0.99
19236 18 0.7
19296 27 0.99
19304 17 0.38
19305 28 0.19
19310 5 0.15
19311 22 0.77
19315 4 0.43
19349 9 0.59
19367 4 0.48
19370 7 0.22
19387 12 0.63
19388 9 0.23
19423 17 0.17
19464 12 0.31
19470 21 0.3
19500 6 0.07
19512 9 0.15
19522 27 0.65
19546 8 0.76
19561 6 0.97
19562 27 0.34
19582 4 0.64
19592 3 0.89
19632 16 0.13
19636 18 0.33
19664 4 0.63
19666 2 0.58
19676 10 0.33
19710 1 1.0
19717 29 0.06
19718 5 0.07
19730 6 0.24
19732 24 0.45
19739 0 0.46
19742 14 0.96
19781 9 0.66
19785 17 0.06
19791 16 0.11
19798 24 0.01
19809 8 0.04
19835 21 0.44
19871 5 0.95
19887 17 0.19
19891 25 0.06
19894 16 0.73
19897 22 0.17
19965 17 0.59
19968 26 0.96
19993 29 0.39
20012 3 0.13
20038 14 0.29
20117 29 0.17
20132 14 0.66
20146 8 0.55
20148 18 0.77
20151 22 0.63
20185 6 0.28
20204 27 0.71
20206 17 0.66
20237 27 0.59
20262 22 0.08
20278 12 0.01
20309 2 0.57
20318 4 0.24
20335 3 0.09
20402 20 0.91
20407 20 0.81
20463 4 0.11
20502 21 0.58
20505 18 0.81
20543 17 0.82
20551 17 0.68
20553 16 0.52
20555 6 0.89
20557 13 0.51
20560 1 0.91
20612 3 0.52
20662 6 0.33
20671 29 0.54
20674 2 0.06
20686 16 0.41
20694 29 0.91
20737 26 0.15
20749 27 0.64
20761 19 0.29
20786 12 0.91
20799 8 0.58
20825 14 1.0
20826 23 0.82
20833 3 0.42
20844 25 0.6
20849 11 0.02
20860 25 0.43
20898 11 0.2
20916 7 0.14
20942 3 0.73
20943 14 0.95
20963 20 0.02
20995 5 0.85
21029 24 0.38
21032 14 0.04
21043 12 0.22
21044 22 0.11
21062 13 0.35
21078 26 0.21
21079 21 0.77
21098 22 0.36
21122 12 0.13
21132 8 0.17
21156 6 0.35
21172 13 0.71
21195 27 0.03
21199 4 0.81
21229 2 0.44
21249 19 0.45
21254 19 0.97
21276 15 0.57
21297 14 0.21
21346 3 0.46
21355 8 0.3
21357 7 0.8
21365 12 0.64
21383 21 0.53
21384 23 0.57
21398 16 0.28
21400 16 0.56
21416 12 0.27
21496 21 0.21
21505 26 0.17
21510 2 0.87
21528 10 0.4
21609 17 0.74
21613 28 0.93
21634 19 0.27
21699 11 0.31
21743 5 0.11
21752 14 0.81
21758 20 0.33
21778 29 0.48
21796 15 0.35
21811 13 0.98
21855 5 0.93
21889 0 0.5
21922 20 0.28
21938 29 0.23
21982 26 0.31
22023 25 0.4
22053 16 0.15
22057 13 0.08
22080 28 0.5
22137 28 0.89
22143 25 0.45
22148 21 0.14
22154 0 0.7
22161 15 0.32
22174 23 0.33
22180 9 0.39
22200 2 0.16
22201 22 0.67
22210 4 0.59
22213 26 0.0
22220 4 0.18
22227 6 0.77
22245 17 0.5
22248 16 0.66
22271 21 0.28
22321 10 0.48
22345 5 0.74
22440 21 0.06
22467 8 0.8
22482 17 0.43
22495 26 0.62
22496 22 0.09
22548 4 0.94
22558 16 0.35
22566 8 0.12
22632 12 0.99
22636 15 0.73
22667 18 0.2
22678 13 0.51
22722 15 0.58
22762 6 0.02
22771 10 0.43
22779 15 0.3
22788 24 0.77
22808 1 0.48
22817 6 0.36
22828 1 0.52
22850 27 0.14
22880 18 0.6
22891 20 0.0
22893 3 0.26
22906 28 0.8
22928 13 0.63
22952 20 0.91
22953 22 0.86
22958 10 0.76
22961 1 0.2
22962 25 0.32
22967 10 0.53
22988 2 0.84
22990 27 0.96
22997 29 0.89
23023 2 0.57
23033 3 0.85
23083 15 0.04
23113 18 0.84
23124 29 0.75
23130 27 0.94
23132 14 0.19
23176 11 0.05
23201 6 0.13
23207 6 0.08
23217 15 0.31
23218 21 0.32
23245 10 0.22
23286 12 0.65
23298 29 0.03
23318 25 0.25
23327 6 0.93
23361 11 0.18
23374 13 0.22
23376 9 0.3
23405 11 0.61
23433 9 0.94
23451 18 0.13
23500 2 0.18
23506 19 0.47
23509 24 0.95
23527 26 0.31
23529 19 0.72
23531 3 0.52
23536 17 0.15
23537 5 0.54
23608 25 0.85
23615 13 0.3
23675 3 0.32
23689 6 0.46
23696 6 0.66
23698 16 0.24
23790 25 0.11
23795 4 0.86
23812 23 0.31
23817 16 0.51
23867 29 0.21
23880 18 0.39
23888 4 0.96
23896 21 0.85
23898 19 0.49
23935 5 0.8
23957 21 0.08
23987 6 0.27
23989 17 0.4
24026 12 0.94
24065 22 0.49
24072 10 0.28
24074 16 0.7
24092 21 0.99
24105 17 0.76
24107 4 0.31
24111 22 0.15
24132 4 0.94
24165 3 0.93
24167 0 0.34
24204 20 0.75
24250 17 0.66
24282 19 0.61
24288 25 0.89
24289 25 0.8
24292 6 0.23
24311 0 0.12
24317 27 0.71
24323 21 0.8
24331 6 0.53
24350 22 0.17
24358 14 0.3
24391 19 0.97
24394 0 0.77
24396 18 0.35
24400 28 0.88
24404 21 0.24
24408 0 0.47
24421 25 0.97
24459 0 0.39
24468 27 0.87
24473 9 0.88
24493 2 0.26
24510 6 0.65
24525 19 0.31
24532 24 0.9
24581 22 0.04
24584 14 0.5
24590 21 0.49
24651 14 0.21
24671 9 0.1
24672 11 0.83
24680 24 0.31
24687 22 0.81
24740 29 0.37
24758 5 0.21
24782 0 0.23
24804 9 0.53
24806 8 0.64
24813 22 0.2
24821 19 0.64
24877 10 0.9
24923 16 0.97
24927 1 0.59
24941 0 0.78
24958 15 0.84
24971 17 0.83
25023 13 0.87
25033 9 0.82
25043 15 0.32
25068 3 0.45
25076 14 0.08
25115 10 0.5
25130 3 0.16
25143 6 0.45
25151 21 0.84
25167 27 0.96
25176 3 0.91
25185 14 0.73
25205 14 0.37
25224 6 0.33
25240 25 0.52
25242 28 0.67
25246 3 0.46
25258 21 0.04
25262 18 0.58
25275 9 0.7
25284 24 0.43
25286 16 0.31
25332 22 0.46
25338 19 0.08
25362 5 0.99
25366 5 0.4
25367 13 0.18
25378 4 0.37
25383 16 0.7
25393 4 0.0
25405 7 0.69
25457 12 0.23
25470 11 0.99
25476 13 0.27
25502 27 0.51
25510 2 0.34
25529 27 0.83
25531 29 0.03
25549 9 0.2
25566 14 0.19
25569 5 0.02
25607 14 0.79
25617 2 0.96
25636 8 0.98
25639 16 0.3
25646 11 0.88
25658 21 0.78
25707 29 0.06
25718 1 0.01
25733 22 0.55
25749 29 0.83
25750 28 0.18
25756 19 0.12
25776 19 0.32
25797 8 0.39
25824 11 0.93
25858 28 0.54
25881 1 0.58
25936 27 0.83
25949 1 0.88
25966 6 0.06
25977 17 0.5
25988 12 0.58
25997 14 0.96
25999 3 0.79
26045 16 0.95
26053 19 0.31
26059 28 0.3
26068 6 0.48
26088 4 0.7
26117 3 0.73
26159 0 0.76
26191 1 0.54
26198 6 0.05
26212 16 0.64
26230 1 0.58
26248 10 0.05
26249 17 0.33
26267 2 0.44
26293 16 0.18
26296 29 0.19
26310 9 0.53
26327 27 0.78
26336 15 0.97
26356 6 0.46
26358 16 0.78
26381 22 0.67
26396 16 0.7
26403 22 0.32
26413 22 0.36
26426 11 0.04
26456 4 0.27
26457 25 0.29
26465 21 0.9
26478 5 0.45
26511 24 0.02
26525 12 0.11
26549 16 0.18
26563 12 0.44
26569 8 0.64
26572 7 0.37
26587 8 0.47
26661 4 0.31
26672 21 0.89
26676 21 0.98
26681 28 0.75
26708 7 0.59
26716 9 0.5
26729 9 0.76
26739 6 0.83
26754 10 0.17
26778 3 0.31
26784 22 0.86
26797 21 0.47
26798 28 0.77
26803 16 0.89
26812 25 0.48
26827 29 0.73
26828 1 0.14
26903 17 0.93
26912 12 0.4
26948 14 0.16
26975 15 0.97
27016 29 0.04
27092 18 0.78
27158 20 0.09
27162 10 0.3
27175 0 0.82
27240 27 0.08
27241 16 0.78
27266 2 0.66
27276 0 0.93
27296 7 0.8
27345 25 0.16
27358 18 0.6
27368 18 0.38
27390 12 0.04
27392 12 0.72
27414 21 0.59
27449 3 0.98
27485 7 0.7
27487 3 0.45
27510 11 0.93
27533 27 0.96
27551 11 0.59
27576 0 0.67
27586 12 0.01
27614 23 0.55
27639 4 0.82
27640 25 0.68
27671 23 0.46
27690 5 0.34
27720 12 0.03
27727 13 0.49
27751 3 0.91
27771 13 0.35
27780 19 0.24
27783 28 0.53
27823 19 1.0
27833 0 0.48
27841 23 0.44
27845 12 0.55
27864 17 0.73
27886 27 0.23
27890 24 0.54
27928 23 0.38
27931 12 0.54
27945 27 0.58
27947 18 0.9
27950 2 0.1
27953 2 0.42
27977 14 0.02
28005 20 0.27
28069 28 0.54
28076 22 0.42
28078 26 0.4
28115 2 0.49
28127 18 0.51
28141 24 0.92
28148 22 0.57
28155 4 0.55
28182 7 0.43
28194 21 0.36
28229 10 0.46
28233 12 0.64
28267 11 0.19
28303 13 0.7
28314 23 0.74
28321 6 0.27
28322 7 0.14
28328 6 0.1
28366 21 0.24
28384 19 0.13
28407 11 0.52
28416 27 0.96
28432 6 0.36
28488 24 0.94
28500 26 0.63
28502 9 0.69
28505 12 0.84
28547 9 0.6
28564 22 0.94
28569 7 0.35
28600 15 0.17
28630 10 0.67
28660 14 0.12
28665 25 0.21
28680 21 0.88
28717 0 0.07
28730 13 0.21
28737 0 0.02
28738 28 0.97
28811 22 0.1
28856 12 0.41
28860 1 0.93
28861 0 0.16
28866 20 0.37
28884 12 0.6
28930 15 0.45
28947 18 0.38
28983 21 0.26
28993 26 0.34
29038 19 0.46
29068 19 0.46
29084 21 0.09
29090 16 0.37
29092 16 0.1
29098 0 0.94
29149 11 0.8
29164 1 0.36
29180 0 0.8
29188 18 0.14
29214 6 0.32
29219 18 0.41
29224 22 0.13
29230 7 0.31
29256 24 0.38
29314 21 0.8
29326 7 0.27
29330 20 0.93
29334 2 0.66
29340 8 0.03
29360 15 0.29
29363 5 0.81
29366 15 0.16
29371 22 0.82
29376 22 0.89
29405 20 0.12
29442 11 0.78
29461 14 0.38
29501 18 0.51
29504 20 0.04
29521 11 0.49
29580 14 0.93
29590 5 0.77
29595 10 0.65
29598 18 0.72
29601 19 0.38
29617 5 0.63
29644 5 0.92
29646 24 0.86
29659 23 0.64
29666 13 0.96
29768 1 0.94
29787 21 0.92
29830 0 0.8
29841 24 0.4
29856 17 0.14
29865 13 0.73
29873 27 0.2
29876 28 1.0
29878 11 0.29
29903 2 0.62
29905 18 0.22
29940 26 0.82
29942 18 0.95
30018 13 0.62
30046 20 0.93
30073 17 0.22
30109 22 0.68
30115 7 0.06
30128 21 0.16
30137 18 0.77
30155 4 0.9
30161 4 0.93
30243 17 0.23
30263 25 0.82
30266 16 0.54
30277 18 0.31
30283 22 0.77
30330 8 0.85
30360 27 0.43
30371 19 0.85
30413 13 0.04
30418 16 0.34
30501 15 0.99
30516 2 0.11
30529 10 0.08
30533 4 0.34
30537 9 0.39
30538 23 0.14
30549 17 0.66
30554 8 0.05
30589 23 0.56
30604 1 0.2
30667 21 0.81
30669 20 0.34
30694 9 0.08
30699 20 0.95
30822 29 0.64
30839 1 0.06
30852 4 0.53
30855 5 0.93
30862 25 0.82
30865 11 0.57
30868 28 0.65
30908 21 0.35
30963 15 0.82
30983 14 0.8
30996 23 0.06
31022 27 0.93
31033 23 0.93
31053 4 0.2
31079 23 0.14
31084 17 0.78
31128 9 0.3
31134 25 0.25
31142 3 0.92
31144 4 0.08
31171 9 0.47
31197 20 0.76
31222 26 0.67
31232 20 0.44
31308 26 0.45
31320 29 0.56
31322 29 0.74
31365 5 0.5
31373 2 0.37
31410 4 0.98
31411 23 0.73
31421 28 0.31
31425 9 0.88
31470 15 0.66
31473 7 0.35
31488 27 0.4
31494 24 0.97
31507 24 0.54
31529 12 0.6
31560 22 0.44
31571 16 0.34
31577 9 0.07
31587 9 0.9
31594 22 0.12
31596 22 0.81
31621 20 0.96
31631 0 0.36
31657 22 0.46
31658 25 0.91
31665 23 0.72
31674 20 0.73
31757 27 0.32
31770 26 0.01
31776 7 0.02
31788 15 0.67
31801 6 0.6
31803 9 0.74
31857 24 0.34
31871 26 0.63
31890 27 0.12
31905 9 0.14
31909 10 0.21
31931 4 0.7
31938 16 0.31
31942 23 0.74
31960 21 0.69
31968 29 0.52
31971 23 0.19
32005 10 0.53
32013 11 0.58
32016 16 0.35
32026 29 0.99
32039 6 0.55
32042 21 0.76
32053 27 0.71
32077 6 0.77
32078 6 0.9
32110 11 0.38
32125 29 0.92
32163 9 0.82
32180 21 0.36
32187 23 0.66
32198 2 0.01
32210 28 0.26
32216 9 0.55
32221 6 0.33
32233 20 0.89
32239 2 0.75
32246 13 0.0
32252 10 0.34
32254 17 0.35
32258 17 0.99
32278 22 0.07
32288 20 0.7
32292 1 0.7
32328 15 0.68
32338 22 0.4
32399 29 0.62
32411 24 0.6
32417 14 0.26
32447 15 0.28
32487 2 0.33
32512 10 0.7
32531 2 0.37
32553 25 0.64
32554 12 0.85
32563 29 0.18
32564 4 0.32
32595 28 0.26
32611 23 0.64
32626 4 0.86
32642 13 0.79
32646 27 0.8
32684 14 0.49
32714 8 0.28
32721 6 0.89
32789 15 0.63
32808 20 0.95
32850 25 0.05
32868 23 0.67
32873 27 0.53
32878 4 0.98
32897 2 0.7
32913 21 0.66
32983 0 0.46
32993 5 0.81
33016 6 0.86
33047 29 0.89
33087 27 0.39
33130 24 0.77
33137 3 0.32
33141 5 0.89
33156 1 0.27
33157 19 0.19
33184 1 0.9
33199 2 0.49
33231 25 0.89
33269 10 0.99
33277 25 0.05
33297 23 0.67
33339 17 0.27
33345 29 0.42
33378 5 0.39
33386 23 0.09
33408 14 0.7
33413 18 0.06
33416 3 0.72
33447 25 0.01
33455 29 0.02
33457 24 0.59
33502 18 0.66
33505 26 0.25
33521 0 0.66
33522 24 0.86
33526 24 0.67
33538 19 0.06
33544 0 0.5
33553 8 0.84
33607 5 0.77
33661 3 0.8
33705 14 0.19
33715 17 0.23
33725 18 0.9
33770 0 0.03
33798 28 0.33
33810 21 0.82
33819 27 0.41
33861 6 0.51
33872 2 0.7
33889 4 0.86
33901 17 0.37
33913 29 0.84
33932 28 0.19
33948 16 0.47
33954 3 0.73
33955 0 0.85
33959 12 0.54
33986 19 0.33
33992 2 0.08
34030 9 0.95
34069 0 0.87
34085 5 0.84
34089 6 0.9
34110 13 0.55
34114 27 0.55
34139 24 0.01
34141 21 0.37
34147 20 0.53
34164 4 0.65
34171 13 0.37
34172 17 0.18
34196 25 0.93
34261 8 0.42
34280 29 0.54
34284 6 0.78
34311 21 0.22
34324 18 0.11
34329 27 0.26
34343 29 0.7
34381 20 0.02
34398 29 0.93
34416 28 0.16
34424 12 0.29
34437 8 0.08
34463 24 0.83
34501 28 0.9
34536 16 0.98
34542 27 0.74
34575 8 0.11
34612 5 0.96
34633 21 0.28
34638 4 0.22
34690 19 0.92
34706 28 0.83
34724 21 0.19
34740 9 0.55
34746 11 0.84
34830 6 0.18
34839 27 0.8
34860 5 0.61
34872 29 0.74
34882 6 0.23
34937 17 0.32
34949 9 0.83
34953 16 0.74
34964 27 0.3
34987 9 0.29
34989 23 0.67
34993 23 0.02
34994 22 0.21
34995 24 0.62
35025 27 0.67
35027 26 0.79
35049 1 0.69
35073 11 0.51
35090 3 0.94
35119 23 0.58
35127 13 0.27
35134 17 0.37
35176 19 0.16
35186 20 0.19
35200 3 0.65
35209 16 0.89
35219 12 0.18
35283 24 0.96
35308 12 0.36
35315 7 0.61
35317 16 0.88
35328 18 0.72
35344 3 0.2
35351 19 0.2
35357 9 0.56
35389 0 0.56
35439 20 0.2
35497 27 0.86
35499 15 0.65
35506 2 0.81
35516 25 0.77
35535 14 0.25
35574 7 0.22
35631 15 0.56
35636 19 0.94
35695 23 0.45
35697 4 0.23
35699 18 0.53
35725 4 0.43
35792 23 0.39
35810 12 0.19
35811 24 0.91
35824 3 0.43
35840 17 0.68
35851 23 0.35
35869 3 0.19
35928 11 0.95
35967 23 0.78
36014 15 0.97
36024 18 0.36
36026 17 0.75
36028 14 0.84
36046 25 0.46
36054 4 0.38
36133 21 0.17
36225 23 0.06
36287 7 0.07
36291 6 0.47
36296 21 0.63
36321 25 0.04
36340 19 0.44
36344 11 0.17
36354 17 0.12
36367 14 0.3
36377 7 0.61
36405 11 0.4
36425 2 0.67
36431 22 0.21
36451 17 0.65
36472 29 0.42
36487 11 0.75
36498 2 0.97
36523 2 0.33
36560 21 0.24
36567 13 0.58
36568 12 0.63
36576 0 0.3
36588 25 0.9
36619 12 0.62
36627 26 0.46
36634 22 0.5
36654 29 0.69
36667 18 0.58
36686 12 0.19
36689 8 0.6
36713 24 0.49
36720 10 0.66
36723 27 0.6
36754 16 0.81
36756 15 0.85
36774 21 0.17
36784 6 0.36
36794 25 0.95
36800 27 0.17
36806 23 0.41
36836 7 0.95
36849 14 0.72
36885 1 1.0
36919 20 0.03
36928 19 0.79
36965 29 0.03
36972 26 0.96
36980 5 0.81
36992 10 0.67
37037 19 0.67
37063 8 0.58
37071 24 0.07
37122 5 0.83
37131 5 0.43
37144 21 0.67
37154 14 0.8
37180 11 0.48
37182 2 0.49
37188 11 0.21
37197 10 0.47
37201 1 0.19
37209 4 0.2
37226 0 0.3
37228 12 0.74
37273 12 0.13
37327 18 0.37
37360 29 0.54
37362 16 0.54
37373 6 0.49
37384 6 0.72
37395 29 0.82
37396 17 0.14
37400 16 0.09
37412 29 0.86
37445 27 0.17
37456 5 0.79
37459 15 0.14
37500 12 0.38
37541 6 0.96
37555 20 0.74
37574 25 0.06
37600 16 0.66
37614 16 0.74
37622 8 0.78
37638 28 0.18
37640 12 0.08
37642 9 0.13
37650 24 0.2
37672 10 0.37
37684 25 0.4
37688 18 0.68
37699 29 0.3
37703 17 0.54
37704 19 0.41
37723 6 0.51
37771 25 0.44
37776 20 0.58
37780 8 0.63
37817 27 0.59
37848 2 0.47
37899 3 0.38
37915 2 0.45
37942 2 0.74
37957 16 0.79
37986 20 0.1
37989 2 0.95
38019 29 0.89
38022 28 0.56
38036 25 0.72
38098 18 0.74
38100 15 0.12
38161 1 0.1
38163 15 0.27
38206 20 0.27
38207 26 0.49
38212 27 0.9
38225 20 0.55
38227 10 0.68
38241 10 0.89
38253 5 0.51
38258 5 0.55
38269 15 0.98
38287 29 0.74
38316 8 0.78
38345 7 0.96
38377 14 0.13
38383 14 0.47
38387 22 0.7
38451 0 0.71
38466 0 0.46
38468 14 0.79
38474 10 0.4
38492 19 0.57
38503 9 0.95
38504 7 0.94
38525 28 0.53
38552 8 0.15
38579 24 0.4
38580 28 0.41
38595 8 0.03
38596 16 0.74
38627 26 0.71
38638 11 0.4
38652 15 0.78
38677 19 0.1
38731 0 0.25
38744 20 0.67
38750 17 0.12
38763 12 0.21
38774 17 0.21
38794 20 0.61
38800 4 0.81
38802 20 0.08
38833 6 0.83
38863 25 0.77
38877 7 0.62
38902 24 0.84
38905 21 0.58
38919 6 0.98
38936 29 0.88
38942 14 0.78
38943 8 0.2
38983 6 0.73
39029 15 0.13
39040 20 0.31
39047 3 0.86
39094 6 0.84
39113 1 0.02
39128 29 0.96
39135 13 0.35
39164 28 0.52
39172 24 0.37
39180 22 0.8
39189 6 0.66
39200 7 0.88
39257 20 0.71
39264 10 0.33
39291 0 0.11
39312 9 0.18
39330 22 0.39
39348 21 0.29
39350 18 0.26
39409 5 0.29
39413 12 0.86
39425 20 0.47
39433 28 0.67
39440 2 0.72
39444 14 0.45
39464 18 0.44
39473 16 0.14
39488 11 0.3
39534 2 0.05
39555 0 0.24
39562 12 0.99
39597 10 0.61
39602 0 0.56
39629 15 0.55
39657 13 0.47
39679 5 0.28
39707 15 0.53
39710 22 0.02
39730 25 0.49
39736 23 0.99
39747 21 0.48
39763 1 0.93
39780 5 0.62
39782 12 0.92
39786 21 0.55
39789 10 0.45
39795 17 0.14
39808 29 0.54
39811 2 0.98
39818 27 0.62
39847 6 0.28
39898 28 0.62
39927 8 0.82
39955 1 0.03
39981 29 0.14
40008 4 0.95
40019 28 0.03
40050 11 0.09
40059 23 0.23
40061 13 0.05
40072 26 0.41
40080 2 0.26
40087 13 0.36
40099 19 0.66
40131 1 0.92
40145 23 0.47
40155 28 0.1
40181 26 0.03
40185 2 0.88
40198 0 0.23
40206 18 0.54
40207 26 0.62
40212 3 0.34
40213 28 0.44
40234 7 0.98
40247 22 0.61
40269 2 0.47
40281 24 0.43
40307 11 0.03
40311 12 0.32
40333 12 0.58
40354 8 0.46
40378 17 0.19
40379 7 0.37
40401 4 0.75
40438 25 0.41
40446 20 0.86
40470 20 0.99
40478 0 0.99
40490 16 0.59
40491 17 0.06
40507 20 0.44
40541 22 0.66
40554 29 0.37
40593 7 0.93
40601 29 0.05
40609 12 0.3
40631 10 0.71
40633 23 0.47
40656 13 0.2
40662 22 0.51
40685 3 0.29
40721 13 0.98
40744 19 0.6
40803 18 0.26
40816 12 0.33
40838 1 0.77
40840 15 0.12
40866 18 0.19
40873 11 0.88
40896 20 0.75
40900 13 0.48
40925 23 0.98
40927 12 0.66
40934 24 0.43
40935 26 0.81
40987 1 0.05
41022 19 0.59
41030 14 0.51
41054 0 0.59
41064 16 0.77
41066 2 0.1
41079 4 0.95
41087 11 0.26
41119 24 0.66
41146 19 0.34
41170 5 0.12
41175 21 0.95
41206 2 0.49
41249 11 0.1
41255 4 0.89
41276 2 0.55
41294 7 0.19
41309 11 0.88
41313 22 0.17
41332 5 0.98
41362 13 0.38
41388 2 0.85
41391 16 0.93
41392 15 0.18
41425 17 0.58
41431 25 0.89
41438 0 0.68
41449 9 0.4
41465 21 0.52
41505 8 0.87
41507 29 0.05
41519 11 0.93
41570 9 0.63
41575 7 0.82
41578 14 0.85
41583 27 0.67
41584 27 0.11
41598 8 0.04
41655 5 0.87
41682 2 0.51
41721 28 0.85
41725 29 0.34
41735 19 0.79
41770 8 0.69
41791 1 0.91
41813 22 0.02
41821 10 0.12
41850 10 0.55
41869 18 0.48
41873 17 0.83
41876 3 0.8
41897 15 0.31
41913 20 0.77
41924 18 0.76
41949 14 0.63
41960 15 0.27
41962 7 0.05
41970 7 0.51
41991 19 0.31
42021 9 0.7
42023 3 0.75
42036 23 0.17
42052 13 0.01
42064 12 0.27
42078 25 0.65
42089 20 0.46
42091 26 0.71
42099 9 0.27
42135 18 0.21
42143 9 0.6
42144 26 0.06
42146 14 0.41
42151 28 0.45
42164 18 0.37
42176 1 0.85
42183 17 0.48
42201 15 0.61
42210 10 0.37
42218 28 0.99
42239 19 0.75
42244 22 0.16
42246 14 0.99
42247 14 0.24
42262 9 0.34
42274 16 0.04
42281 1 0.98
42302 29 0.63
42316 22 0.52
42335 0 0.64
42345 27 0.01
42361 27 0.59
42444 20 0.74
42476 15 0.31
42478 12 0.12
42491 3 0.22
42510 17 0.69
42520 2 0.08
42547 4 0.87
42594 11 0.07
42634 13 0.02
42654 4 0.43
42659 29 0.02
42691 1 0.86
42723 4 0.67
42727 20 0.56
42757 0 0.34
42769 0 0.75
42782 11 0.19
42800 11 0.06
42830 28 0.42
42844 5 0.45
42845 7 0.79
42851 5 0.98
42949 9 0.13
43009 18 0.21
43081 22 0.38
43084 9 0.8
43103 12 0.2
43114 3 0.19
43136 22 0.25
43193 14 0.8
43210 0 0.97
43228 3 0.04
43240 0 0.4
43242 10 0.89
43244 21 0.27
43245 16 0.03
43250 7 0.45
43270 28 0.58
43275 7 0.96
43276 28 0.86
43285 23 0.78
43288 27 0.85
43290 18 0.43
43311 9 0.75
43390 23 0.69
43392 2 0.29
43394 12 0.08
43434 23 0.99
43445 12 0.64
43481 20 0.75
43482 10 0.84
43515 15 0.64
43517 29 0.45
43525 3 0.78
43531 2 0.75
43540 15 0.56
43553 29 0.0
43554 23 0.02
43578 5 0.76
43586 16 0.81
43599 9 0.13
43613 13 0.42
43615 28 0.99
43643 8 0.89
43651 18 0.78
43656 29 0.54
43660 9 0.95
43694 19 0.11
43698 18 0.77
43703 22 0.57
43706 9 0.23
43709 8 0.63
43733 18 0.19
43736 28 0.63
43776 23 0.22
43812 1 0.85
43844 8 0.72
43856 24 0.5
43867 28 0.82
43892 7 0.71
43921 9 0.51
43924 21 0.25
43941 6 0.87
43942 19 0.03
44009 9 0.18
44054 29 0.94
44060 19 0.03
44063 29 0.96
44090 13 0.47
44161 18 0.43
44191 0 0.91
44241 16 0.25
44298 25 0.91
44309 9 0.6
44314 2 0.13
44321 13 0.03
44354 18 0.95
44355 4 0.48
44367 1 0.58
44383 3 0.62
44390 3 0.05
44394 18 0.46
44399 0 0.71
44417 19 0.1
44427 28 0.56
44434 29 0.99
44441 11 0.93
44480 27 0.93
44490 0 0.92
44505 27 0.42
44562 28 0.31
44574 4 0.97
44581 2 0.07
44611 7 0.33
44618 29 0.87
44626 20 0.13
44631 2 0.16
44654 1 0.88
44657 6 0.67
44691 4 0.32
44705 13 0.1
44744 27 0.89
44751 19 0.97
44766 21 0.05
44772 7 0.84
44775 11 0.53
44791 24 0.86
44799 8 0.53
44802 10 0.48
44839 12 0.99
44843 18 0.13
44904 22 0.71
44907 18 0.57
44912 25 0.86
44918 18 0.86
44936 27 0.19
44939 7 0.66
44948 13 0.41
44956 10 0.04
44962 28 0.67
44981 26 0.21
45004 13 0.23
45026 28 0.13
45047 16 0.86
45082 12 0.7
45108 4 0.92
45120 23 0.92
45136 10 0.8
45143 5 0.73
45150 20 0.59
45182 5 0.18
45204 26 0.27
45226 12 0.35
45250 18 0.32
45271 10 0.89
45327 17 0.23
45364 18 0.31
45382 17 0.53
45385 2 0.73
45417 23 0.27
45440 19 0.49
45464 5 0.79
45473 11 0.09
45499 2 0.5
45500 27 0.26
45508 0 0.11
45527 8 0.5
45531 29 0.34
45533 23 0.5
45551 10 0.53
45573 22 0.9
45585 9 0.05
45591 20 0.34
45611 6 0.33
45618 6 0.87
45661 22 0.86
45668 22 0.26
45693 11 0.75
45709 8 0.22
45739 29 0.54
45747 5 0.1
45748 27 0.73
45759 1 0.85
45769 20 0.28
45774 24 0.31
45777 7 0.45
45835 0 0.3
45844 2 0.78
45859 9 0.74
45905 22 0.17
45944 15 0.69
45964 6 0.58
45965 15 0.1
45986 5 0.8
45995 21 0.44
45997 20 0.82
46005 0 0.32
46024 0 0.38
46043 8 0.84
46045 16 0.97
46046 29 0.91
46058 6 0.31
46060 2 0.31
46061 23 0.34
46064 2 0.88
46083 12 0.04
46090 27 0.88
46109 21 0.15
46123 15 0.11
46141 9 0.49
46165 23 0.96
46174 18 0.58
46175 0 0.73
46197 11 0.66
46204 18 0.38
46262 8 0.17
46265 23 0.41
46284 10 0.57
46294 22 0.59
46297 18 0.54
46322 29 0.61
46350 3 0.78
46354 3 0.86
46355 23 0.44
46364 26 0.96
46413 12 0.89
46414 11 0.6
46418 28 0.39
46420 1 0.97
46441 2 0.29
46457 0 0.07
46480 26 0.26
46485 28 0.68
46487 24 0.77
46495 24 0.68
46530 28 0.47
46542 25 0.7
46546 17 0.3
46556 10 0.23
46594 1 0.88
46620 22 0.33
46635 22 0.66
46640 26 0.28
46651 17 0.98
46669 4 0.78
46694 25 0.37
46723 10 1.0
46730 28 0.45
46791 18 0.13
46804 13 0.48
46806 11 0.94
46809 21 0.16
46875 26 0.86
46885 1 0.63
46900 28 0.09
46918 26 0.3
46938 25 0.06
46945 14 0.97
46946 8 0.87
46983 23 0.25
46988 19 0.73
47044 4 0.79
47086 16 0.25
47095 14 0.46
47153 27 0.13
47187 8 0.76
47192 11 0.39
47206 26 0.94
47289 25 0.25
47302 21 0.85
47304 14 0.83
47332 11 0.49
47377 17 0.64
47399 2 0.24
47412 5 0.1
47434 12 0.23
47438 8 0.38
47485 19 0.77
47543 0 0.37
47552 15 0.33
47573 1 0.5
47591 12 0.99
47596 10 0.36
47608 15 0.57
47639 9 0.14
47645 1 0.83
47682 27 0.15
47748 28 0.19
47749 1 0.92
47766 15 0.33
47767 3 0.05
47777 10 0.72
47779 5 0.23
47857 7 0.17
47864 22 0.46
47871 27 0.09
47893 24 0.04
47917 29 0.37
47965 11 0.29
47991 12 0.27
48006 9 0.74
48026 11 0.97
48027 20 0.19
48037 14 0.59
48050 6 0.34
48071 28 0.51
48086 13 0.79
48123 25 0.42
48145 25 0.82
48180 8 0.8
48196 29 0.94
48202 9 0.86
48208 10 0.41
48225 26 0.04
48230 9 0.66
48247 29 1.0
48251 24 0.41
48288 10 0.95
48294 25 0.77
48337 12 0.82
48340 9 0.07
48346 18 0.62
48363 17 0.96
48383 23 0.85
48390 6 0.04
48422 9 0.68
48423 6 0.31
48449 21 0.65
48462 6 0.51
48467 15 0.61
48506 4 0.41
48538 25 0.05
48546 28 0.41
48578 25 0.16
48587 24 0.9
48592 24 0.62
48616 0 0.15
48636 1 0.49
48701 7 0.02
48709 21 0.22
48725 26 0.54
48730 11 0.62
48746 4 0.06
48755 12 0.34
48789 26 0.62
48812 28 0.97
48824 20 0.98
48836 6 0.31
48837 9 0.36
48855 17 0.78
48905 7 0.58
48942 6 0.68
48943 29 0.7
48981 2 0.07
48984 15 0.12
48986 27 0.57
48987 18 0.73
48998 22 0.58
49015 12 0.88
49027 4 0.96
49053 29 0.25
49054 21 0.48
49064 22 0.09
49067 25 0.22
49071 18 0.99
49094 7 0.01
49154 13 0.25
49189 14 0.24
49194 19 0.88
49209 27 0.81
49219 26 0.62
49224 7 0.51
49236 1 0.2
49256 14 0.55
49320 26 0.02
49335 22 0.88
49343 20 0.42
49374 11 0.84
49383 1 0.72
49413 22 0.71
49457 10 0.15
49496 18 0.74
49541 9 0.66
49555 11 0.01
49563 22 0.46
49568 22 0.4
49604 9 0.37
49672 6 0.97
49683 0 0.37
49726 18 0.51
49730 10 0.9
49733 12 0.41
49746 15 0.08
49771 3 0.59
49800 1 0.03
49806 2 0.12
49807 26 0.34
49836 7 0.63
49879 14 0.56
49902 20 0.32
49919 29 0.63
49960 11 0.1
49961 27 0.99
49970 13 0.87
49974 9 0.5
49984 24 0.93
49987 21 0.87
49999 5 0.88
50020 19 0.86
50042 12 0.25
50046 11 0.63
50052 13 0.22
50073 14 0.76
50105 28 0.33
50119 9 0.05
50137 25 0.63
50153 14 0.57
50169 11 0.39
50174 11 0.06
50231 20 0.52
50238 15 0.0
50294 23 1.0
50299 6 0.42
50308 7 0.27
50313 29 0.41
50353 13 0.38
50379 17 0.6
50394 26 0.61
50397 9 0.7
50399 26 0.79
50426 3 0.75
50435 26 0.03
50447 29 0.98
50449 28 0.66
50454 27 0.67
50463 24 0.2
50514 0 0.31
50538 22 0.93
50584 12 0.17
50607 6 0.01
50625 20 0.59
50645 29 0.64
50649 26 0.85
50652 19 0.63
50677 20 0.9
50690 4 0.71
50696 12 0.35
50708 0 0.48
50724 14 0.3
50739 9 0.14
50775 1 0.84
50782 1 0.42
50784 23 0.25
50790 5 0.21
50838 11 0.31
50842 8 0.89
50911 6 0.44
50920 13 0.16
50921 15 0.69
50938 23 0.58
50957 19 0.4
50974 7 0.18
50975 9 0.21
51004 18 0.59
51009 12 0.82
51027 21 0.68
51033 11 0.85
51050 10 0.82
51080 17 0.25
51087 4 0.62
51091 17 0.69
51104 22 0.51
51133 6 0.93
51147 29 0.64
51160 6 0.25
51174 28 0.66
51180 28 0.69
51182 25 0.28
51187 7 0.99
51198 20 0.5
51200 9 0.67
51203 10 0.53
51214 7 0.34
51238 26 0.79
51245 22 0.41
51275 16 0.05
51280 8 0.07
51283 10 0.02
51297 18 0.19
51316 3 0.54
51332 0 0.44
51347 8 0.65
51391 28 0.26
51397 20 0.52
51407 20 0.87
51421 4 0.14
51450 6 0.14
51454 17 0.77
51472 5 0.39
51496 13 0.46
51535 9 0.11
51550 16 0.21
51554 3 0.58
51559 20 0.19
51605 16 0.52
51614 19 0.02
51624 12 0.81
51652 3 0.27
51662 15 0.66
51665 8 0.57
51679 21 0.61
51686 19 0.1
51736 14 0.5
51790 25 0.51
51805 10 0.43
51821 9 0.61
51825 3 0.94
51829 5 0.69
51842 12 0.07
51852 28 0.29
51859 20 0.71
51864 25 0.09
51869 7 0.64
51911 15 0.52
51922 26 0.3
51946 29 0.98
51954 7 0.5
51956 20 0.62
51970 19 0.52
51991 3 0.79
51994 22 0.58
52001 0 0.42
52004 4 0.42
52028 15 0.98
52033 13 0.53
52049 28 0.21
52056 11 0.42
52063 6 0.49
52069 22 0.34
52070 21 0.69
52074 11 0.48
52112 26 0.97
52156 29 0.21
52158 27 0.34
52163 6 0.23
52165 23 0.02
52169 12 0.87
52173 2 0.86
52194 2 0.99
52206 4 0.84
52208 0 0.13
52224 24 0.75
52230 23 0.57
52232 21 0.77
52250 16 0.14
52252 12 0.7
52266 21 0.91
52268 7 0.09
52296 2 0.48
52308 22 0.31
52335 4 0.07
52344 0 0.35
52413 21 0.24
52414 29 0.17
52416 15 0.65
52419 18 0.87
52422 7 0.9
52445 21 0.77
52450 26 0.74
52453 25 0.44
52484 13 0.16
52497 1 0.15
52528 26 0.65
52555 22 0.24
52569 11 0.45
52571 28 0.02
52587 10 0.95
52637 17 0.18
52658 19 0.24
52680 4 0.77
52688 9 0.18
52739 0 0.54
52745 9 0.15
52748 29 0.58
52753 23 0.08
52777 22 0.44
52785 20 0.13
52791 21 0.32
52795 9 0.02
52843 20 0.55
52859 4 0.8
52860 7 0.58
52871 16 0.39
52892 26 0.64
52898 10 0.87
52911 17 0.86
52916 24 0.11
52919 27 0.12
52965 27 0.31
52981 10 0.56
52996 19 0.35
53006 17 0.16
53027 1 0.12
53036 29 0.45
53058 12 0.61
53078 4 0.8
53099 3 0.52
53109 5 0.75
53118 17 0.12
53127 21 0.63
53168 7 0.61
53178 21 0.96
53180 23 0.2
53197 14 0.71
53223 14 0.3
53233 22 0.05
53241 19 0.76
53293 13 0.51
53296 18 0.85
53307 16 0.88
53318 29 0.07
53320 2 0.23
53328 24 0.86
53344 25 0.88
53364 16 0.59
53365 28 0.95
53372 19 0.92
53378 29 0.57
53415 26 0.21
53425 7 0.5
53455 0 0.37
53465 24 0.94
53467 20 0.21
53479 28 0.93
53482 21 0.92
53486 19 0.65
53510 26 0.35
53547 20 0.48
53554 19 0.91
53560 6 0.23
53569 21 0.93
53578 0 0.73
53599 25 0.93
53626 14 0.84
53630 19 0.78
53636 29 0.25
53648 19 0.53
53669 14 0.31
53677 5 0.62
53728 13 0.04
53767 5 0.46
53792 9 0.65
53832 15 0.72
53837 9 0.04
53840 21 0.06
53843 27 0.42
53844 1 0.87
53854 29 0.95
53859 16 0.02
53860 20 0.08
53867 15 0.91
53881 3 0.79
53899 0 0.06
53925 6 0.16
53926 21 0.85
53931 18 0.62
53983 8 0.63
53987 11 0.93
54017 21 0.29
54026 25 0.3
54029 15 0.47
54046 1 0.74
54054 29 0.85
54109 8 0.36
54119 12 0.44
54120 3 0.65
54125 3 0.18
54136 20 0.83
54144 4 0.45
54160 5 0.26
54171 26 0.96
54177 8 0.85
54244 1 0.13
54262 20 0.72
54268 12 0.95
54308 15 0.08
54351 14 0.46
54360 0 0.7
54367 21 0.99
54381 29 0.95
54422 15 0.41
54428 22 0.91
54432 5 0.1
54456 13 0.61
54459 25 0.91
54470 23 0.2
54483 25 0.67
54490 22 0.54
54503 5 0.64
54521 6 0.99
54526 29 0.8
54529 13 0.83
54532 17 0.04
54538 24 0.38
54546 24 0.05
54562 10 0.18
54629 4 0.9
54639 7 0.08
54700 11 0.28
54702 1 0.56
54705 11 0.83
54711 23 0.75
54759 26 0.26
54765 5 0.29
54773 5 0.54
54778 6 0.64
54791 28 0.97
54801 1 0.16
54811 28 0.24
54819 5 0.2
54852 25 0.76
54855 11 0.39
54878 12 0.75
54895 14 0.41
54921 6 0.95
54935 6 0.8
54963 14 0.98
54995 7 0.64
55006 8 0.34
55012 16 0.67
55020 22 0.9
55042 25 0.69
55063 19 0.26
55064 1 0.42
55067 24 0.57
55080 14 0.24
55099 20 0.52
55112 2 0.01
55114 5 0.17
55164 25 0.95
55255 4 0.73
55270 29 0.16
55299 6 0.57
55372 2 0.14
55383 0 0.23
55387 5 0.45
55414 22 0.63
55431 21 0.08
55452 7 0.4
55457 2 0.77
55462 27 0.76
55491 12 0.0
55521 19 0.96
55530 28 0.26
55555 4 0.64
55561 5 0.39
55567 15 0.72
55576 27 0.47
55583 19 0.22
55589 4 0.1
55600 27 0.89
55624 19 1.0
55716 7 0.56
55743 15 0.23
55765 8 0.59
55834 24 0.93
55837 24 0.6
55860 24 0.29
55864 29 0.03
55869 6 0.45
55892 3 0.55
55904 1 0.11
55918 19 0.06
55941 7 0.3
55956 15 0.82
55995 25 0.27
56052 11 0.71
56058 16 0.88
56070 22 0.52
56087 0 0.92
56097 21 0.36
56103 0 0.17
56145 12 0.35
56180 14 0.67
56188 19 0.77
56205 1 0.56
56221 14 0.65
56225 2 0.65
56232 20 0.5
56271 4 0.16
56285 13 0.97
56299 6 0.61
56302 3 0.26
56309 29 0.42
56323 13 0.13
56362 27 0.56
56364 16 0.53
56373 12 0.34
56412 15 0.15
56421 1 0.24
56433 16 0.1
56449 20 0.62
56490 2 0.03
56513 26 0.3
56517 29 0.01
56532 3 0.49
56542 25 0.51
56563 22 0.76
56634 21 0.77
56640 21 0.79
56651 5 0.91
56662 13 0.34
56684 22 0.73
56722 8 0.47
56728 4 0.5
56735 10 1.0
56787 8 0.07
56799 16 0.27
56802 19 0.77
56872 8 0.33
56909 18 0.46
56916 0 0.55
56924 4 0.33
56925 0 0.55
56933 0 0.73
56937 10 0.62
56965 25 0.34
56975 7 0.11
56978 28 0.77
57029 0 0.4
57045 21 0.94
57080 29 0.41
57104 11 0.4
57115 18 0.79
57138 24 0.08
57183 7 0.23
57187 8 0.7
57192 6 0.82
57228 19 0.12
57288 29 0.49
57304 9 0.61
57309 13 0.82
57314 11 0.38
57340 18 0.31
57344 21 0.81
57396 27 0.01
57405 22 0.08
57407 2 0.05
57431 20 0.49
57442 19 0.12
57479 24 0.27
57491 11 0.17
57499 21 0.21
57530 28 0.44
57549 14 0.77
57572 22 0.74
57574 6 0.36
57576 6 0.44
57580 10 0.79
57585 5 0.31
57595 29 0.44
57615 1 0.15
57635 13 0.09
57645 10 0.01
57661 17 0.99
57707 26 0.08
57726 24 0.16
57757 2 0.77
57761 4 0.68
57778 23 0.96
57781 13 0.11
57808 14 0.6
57821 22 0.08
57831 29 0.5
57848 28 0.03
57850 23 0.09
57851 11 0.82
57859 19 0.26
57862 10 0.33
57882 8 0.28
57889 16 0.81
57893 4 0.71
57895 13 0.82
57908 27 0.56
57919 25 0.72
57955 11 0.77
57964 18 0.64
57968 8 0.25
57992 15 0.19
58007 21 0.09
58049 23 0.8
58052 18 0.37
58080 20 0.49
58101 11 0.57
58111 21 0.42
58118 21 0.91
58135 1 0.91
58164 23 0.46
58176 16 0.24
58228 20 0.55
58229 24 0.93
58257 3 0.81
58291 7 0.59
58327 9 0.56
58345 13 0.6
58348 15 0.94
58390 8 0.08
58410 21 0.37
58436 22 0.36
58439 1 0.82
58453 21 0.23
58460 1 0.25
58470 27 0.09
58502 13 0.03
58522 24 0.35
58526 14 0.23
58530 26 0.5
58550 24 0.87
58564 27 0.84
58565 13 0.6
58569 4 0.55
58573 28 0.38
58580 3 0.51
58597 16 0.12
58598 27 0.09
58628 11 0.92
58630 26 0.58
58643 23 0.17
58653 27 0.68
58670 6 0.02
58707 10 0.88
58712 10 0.43
58745 14 0.91
58768 19 0.56
58798 1 0.88
58813 7 0.89
58838 8 0.15
58867 25 1.0
58894 17 0.65
58896 29 0.42
58898 28 0.94
58917 20 0.11
58938 19 0.98
58941 17 0.5
58985 1 0.49
59004 6 0.14
59009 11 0.95
59022 3 0.39
59028 24 0.31
59048 6 0.81
59052 22 0.45
59069 14 0.2
59078 5 0.84
59089 5 0.32
59134 14 0.34
59152 18 0.87
59175 20 0.84
59177 25 0.43
59217 0 0.58
59220 4 0.07
59224 10 0.16
59230 4 0.46
59240 2 0.38
59272 1 0.31
59297 18 0.27
59305 7 0.58
59314 29 0.95
59319 24 0.66
59322 16 0.65
59324 5 0.38
59338 1 0.26
59353 22 0.07
59360 16 0.14
59371 2 0.21
59379 17 0.41
59387 25 0.84
59398 23 0.31
59407 1 0.76
59447 12 0.8
59448 20 0.0
59452 2 0.68
59456 6 0.72
59465 20 0.75
59506 18 0.3
59508 21 0.15
59512 1 0.87
59519 3 0.46
59551 26 0.99
59574 11 0.52
59588 25 0.57
59593 14 0.33
59594 9 0.07
59668 16 0.18
59670 5 0.18
59713 3 0.83
59715 14 0.19
59729 15 0.23
59751 19 0.75
59761 22 0.15
59812 15 0.53
59829 25 0.41
59833 21 0.74
59869 8 0.71
59875 17 0.12
59889 25 0.24
59894 23 0.38
59900 8 0.0
59908 18 0.85
59910 28 0.23
59921 9 0.03
59971 17 0.41
59986 18 0.14
60015 0 0.09
60032 17 0.55
60062 18 0.99
60084 11 0.3
60115 13 0.53
60125 5 0.51
60135 20 0.73
60148 26 0.47
60153 27 0.95
60158 7 0.65
60191 25 0.55
60193 23 0.21
60194 8 0.14
60206 26 0.52
60210 13 0.57
60254 21 0.39
60279 24 0.37
60284 10 0.84
60288 29 0.49
60292 15 0.68
60326 26 0.6
60339 6 0.66
60341 24 0.41
60347 6 0.95
60415 26 0.53
60419 29 0.04
60475 18 0.79
60528 15 0.51
60630 16 0.56
60636 8 0.45
60653 7 0.69
60700 16 0.04
60702 17 0.77
60743 3 0.98
60767 14 0.97
60783 12 0.97
60788 27 0.94
60832 29 0.85
60875 14 0.15
60888 8 0.99
60895 20 0.83
60898 9 0.57
60899 1 0.61
60910 16 1.0
60930 28 0.79
60939 1 0.15
60949 5 0.08
60953 7 0.82
60957 4 0.53
60967 2 0.25
60972 26 0.34
60992 23 0.37
60995 6 0.22
61004 25 0.52
61072 6 0.7
61098 17 0.89
61100 2 0.21
61101 12 0.25
61107 25 0.36
61108 9 0.4
61128 4 0.06
61138 21 0.74
61150 1 0.14
61169 21 0.55
61179 10 0.42
61215 5 0.25
61217 8 0.02
61228 14 0.1
61246 17 0.96
61249 4 0.8
61253 3 0.79
61275 13 0.28
61279 6 0.68
61299 8 0.04
61326 4 0.44
61361 6 0.32
61379 25 0.21
61380 0 0.05
61391 21 0.43
61402 13 0.06
61405 29 0.33
61409 8 0.47
61410 3 0.98
61417 22 0.63
61424 23 0.06
61456 21 0.56
61464 18 0.3
61482 10 0.77
61484 28 0.99
61495 23 0.7
61506 2 1.0
61528 17 0.4
61531 4 0.16
61536 19 0.68
61564 21 0.3
61573 12 0.26
61584 13 0.52
61621 23 0.28
61692 9 0.02
61696 6 0.47
61703 15 0.12
61714 6 0.14
61715 21 0.8
61716 10 0.68
61732 16 0.29
61755 23 0.42
61756 6 0.92
61807 24 0.37
61808 2 0.96
61836 12 0.96
61867 9 0.53
61875 25 0.75
61896 0 0.95
61909 1 0.4
61946 4 0.42
61978 5 0.88
61997 21 0.69
62003 3 0.35
62009 1 0.03
62010 5 0.15
62050 22 0.87
62096 0 0.55
62105 22 0.31
62124 14 0.5
62126 26 0.78
62147 13 0.64
62162 24 0.81
62181 10 0.09
62200 1 0.63
62205 0 0.13
62237 18 0.59
62278 2 0.09
62287 18 0.94
62291 21 0.21
62302 2 0.62
62305 24 0.2
62330 5 0.61
62334 28 0.67
62355 27 0.75
62390 2 0.05
62398 16 0.51
62404 7 0.58
62415 14 0.39
62428 6 0.12
62449 7 0.38
62459 16 0.03
62491 7 0.09
62493 25 0.48
62504 5 0.73
62515 18 0.09
62544 27 0.48
62563 5 0.26
62570 10 0.65
62578 15 0.41
62587 5 0.72
62596 5 0.95
62652 21 0.84
62687 4 0.12
62690 1 0.5
62702 9 0.38
62703 20 0.78
62716 9 0.5
62743 6 0.04
62744 12 0.61
62748 29 0.36
62776 18 0.85
62796 18 0.83
62841 18 0.43
62872 2 0.52
62882 21 0.76
62888 16 0.19
62896 2 0.89
62899 12 0.87
62903 17 0.52
62925 18 0.78
62930 16 0.63
62938 16 0.45
62941 7 0.09
62960 0 0.53
62964 18 0.25
62986 1 0.8
63031 13 0.96
63041 21 0.3
63049 22 0.13
63052 16 0.18
63093 15 0.23
63116 19 0.45
63139 5 0.46
63141 22 0.33
63198 4 0.54
63335 18 0.19
63358 0 0.43
63374 26 0.4
63395 22 0.94
63426 24 0.6
63448 21 0.01
63462 14 0.46
63469 21 0.01
63478 28 0.32
63483 20 0.73
63517 10 0.56
63521 7 0.88
63522 25 0.76
63551 7 0.37
63593 9 0.56
63594 26 0.12
63601 5 0.38
63673 23 0.63
63678 10 0.17
63708 27 0.28
63713 12 0.83
63764 13 0.24
63795 4 0.16
63868 29 0.69
63892 6 0.04
63911 25 0.98
63976 22 0.18
63977 0 0.85
63978 10 0.81
64002 12 0.34
64075 1 0.26
64084 6 0.79
64094 25 0.99
64113 20 0.25
64126 1 0.39
64208 22 0.98
64209 0 0.34
64223 12 0.31
64228 0 0.7
64285 8 0.94
64294 3 0.85
64299 13 0.54
64346 22 0.02
64357 1 0.62
64369 18 0.86
64380 21 0.21
64394 26 0.37
64403 20 0.46
64404 13 0.85
64419 29 0.51
64436 2 0.62
64452 25 0.26
64461 18 0.73
64519 11 0.73
64521 18 0.12
64532 5 0.43
64571 1 0.5
64578 20 0.5
64579 4 0.46
64594 24 0.01
64601 6 0.06
64609 20 0.27
64616 9 0.96
64639 17 0.25
64641 6 0.85
64646 6 0.07
64707 19 0.97
64718 19 0.96
64741 10 0.8
64761 12 0.7
64791 24 0.42
64813 10 0.98
64876 20 0.15
64884 23 0.18
64889 21 0.64
64929 6 0.59
64947 24 0.36
64953 15 0.66
64989 22 0.43
65012 28 0.43
65018 0 0.72
65027 26 0.21
65034 15 0.97
65076 4 0.48
65082 4 0.99
65105 10 0.45
65109 12 0.38
65129 1 0.12
65156 24 0.29
65159 18 0.86
65176 7 0.84
65184 29 0.73
65227 12 0.3
65234 4 0.1
65238 18 0.33
65245 7 0.81
65254 12 0.26
65262 29 0.29
65263 23 0.02
65264 16 0.28
65270 0 0.45
65304 11 0.27
65370 26 0.74
65371 27 0.5
65390 2 0.81
65401 24 0.95
65419 29 0.83
65422 0 0.65
65427 16 0.02
65429 13 0.99
65445 26 0.48
65458 7 0.06
65459 26 0.15
65462 15 0.11
65463 11 0.54
65466 8 0.63
65518 16 0.16
65528 25 0.89
65564 11 0.83
65570 21 0.81
65575 0 0.66
65614 26 0.2
65616 4 0.65
65631 26 0.6
65632 20 0.6
65644 8 0.76
65664 22 0.71
65670 13 0.2
65679 8 0.16
65694 9 0.46
65703 5 0.59
65716 2 0.85
65726 12 1.0
65745 0 0.91
65800 3 0.26
65831 13 0.58
65834 12 0.33
65849 2 0.44
65857 24 0.1
65874 24 0.91
65918 11 0.96
65936 7 0.4
65972 1 0.39
65993 15 0.62
66025 9 0.85
66031 13 0.44
66038 20 0.08
66070 19 0.56
66074 0 0.58
66103 1 0.17
66109 5 0.04
66111 10 0.62
66167 5 0.47
66182 15 0.6
66186 0 0.69
66195 14 0.27
66196 17 0.3
66200 7 0.32
66225 27 0.39
66233 7 0.22
66259 14 0.45
66273 21 0.31
66275 23 0.57
66310 5 0.16
66321 0 0.5
66346 7 0.61
66352 18 0.55
66358 28 0.3
66378 0 0.2
66381 7 0.34
66385 15 0.07
66387 23 0.73
66410 4 0.16
66413 14 0.21
66415 5 0.95
66456 23 0.46
66477 25 0.28
66482 13 0.66
66520 6 0.08
66541 22 0.15
66560 7 0.4
66600 15 0.79
66619 11 0.5
66622 16 0.07
66628 26 0.04
66643 21 0.76
66663 25 0.25
66674 22 0.23
66682 1 0.33
66694 6 0.19
66704 23 0.3
66715 17 0.3
66750 6 0.45
66751 12 0.22
66811 6 0.96
66828 26 0.96
66834 27 0.25
66837 20 0.32
66870 19 0.32
66874 3 0.36
66909 6 1.0
66910 18 0.86
66921 16 0.41
66956 10 0.96
66968 1 0.94
66977 15 0.32
67020 11 0.15
67034 14 0.11
67040 24 0.04
67042 5 0.25
67053 20 0.64
67060 18 0.57
67061 1 0.71
67070 18 0.08
67079 0 0.67
67124 29 0.61
67136 26 0.07
67155 4 0.23
67190 3 0.97
67199 8 0.95
67205 2 0.38
67214 15 0.68
67260 4 0.06
67298 3 0.32
67308 24 0.93
67318 14 0.61
67349 16 0.23
67399 27 0.84
67400 13 0.3
67405 4 0.93
67413 23 0.7
67430 15 0.97
67465 20 0.39
67467 14 0.32
67481 26 1.0
67483 1 0.44
67490 24 0.48
67493 7 0.18
67500 0 0.59
67513 17 0.03
67550 16 0.33
67551 27 0.55
67552 7 0.49
67561 9 0.15
67576 3 0.18
67583 0 0.89
67585 15 0.9
67641 14 0.48
67649 10 0.91
67662 6 0.59
67664 19 0.06
67668 21 0.91
67669 5 0.01
67689 12 0.53
67711 23 0.06
67732 15 0.88
67743 25 0.53
67749 28 0.25
67754 9 0.01
67762 7 0.29
67765 9 0.01
67810 1 0.01
67824 13 0.59
67833 16 0.52
67846 6 0.67
67860 8 0.4
67895 26 0.91
67914 10 0.59
67919 24 0.11
67941 9 0.31
67943 14 0.03
67947 28 0.7
67949 6 0.14
67953 9 0.28
67962 2 0.99
68000 18 0.25
68008 16 0.57
68011 24 0.32
68013 28 0.17
68015 18 0.45
68031 1 0.18
68040 2 0.88
68050 1 0.35
68068 9 0.58
68073 13 0.14
68087 4 0.48
68097 7 0.68
68107 28 0.55
68130 14 0.66
68210 9 0.53
68272 9 0.34
68278 21 0.99
68289 25 0.52
68291 18 0.13
68400 0 0.51
68411 14 0.43
68452 10 0.55
68471 28 0.38
68500 5 0.27
68516 11 0.99
68591 8 0.46
68600 1 0.82
68603 8 0.68
68661 28 0.93
68670 27 0.78
68678 25 0.38
68685 23 0.28
68705 7 0.16
68707 2 0.94
68711 14 0.66
68724 14 0.13
68739 11 0.84
68757 10 0.74
68763 12 0.15
68764 9 0.33
68769 6 0.51
68780 0 0.08
68782 16 0.75
68804 16 0.48
68838 16 0.36
68868 27 0.11
68870 2 0.73
68888 16 0.12
68893 22 0.84
68899 29 0.56
68929 13 0.52
68941 9 0.48
69020 2 0.21
69021 27 0.04
69027 2 0.92
69045 0 0.74
69066 5 0.44
69093 9 0.93
69114 8 0.52
69119 25 0.76
69143 9 0.27
69163 2 0.12
69194 22 0.11
69212 21 0.7
69239 3 0.92
69253 21 0.91
69278 1 0.45
69288 14 0.05
69338 5 0.89
69343 11 0.49
69360 28 0.32
69388 20 0.46
69421 27 0.48
69436 23 0.0
69440 5 0.44
69461 15 0.22
69482 21 0.39
69493 2 0.66
69507 18 0.99
69511 8 0.87
69522 27 0.53
69523 15 0.41
69524 23 0.0
69528 1 0.5
69537 5 0.58
69558 29 0.02
69564 12 0.98
69611 22 0.99
69681 28 0.63
69695 22 0.35
69703 3 0.52
69706 18 0.98
69728 2 0.4
69737 22 0.91
69769 29 0.31
69805 0 0.23
69806 12 0.08
69883 19 0.37
69894 22 0.29
69895 10 0.7
69931 10 0.53
69953 6 0.34
69964 21 0.8
69993 17 0.04
70058 3 0.07
70066 20 0.2
70068 10 0.73
70077 4 0.29
70113 10 0.67
70121 17 0.84
70127 0 0.05
70138 2 0.99
70141 13 0.23
70157 7 0.69
70163 7 0.21
70210 0 0.92
70211 22 0.32
70219 24 0.84
70289 13 0.65
70333 8 0.09
70349 24 0.2
70364 3 0.77
70380 9 0.92
70384 14 0.13
70452 4 0.57
70523 7 0.04
70541 16 0.69
70551 10 0.4
70559 7 0.26
70569 0 0.35
70580 14 0.17
70599 11 0.8
70604 3 0.26
70617 15 0.08
70639 13 0.91
70675 10 0.06
70698 20 0.31
70701 27 0.41
70722 11 0.76
70746 0 0.26
70768 20 0.01
70780 15 0.76
70837 2 0.02
70849 14 0.54
70862 13 0.2
70875 18 0.49
70881 11 0.75
70900 15 0.09
70920 9 0.79
70934 17 0.29
70941 28 0.28
70946 7 0.56
70953 24 0.62
70959 12 0.4
70962 4 0.95
70964 6 0.82
70985 28 0.37
70999 23 0.08
71013 1 0.19
71018 12 0.66
71022 28 0.41
71048 9 0.67
71056 17 0.43
71065 25 0.38
71079 22 0.68
71092 29 0.91
71161 10 0.29
71185 16 0.79
71218 25 0.78
71219 29 0.37
71285 14 0.83
71306 10 0.36
71326 24 0.8
71334 4 0.53
71336 26 0.91
71386 12 0.86
71405 9 0.6
71406 25 0.8
71420 7 0.69
71430 25 0.84
71432 2 0.71
71436 11 0.76
71457 27 0.95
71480 19 0.51
71494 18 0.29
71510 7 0.21
71522 5 0.71
71526 24 0.49
71539 19 0.65
71541 15 0.58
71547 28 0.93
71600 21 0.14
71610 28 0.51
71627 28 0.96
71648 2 0.62
71659 20 0.69
71675 19 0.64
71681 17 0.58
71734 29 0.83
71738 9 0.93
71761 5 0.51
71762 19 0.36
71780 14 0.81
71803 29 0.45
71857 22 0.19
71877 22 0.13
71938 28 0.4
71948 6 0.1
71953 8 0.63
71955 15 0.62
71957 26 0.91
71996 4 0.94
71999 4 0.02
72012 15 0.73
72033 9 0.39
72053 22 0.81
72061 3 0.1
72067 2 0.07
72070 24 0.36
72136 7 0.93
72166 28 0.56
72180 15 0.57
72189 11 0.68
72190 8 0.26
72194 7 0.01
72205 17 0.83
72218 5 0.97
72228 2 0.83
72243 17 0.64
72256 5 0.82
72257 1 0.62
72274 3 0.69
72286 2 0.55
72291 17 0.51
72306 1 0.01
72357 17 0.26
72368 18 0.03
72374 10 0.07
72378 22 0.17
72405 1 0.53
72410 0 0.1
72415 24 0.37
72448 27 0.18
72451 9 0.28
72468 12 0.12
72471 11 0.76
72522 11 0.29
72554 9 0.77
72571 21 0.65
72616 29 0.59
72677 3 0.87
72709 1 0.6
72741 21 0.59
72742 16 0.86
72752 18 0.76
72757 26 0.87
72781 28 0.66
72794 8 0.47
72811 6 0.3
72830 7 0.9
72863 28 0.35
72864 8 0.18
72907 28 0.19
72922 1 0.28
72923 19 0.48
72956 11 0.73
73017 22 0.32
73023 14 0.99
73034 22 0.77
73064 6 0.25
73079 29 0.39
73090 5 0.66
73099 26 0.98
73124 2 0.98
73129 12 0.03
73141 0 0.84
73149 2 0.58
73164 29 0.09
73179 21 0.02
73181 10 0.1
73188 11 0.31
73193 17 0.57
73216 3 0.19
73231 17 0.57
73240 2 0.88
73241 7 0.91
73247 24 0.02
73248 19 0.94
73256 21 0.31
73271 20 0.82
73297 6 0.01
73331 20 0.55
73336 6 0.87
73349 1 0.68
73373 14 0.99
73389 16 0.78
73404 15 0.87
73422 10 0.24
73423 18 0.77
73430 13 0.22
73438 27 0.97
73444 5 0.31
73467 10 0.73
73520 10 0.75
73536 19 0.84
73565 16 0.74
73577 2 0.65
73581 1 0.17
73589 27 0.61
73592 13 0.94
73599 10 0.23
73649 13 0.99
73652 11 0.58
73654 6 0.78
73664 3 0.64
73667 24 0.55
73679 29 0.1
73706 29 0.93
73720 4 0.87
73733 7 0.25
73734 2 0.03
73756 28 0.84
73761 13 0.89
73766 11 0.06
73774 18 0.05
73781 14 0.96
73786 18 0.65
73792 11 0.98
73839 13 0.0
73843 25 0.5
73855 13 0.66
73921 13 0.57
73976 14 0.61
73997 15 0.11
74048 13 0.89
74051 20 0.25
74058 0 0.07
74069 26 0.32
74073 20 0.79
74074 19 0.24
74092 8 0.27
74103 26 0.68
74111 15 0.9
74118 29 0.24
74128 23 0.94
74131 28 0.61
74136 8 0.86
74137 8 0.28
74147 29 0.21
74155 19 0.22
74156 26 0.74
74165 7 0.68
74174 27 0.94
74180 7 0.01
74210 14 0.24
74227 28 0.51
74236 16 0.31
74241 1 0.74
74254 5 0.24
74301 8 0.56
74316 0 0.01
74334 27 0.89
74349 11 0.82
74354 12 0.17
74355 1 0.3
74372 6 0.88
74394 25 0.36
74406 6 0.88
74442 24 0.47
74446 9 0.26
74470 27 0.71
74478 24 0.42
74530 23 0.99
74532 18 0.74
74537 24 0.38
74538 3 0.15
74568 25 0.08
74586 11 0.17
74606 25 0.62
74620 4 0.92
74622 16 0.68
74636 16 0.52
74654 20 0.7
74680 15 0.99
74724 26 0.7
74731 19 0.71
74743 22 0.99
74761 12 0.3
74778 21 0.56
74785 21 0.62
74811 4 0.64
74837 5 0.79
74864 0 0.53
74867 23 0.8
74870 24 0.23
74924 25 0.33
74980 28 0.55
75009 24 0.2
75068 25 0.65
75074 9 0.21
75087 4 0.76
75092 19 0.33
75153 4 0.5
75176 26 0.28
75198 9 0.03
75202 18 0.49
75215 5 0.01
75217 4 0.01
75220 11 0.32
75236 26 0.59
75242 12 0.38
75256 2 0.0
75263 27 0.53
75268 2 0.39
75269 1 0.26
75284 14 0.12
75310 28 0.83
75321 28 0.56
75335 21 0.97
75356 25 0.64
75363 7 0.41
75377 29 0.7
75382 22 0.76
75384 27 0.75
75394 27 0.04
75406 20 0.55
75414 2 0.76
75427 8 0.55
75441 11 0.26
75463 16 0.38
75470 23 0.66
75477 13 0.55
75495 26 0.38
75497 11 0.13
75499 22 0.09
75516 17 0.04
75525 6 0.65
75565 13 0.21
75566 18 0.39
75599 10 0.24
75605 22 0.54
75610 20 0.45
75622 24 0.91
75631 4 0.12
75636 19 0.34
75639 14 0.71
75665 16 0.96
75694 19 0.9
75713 25 0.97
75731 3 0.42
75748 14 0.86
75763 8 0.08
75776 24 0.73
75779 14 0.37
75804 4 0.99
75810 29 0.96
75811 11 0.19
75842 26 0.16
75854 7 0.07
75864 14 0.41
75910 21 0.66
75929 28 0.47
75940 11 0.65
75964 20 0.84
75983 4 0.36
76020 28 0.25
76042 22 0.45
76043 14 0.53
76052 7 0.36
76079 18 0.35
76086 2 0.37
76101 21 0.82
76105 21 0.77
76129 15 0.28
76131 29 0.29
76135 26 0.9
76138 9 0.71
76152 14 0.09
76195 29 0.8
76245 22 0.75
76253 18 0.45
76274 29 0.08
76287 5 0.77
76304 11 0.04
76324 11 0.53
76351 4 0.64
76356 20 0.33
76376 21 0.31
76425 0 0.5
76429 10 0.68
76476 10 0.11
76496 10 0.49
76503 20 0.37
76506 5 0.93
76511 3 0.19
76524 2 0.37
76537 18 0.38
76547 21 0.14
76579 14 0.98
76589 4 0.12
76595 8 0.82
76598 25 0.38
76599 11 0.83
76605 19 0.34
76617 21 0.68
76626 3 0.22
76635 12 0.77
76637 29 0.78
76652 4 0.32
76656 25 0.36
76708 5 0.31
76726 5 0.75
76763 29 0.44
76775 22 0.57
76844 24 0.45
76846 3 0.26
76867 0 0.2
76890 28 0.49
76894 19 0.2
76904 20 0.45
76924 25 0.84
76927 20 0.02
76934 14 0.97
76939 22 0.73
76954 6 1.0
76981 29 0.32
76984 20 0.93
76986 27 0.34
77028 9 0.53
77042 5 0.42
77049 6 0.05
77086 6 0.28
77089 26 0.74
77105 29 0.66
77114 12 0.87
77138 23 0.91
77164 3 0.12
77169 17 0.13
77191 18 0.09
77244 20 0.35
77272 6 0.63
77301 6 0.04
77302 24 0.77
77321 20 0.71
77336 16 0.72
77367 6 0.4
77370 21 0.83
77384 16 0.65
77393 8 0.39
77405 3 0.22
77411 13 0.83
77413 9 0.3
77434 12 0.33
77439 22 0.63
77450 15 0.29
77455 0 0.38
77471 27 0.53
77493 11 0.07
77503 17 0.52
77517 3 0.61
77523 23 0.23
77532 23 0.9
77555 3 0.59
77568 21 0.92
77571 1 0.84
77588 15 0.66
77635 19 0.98
77682 24 0.26
77718 0 0.35
77748 13 0.98
77754 25 0.2
77763 23 0.02
77773 15 0.85
77824 14 0.79
77834 9 0.44
77890 13 0.32
77892 17 0.8
77906 22 0.28
77952 1 0.13
78021 29 0.72
78051 26 0.68
78072 2 0.19
78098 17 0.78
78110 26 0.44
78112 1 0.85
78169 19 0.36
78171 24 0.26
78174 7 0.34
78179 23 1.0
78185 25 0.32
78189 4 0.26
78190 13 0.62
78230 27 0.5
78237 24 0.3
78238 23 0.23
78265 18 0.41
78269 18 0.15
78346 23 0.02
78363 18 0.67
78394 7 0.18
78424 1 0.67
78474 3 0.12
78486 10 0.73
78488 8 0.69
78520 12 0.55
78530 16 0.54
78554 8 0.92
78612 10 0.41
78615 21 0.95
78640 7 0.94
78642 9 0.66
78644 6 0.78
78654 22 0.09
78662 14 0.7
78664 29 0.27
78669 5 0.77
78694 15 0.6
78729 16 0.09
78731 4 0.81
78744 3 0.71
78752 17 0.02
78755 18 0.2
78762 22 0.72
78797 7 0.53
78837 22 0.0
78879 11 0.26
78881 20 0.32
78888 27 0.63
78894 10 0.35
78936 24 0.86
78984 21 0.03
78990 21 0.83
79026 23 0.77
79059 28 0.47
79074 25 0.37
79098 25 0.83
79111 13 0.79
79112 25 0.54
79164 17 0.43
79170 12 0.19
79233 12 0.08
79251 25 0.52
79257 16 0.9
79279 13 0.6
79286 21 0.27
79317 21 0.38
79325 0 0.17
79333 10 0.18
79358 2 0.5
79396 25 0.32
79399 12 0.22
79413 12 0.13
79430 11 0.79
79453 10 0.04
79518 3 0.91
79530 28 0.77
79543 26 0.34
79546 1 0.34
79561 12 0.55
79608 12 0.58
79615 15 0.91
79619 28 0.27
79631 28 0.9
79664 26 0.34
79697 28 0.83
79730 26 0.04
79749 11 0.4
79754 16 0.48
79767 27 0.54
79781 20 0.36
79785 14 0.79
79812 4 0.84
79819 21 0.06
79860 8 0.76
79921 14 0.53
79932 16 0.74
79941 27 0.67
79957 21 0.69
79967 16 0.6
79979 25 0.58
79989 0 0.38
79997 3 0.49
80019 13 0.76
80036 10 0.62
80091 25 0.07
80094 19 0.59
80104 1 0.03
80115 10 0.78
80136 18 0.23
80137 13 0.12
80185 14 0.99
80189 4 0.03
80205 28 0.63
80207 21 0.17
80237 11 0.14
80239 11 0.3
80242 20 0.38
80243 1 0.71
80266 4 0.63
80290 11 0.93
80340 28 0.56
80347 2 0.56
80350 21 0.85
80372 6 0.79
80385 27 0.1
80386 21 0.23
80398 15 0.84
80437 0 0.3
80456 11 0.49
80463 14 0.98
80486 2 0.73
80527 4 0.32
80547 14 0.19
80555 28 0.39
80591 9 0.88
80676 21 0.25
80689 2 0.34
80694 23 0.99
80738 17 0.72
80762 0 0.75
80793 24 0.98
80828 14 0.43
80837 2 0.86
80848 12 0.5
80869 16 0.26
80875 26 0.68
80900 4 0.13
80928 27 0.41
80968 18 0.69
80980 8 0.72
81008 12 1.0
81013 18 0.41
81015 17 0.79
81018 18 0.57
81021 25 0.33
81037 21 0.37
81041 27 0.14
81105 5 0.37
81113 24 0.9
81116 8 0.88
81117 0 0.92
81119 6 0.68
81127 19 0.93
81172 13 0.26
81207 16 0.52
81210 11 0.28
81213 26 0.3
81216 8 0.56
81231 6 0.86
81242 10 0.25
81245 20 0.71
81247 2 0.07
81252 4 0.97
81279 29 0.01
81309 23 0.42
81333 1 0.92
81334 4 0.45
81341 1 0.13
81381 4 0.67
81406 23 0.93
81411 14 0.01
81428 7 0.54
81437 24 0.1
81459 14 0.13
81463 14 0.44
81476 23 0.71
81481 11 0.6
81486 28 0.43
81513 7 0.26
81615 4 0.37
81619 17 0.33
81639 21 0.64
81653 8 0.78
81661 6 0.24
81683 13 0.42
81690 21 0.61
81711 8 0.29
81733 8 0.99
81736 27 0.24
81738 28 0.41
81747 1 0.88
81767 8 0.22
81781 2 0.28
81786 4 0.25
81805 3 0.23
81822 7 0.92
81844 20 0.57
81846 16 0.76
81873 23 0.05
81883 3 0.05
81887 5 0.72
81896 22 0.77
81900 8 0.78
81913 23 0.82
81920 9 0.62
81933 8 0.88
81934 7 0.33
81948 8 0.78
81950 26 0.39
81975 18 0.68
81984 25 0.89
81994 18 0.75
82032 5 0.65
82055 22 0.07
82070 1 0.47
82081 28 0.51
82111 17 0.6
82115 10 0.06
82119 17 0.9
82156 10 0.84
82168 18 0.14
82171 17 0.74
82177 11 0.0
82179 20 0.7
82201 15 0.27
82215 4 0.51
82230 6 0.7
82254 12 0.47
82259 23 0.45
82263 26 0.66
82344 24 0.08
82348 22 0.39
82374 18 0.62
82390 4 0.44
82394 18 0.87
82399 12 0.38
82401 25 0.8
82411 1 0.62
82424 7 0.48
82443 14 0.64
82490 28 0.46
82572 0 0.8
82583 8 0.04
82621 3 0.7
82637 24 0.84
82648 14 0.75
82667 17 0.98
82686 3 0.2
82698 3 0.12
82715 5 0.36
82726 8 0.63
82741 7 0.75
82752 12 0.61
82755 8 0.23
82759 21 0.17
82777 28 0.89
82816 9 0.68
82820 27 0.68
82823 19 0.3
82833 1 0.17
82839 0 0.28
82840 15 0.11
82848 4 0.95
82869 27 0.31
82890 12 0.38
82891 13 0.71
82892 18 0.96
82894 4 0.21
82921 12 0.04
82927 8 0.23
82932 11 0.26
82933 22 0.42
82958 27 0.57
82968 23 0.07
82980 20 0.59
82989 28 0.28
82995 6 0.99
83012 17 0.84
83017 2 0.51
83022 28 0.66
83067 17 0.33
83107 21 0.71
83114 26 0.21
83120 3 0.42
83137 1 0.46
83145 5 0.14
83148 6 0.85
83157 29 0.21
83161 22 0.74
83173 12 0.45
83174 26 0.9
83260 1 0.98
83267 16 0.84
83269 4 0.72
83270 24 0.95
83273 1 0.33
83321 28 0.65
83330 3 0.62
83357 12 0.17
83372 1 0.51
83475 22 0.16
83512 24 0.94
83517 28 0.51
83518 17 0.45
83519 5 0.91
83532 16 0.77
83539 27 0.73
83588 5 0.09
83615 5 0.39
83634 7 0.79
83640 8 0.0
83664 20 0.07
83670 9 0.83
83674 1 0.62
83682 1 0.77
83683 13 0.81
83687 4 0.63
83710 20 0.17
83733 17 0.34
83734 7 0.31
83763 13 0.79
83771 7 0.58
83798 14 0.74
83817 18 0.85
83824 21 0.16
83851 11 0.67
83963 5 0.52
83972 22 0.94
84003 17 0.26
84017 20 0.82
84019 3 0.54
84026 8 0.06
84090 13 0.22
84107 9 0.17
84118 11 0.52
84125 4 0.8
84145 18 0.32
84162 18 0.9
84182 17 0.01
84221 21 0.18
84287 13 0.05
84290 9 0.42
84363 3 0.43
84368 8 0.22
84387 3 0.41
84447 23 0.05
84451 25 0.03
84477 17 0.32
84537 3 0.98
84540 0 0.3
84555 14 0.03
84566 7 0.1
84575 12 0.2
84593 26 0.32
84614 29 0.43
84626 18 0.85
84675 4 0.04
84689 0 0.57
84694 4 0.41
84712 7 0.11
84714 7 0.48
84722 4 0.41
84734 18 0.79
84737 0 0.22
84751 27 0.46
84757 17 0.74
84761 14 0.67
84793 12 0.91
84803 15 0.29
84812 27 0.88
84821 26 0.67
84830 11 0.05
84838 27 0.26
84843 22 0.55
84855 20 0.7
84877 1 0.3
84892 0 0.63
84911 28 0.81
84958 19 0.02
85006 18 0.68
85092 2 0.46
85132 3 0.16
85193 0 0.28
85198 3 0.12
85209 8 0.51
85216 3 0.77
85230 23 0.98
85246 9 0.44
85254 18 0.03
85267 29 0.06
85269 26 0.38
85270 14 0.52
85307 20 0.49
85311 7 0.69
85335 24 0.4
85337 19 0.35
85351 9 0.9
85401 23 0.67
85405 29 0.94
85427 20 0.15
85443 16 0.78
85478 13 0.6
85481 22 0.47
85514 14 0.61
85520 16 0.19
85524 15 0.04
85551 24 0.03
85561 15 0.74
85562 24 0.95
85570 4 0.04
85579 16 0.58
85587 14 0.69
85615 23 0.13
85626 8 0.58
85661 27 0.49
85694 11 0.59
85695 26 0.44
85702 27 0.03
85713 23 0.12
85721 11 0.63
85758 21 0.71
85772 23 0.41
85779 6 0.38
85797 9 0.82
85809 14 0.43
85812 15 0.05
85835 29 0.87
85878 26 0.47
85898 7 0.27
85901 1 0.55
85916 13 0.63
85924 19 0.94
85927 9 0.7
85946 16 0.11
85957 21 0.72
85992 16 0.94
85995 13 0.55
86028 11 0.88
86034 5 0.73
86035 3 0.38
86038 22 1.0
86050 2 0.44
86056 28 0.26
86065 29 0.02
86072 20 0.8
86079 13 0.28
86113 9 0.45
86137 2 0.02
86144 4 0.39
86154 28 0.38
86184 3 0.46
86198 18 0.25
86255 1 0.46
86258 26 0.85
86261 10 0.77
86283 3 0.92
86323 1 0.55
86331 0 0.23
86347 13 0.92
86398 25 0.68
86422 9 0.16
86435 10 0.66
86493 11 0.06
86513 0 0.87
86547 5 0.15
86560 4 0.04
86603 26 0.43
86607 11 0.09
86614 16 0.86
86620 11 0.51
86634 20 0.67
86640 10 0.27
86643 1 0.39
86677 14 0.85
86682 21 0.9
86686 22 0.45
86715 28 0.62
86779 9 0.3
86782 16 0.03
86786 8 0.48
86809 9 0.19
86838 23 0.51
86850 26 0.44
86855 5 0.38
86881 29 0.23
86897 28 0.04
86908 14 0.71
86920 3 0.16
86922 17 0.03
86923 28 1.0
86941 25 0.88
86950 12 0.27
86958 16 0.72
87003 11 0.6
87004 7 0.01
87049 9 0.13
87061 13 0.9
87066 10 0.33
87071 0 0.19
87072 2 0.46
87086 13 0.94
87127 21 0.7
87149 20 0.05
87196 29 0.82
87218 26 0.67
87226 9 0.61
87258 17 0.31
87268 3 0.33
87269 4 0.54
87287 7 0.74
87293 14 0.7
87308 5 0.03
87323 27 0.29
87342 25 0.83
87357 23 0.47
87359 29 0.61
87366 10 0.52
87378 8 0.16
87390 28 0.71
87400 15 0.85
87458 24 0.58
87492 15 0.51
87524 14 0.87
87534 7 0.31
87540 2 0.68
87546 1 1.0
87582 22 0.78
87587 5 0.85
87594 2 0.44
87613 14 0.15
87619 2 0.02
87624 2 0.56
87631 21 0.05
87639 12 0.07
87640 28 0.69
87649 13 0.28
87657 25 0.33
87658 0 0.5
87664 10 0.32
87677 21 0.78
87688 28 0.1
87695 9 0.34
87713 14 0.05
87722 16 0.49
87747 11 0.61
87750 11 0.46
87758 22 0.77
87790 12 0.68
87848 17 0.74
87853 15 0.45
87860 29 0.35
87861 23 0.36
87871 1 0.22
87887 5 0.47
87950 9 0.57
87963 6 0.74
87975 12 0.31
88005 26 0.25
88008 24 0.13
88030 17 0.11
88039 23 0.96
88044 13 0.34
88064 26 0.23
88084 29 0.94
88101 26 0.42
88102 26 0.89
88109 24 0.26
88111 9 0.99
88130 11 0.78
88140 12 0.05
88160 24 0.72
88164 15 0.26
88205 19 0.43
88253 20 0.84
88264 12 0.43
88298 15 0.44
88320 20 0.09
88331 17 0.3
88333 22 0.95
88355 23 0.33
88389 28 0.84
88391 12 0.09
88395 14 0.91
88438 11 0.2
88445 28 0.39
88451 26 0.26
88501 11 0.52
88528 0 0.3
88544 5 0.89
88548 25 0.09
88563 5 0.96
88585 1 0.67
88607 16 0.32
88613 3 0.54
88614 12 0.41
88632 28 0.94
88692 15 0.33
88722 19 0.09
88744 9 0.21
88751 1 0.65
88765 21 0.59
88785 28 0.14
88821 10 0.14
88824 3 0.53
88846 17 0.79
88859 12 0.77
88862 28 0.52
88877 18 0.64
88880 20 0.94
88892 20 0.36
88933 8 0.04
88943 0 0.75
88959 7 0.32
88974 24 0.53
88977 24 0.49
89046 29 0.78
89072 0 0.23
89098 23 0.7
89110 1 1.0
89140 28 0.28
89161 23 0.45
89167 19 0.25
89177 14 0.7
89212 24 0.99
89245 24 0.64
89272 1 0.02
89280 10 0.55
89282 20 0.65
89291 7 0.02
89307 8 0.58
89327 2 0.18
89338 9 0.6
89377 4 0.17
89421 16 0.76
89496 4 0.75
89562 25 0.67
89565 4 0.44
89581 23 0.26
89596 3 0.07
89615 12 0.58
89618 25 0.65
89619 10 0.58
89620 20 0.81
89630 22 0.41
89664 24 0.58
89670 8 0.19
89720 16 0.0
89827 8 0.8
89843 27 0.36
89849 24 0.23
89852 28 0.83
89888 22 0.33
89907 24 0.14
89910 10 0.84
89914 7 0.09
89927 2 0.24
89936 10 0.39
89944 13 0.5
89951 23 0.83
89968 15 0.9
89971 27 0.8
89977 25 0.59
89979 23 0.04
89981 21 0.86
89984 15 0.29
90046 19 0.14
90074 7 0.91
90098 23 0.33
90116 17 0.98
90119 22 0.12
90136 0 0.07
90137 4 0.69
90146 26 0.41
90159 29 0.73
90165 14 0.23
90172 27 0.56
90173 11 0.28
90190 11 0.03
90205 28 0.58
90280 10 0.73
90299 18 0.54
90317 22 0.2
90346 15 0.38
90372 13 0.33
90390 18 0.87
90423 4 0.46
90425 25 0.1
90466 9 0.78
90472 16 0.71
90479 2 0.82
90524 24 0.95
90532 15 0.9
90537 6 0.28
90539 26 0.49
90558 23 0.2
90582 20 0.16
90588 8 0.56
90599 16 0.1
90610 25 0.56
90611 2 0.57
90632 2 0.75
90643 9 0.63
90648 24 0.86
90655 23 0.78
90685 19 0.45
90695 15 0.63
90710 21 0.09
90737 17 0.62
90741 26 0.75
90761 26 0.49
90791 16 0.82
90809 10 0.4
90812 19 0.26
90826 9 0.17
90841 20 0.36
90845 29 0.81
90879 19 0.02
90895 16 0.2
90900 11 0.11
90901 16 0.94
90905 7 0.82
90957 6 0.01
91001 19 0.9
91005 3 0.3
91057 29 0.26
91081 20 0.08
91094 28 0.48
91099 27 0.11
91102 8 0.45
91115 23 0.7
91116 24 0.94
91152 21 0.71
91162 6 0.44
91168 1 0.02
91187 7 0.7
91222 8 0.14
91228 23 0.41
91253 25 0.81
91266 4 0.62
91275 8 0.64
91283 24 0.24
91309 14 0.96
91311 21 0.25
91319 2 0.67
91364 9 0.59
91380 24 0.01
91395 5 0.54
91414 14 0.51
91421 5 0.77
91422 6 0.35
91432 21 0.23
91442 10 0.8
91455 22 0.41
91472 22 0.91
91543 12 0.09
91569 5 0.06
91576 9 0.58
91603 5 0.7
91637 2 0.39
91640 11 0.63
91685 25 1.0
91686 29 0.77
91739 19 0.96
91740 16 0.01
91776 13 0.6
91801 19 0.16
91843 9 0.7
91861 15 0.01
91862 21 0.78
91886 14 0.59
91895 7 0.38
91908 17 0.23
91964 1 0.57
91982 16 0.14
91990 4 0.15
91995 23 0.22
92040 8 0.76
92051 10 0.56
92068 20 0.59
92077 10 0.88
92103 8 0.32
92114 14 0.3
92119 7 0.73
92129 7 0.4
92149 24 0.34
92151 10 0.7
92162 0 0.32
92166 0 0.65
92182 13 0.34
92192 16 0.79
92198 16 0.75
92199 10 0.02
92217 25 0.15
92257 28 0.49
92283 27 0.55
92289 19 0.79
92323 22 0.88
92330 10 0.19
92352 25 0.27
92366 24 0.16
92410 19 0.4
92423 29 0.75
92425 26 0.37
92432 3 0.82
92449 8 0.01
92489 3 0.75
92499 18 0.71
92559 28 0.88
92569 15 0.91
92571 7 0.43
92584 9 0.29
92600 0 0.72
92628 9 0.59
92654 26 0.25
92669 3 0.89
92680 24 0.43
92687 21 0.54
92723 6 0.67
92724 7 0.74
92762 13 0.05
92793 0 0.82
92839 25 0.3
92872 12 0.06
92892 19 0.04
92925 20 0.48
92929 25 0.49
92940 10 0.84
92944 28 0.18
92959 23 0.42
92980 3 0.96
93007 15 0.22
93010 13 0.62
93040 29 0.57
93042 0 0.34
93045 27 0.72
93057 8 0.71
93078 16 0.23
93079 1 0.1
93081 14 0.34
93106 8 0.03
93109 18 0.11
93120 17 0.76
93152 22 0.77
93187 27 0.87
93219 8 0.24
93254 6 0.85
93260 17 0.36
93263 28 0.87
93267 14 0.08
93283 11 0.61
93299 4 0.08
93317 2 0.62
93344 5 0.54
93349 21 0.6
93353 14 0.47
93363 29 0.49
93371 18 0.64
93394 26 0.68
93439 17 0.45
93445 14 0.62
93454 2 1.0
93462 10 0.04
93498 24 0.4
93517 14 0.53
93537 24 0.43
93578 0 0.73
93584 3 0.81
93619 24 0.46
93639 18 0.54
93646 20 0.51
93657 8 0.2
93668 16 0.84
93674 17 0.1
93703 17 0.27
93735 17 0.34
93740 29 0.32
93773 2 0.5
93782 11 0.71
93815 22 0.3
93835 5 0.84
93891 17 0.06
93900 20 0.34
93915 24 0.98
93928 12 0.19
93938 23 0.77
93941 4 0.69
93947 29 0.19
93974 27 0.76
93981 1 0.54
93997 25 0.38
94000 10 0.99
94016 26 0.94
94036 23 0.55
94052 13 0.53
94062 26 0.35
94063 25 0.28
94080 5 0.52
94106 2 0.18
94150 18 0.72
94160 5 0.19
94164 8 0.61
94166 18 0.26
94169 15 0.99
94192 25 0.37
94206 9 0.94
94260 11 0.9
94265 8 0.66
94271 4 0.36
94286 8 0.77
94288 13 0.86
94295 11 0.62
94303 27 0.56
94310 8 0.74
94342 5 0.01
94384 2 0.21
94385 20 0.79
94416 11 0.62
94524 7 0.4
94535 16 0.72
94559 9 0.49
94585 3 0.28
94599 21 0.92
94603 2 0.28
94625 10 0.69
94640 12 0.01
94654 17 0.72
94660 19 0.63
94665 11 0.45
94686 21 0.74
94690 9 0.88
94697 7 0.76
94715 11 0.7
94716 10 0.78
94772 18 0.71
94776 15 0.86
94778 13 0.86
94786 2 0.14
94792 21 0.11
94795 11 0.48
94808 10 0.32
94819 6 0.03
94820 4 0.11
94826 15 0.61
94845 20 0.85
94848 13 0.36
94880 27 0.63
94910 12 0.76
94939 28 0.86
94969 14 0.65
94971 24 0.75
95034 29 0.3
95062 0 0.57
95065 27 0.07
95119 10 0.52
95121 21 0.58
95126 14 0.87
95149 14 0.21
95153 27 0.32
95189 1 0.08
95204 26 0.25
95207 24 0.9
95214 24 0.44
95216 14 0.05
95229 27 0.53
95261 10 0.22
95284 23 0.94
95325 7 0.67
95331 19 0.15
95332 3 0.14
95357 10 0.27
95373 29 0.49
95448 26 0.03
95458 15 0.77
95463 26 0.11
95482 17 0.5
95488 13 0.08
95513 24 0.76
95519 7 0.97
95578 28 0.73
95642 20 0.65
95643 22 0.49
95651 29 0.27
95663 25 0.28
95664 21 0.6
95680 28 0.25
95736 7 0.55
95817 1 0.34
95852 19 0.91
95863 1 0.62
95879 15 0.41
95900 11 0.87
95918 15 0.09
95928 3 0.64
95948 1 0.85
95973 1 0.87
95974 12 0.76
95979 8 0.59
96005 16 0.83
96024 26 0.66
96035 4 0.06
96041 1 0.49
96060 17 0.34
96077 5 0.24
96109 18 0.17
96123 5 0.08
96133 0 0.86
96147 19 0.11
96148 14 0.35
96199 21 0.55
96225 4 0.51
96226 26 0.19
96231 26 0.13
96249 6 0.92
96255 22 0.4
96261 8 0.5
96279 14 0.41
96347 24 0.59
96368 21 0.15
96370 24 0.37
96400 12 0.44
96468 6 0.08
96489 10 0.8
96543 18 0.25
96568 3 0.87
96586 2 0.15
96612 20 0.53
96627 18 0.5
96641 29 0.73
96671 17 0.7
96676 20 0.41
96688 22 0.94
96694 26 0.52
96707 10 0.85
96735 15 0.92
96740 12 0.57
96746 0 0.09
96747 11 0.27
96780 27 0.63
96782 5 0.99
96795 22 0.78
96797 18 0.0
96822 17 0.8
96823 13 0.02
96825 24 0.36
96841 24 0.91
96853 17 0.97
96854 15 0.35
96911 16 0.42
96937 25 0.37
96977 5 0.28
97003 4 0.65
97023 26 0.99
97033 8 0.72
97049 8 0.18
97050 7 0.18
97053 17 0.26
97061 13 0.74
97070 18 0.49
97085 8 0.28
97087 5 0.78
97126 18 0.68
97154 9 0.82
97157 18 0.95
97161 9 0.12
97173 15 0.98
97180 18 0.92
97201 28 0.13
97203 23 0.91
97207 20 0.8
97208 4 0.43
97245 20 0.9
97252 7 0.18
97253 18 0.7
97265 19 0.09
97273 24 0.99
97275 28 0.16
97279 0 0.7
97283 2 0.43
97301 10 0.23
97305 19 0.17
97307 27 0.36
97335 24 0.58
97338 19 0.11
97348 5 0.18
97352 22 0.19
97358 26 0.45
97366 19 0.47
97377 24 0.28
97384 10 0.6
97391 27 0.21
97399 23 0.79
97402 6 0.26
97422 13 0.79
97430 15 0.71
97431 27 0.03
97456 0 0.62
97478 24 0.88
97570 17 0.82
97600 14 0.81
97615 20 0.08
97621 9 0.17
97635 28 0.96
97662 14 0.61
97726 9 0.95
97744 3 0.06
97755 15 0.71
97773 9 0.5
97777 13 0.57
97789 14 0.73
97794 0 0.18
97822 23 0.15
97841 16 0.5
97847 18 0.13
97851 15 0.04
97854 6 0.93
97865 28 0.55
97869 25 0.63
97884 7 0.27
97887 24 0.59
97889 1 0.2
97894 2 0.49
97899 15 0.59
97906 3 0.3
97909 11 0.04
97932 10 0.76
97942 6 0.46
97945 22 0.3
97953 1 0.18
97957 17 0.86
97971 21 0.16
97980 5 0.85
97993 22 0.43
98048 23 0.86
98072 28 0.95
98073 25 0.2
98081 7 0.41
98138 8 0.28
98144 9 0.8
98147 24 0.94
98173 11 0.89
98229 1 0.22
98246 18 0.95
98255 10 0.69
98261 23 0.15
98281 24 0.81
98286 27 0.39
98313 21 0.38
98321 16 0.64
98355 4 0.68
98356 12 0.23
98360 17 0.13
98374 22 0.34
98380 12 0.25
98389 24 0.16
98391 23 0.91
98418 9 0.39
98428 8 0.93
98430 22 0.26
98458 3 0.22
98473 19 0.47
98488 9 0.38
98511 10 0.79
98526 2 0.66
98531 16 0.37
98553 11 0.98
98554 22 0.59
98563 9 0.12
98567 17 0.81
98569 28 0.5
98595 20 0.87
98631 9 0.59
98685 11 0.19
98708 19 0.04
98723 16 0.98
98737 27 0.17
98742 26 0.74
98801 12 0.79
98828 15 0.48
98861 24 0.21
98863 24 0.18
98879 26 0.71
98898 8 0.19
98935 26 0.78
98937 11 0.11
99043 13 0.48
99065 19 0.03
99115 20 0.26
99120 28 0.01
99197 26 0.03
99216 13 0.98
99219 16 0.66
99240 19 0.16
99247 2 0.39
99248 5 0.97
99258 3 0.55
99268 1 0.72
99283 8 0.21
99336 4 0.74
99356 14 0.23
99376 28 0.88
99385 17 0.39
99400 9 0.34
99416 13 0.39
99464 22 0.32
99489 13 0.66
99515 17 0.06
99524 4 0.46
99544 14 0.22
99587 4 0.13
99595 12 0.94
99606 2 0.13
99627 11 0.01
99630 14 0.18
99667 23 0.01
99684 9 0.4
99701 4 0.18
99719 28 0.89
99752 19 0.37
99757 13 0.89
99759 28 0.13
99772 17 0.44
99791 0 0.01
99840 13 0.13
99856 25 0.94
99861 9 0.69
99889 13 0.62
99890 4 0.2
99904 1 0.52
99936 19 0.39
99943 21 0.72
99945 20 0.33
99966 10 0.72
