1382 8 0.61
1919 0 0.75
721 9 0.53
4166 3 0.22
698 9 0.14
1305 1 0.63
1914 3 0.71
933 0 0.97
7665 5 0.92
1336 7 0.35
3692 8 0.76
1602 9 0.75
3657 9 0.91
5577 6 0.48
903 5 0.61
5918 4 0.84
4909 1 0.36
2040 0 0.48
1312 3 0.62
4453 7 0.27
3912 3 0.2
8961 9 0.12
7097 3 0.47
4311 2 0.09
1938 8 0.16
6955 9 0.95
7577 9 0.42
1754 4 0.62
9963 9 0.93
3217 0 0.75
608 7 0.2
3814 5 0.57
3406 9 0.55
6440 8 0.92
2262 2 0.38
2064 2 0.21
5114 3 0.55
5038 1 0.92
2504 5 0.53
2505 9 0.95
5832 4 0.94
7690 8 0.52
5481 2 0.79
2517 4 0.69
4992 3 0.24
3280 8 0.53
2741 7 0.05
2152 1 0.28
6205 4 0.74
6758 8 0.05
3195 1 0.41
7711 9 0.5
536 1 0.12
7864 3 0.74
6746 0 0.06
464 9 0.2
3475 3 0.8
2428 7 0.95
2197 9 0.11
2189 8 0.94
5706 9 0.42
8494 0 0.26
5504 6 0.21
7588 3 0.99
6421 0 0.12
7366 4 0.99
6672 1 0.24
1268 5 0.5
4556 9 0.3
5524 5 0.43
6302 4 0.16
1968 7 0.28
2159 0 0.58
1929 5 0.1
1297 8 0.61
9236 8 0.48
5231 4 0.78
8538 5 0.43
6360 0 0.93
469 8 0.97
2582 8 0.41
3020 7 0.48
8817 9 0.09
6761 4 0.95
6290 9 0.93
6577 1 0.05
2494 8 0.51
807 7 0.56
8246 4 0.03
9390 2 0.37
221 4 0.76
708 8 0.0
8904 3 0.16
7420 0 0.4
9766 2 0.19
2396 7 0.66
6482 1 0.88
2623 5 0.08
5450 3 0.46
9835 8 0.57
8686 6 0.78
5316 1 0.18
2857 0 0.41
3672 6 0.47
1302 0 0.55
6945 8 0.47
8082 9 0.07
9890 2 0.37
8848 9 0.2
9503 1 0.79
6103 9 0.56
4742 5 0.71
694 3 0.59
5848 7 0.72
506 2 0.48
9987 1 0.49
2062 4 0.93
9180 1 0.77
1676 9 0.81
4704 4 0.31
8036 7 0.09
5280 0 0.87
4411 5 0.64
4238 0 0.26
7027 3 0.79
4664 9 0.34
1990 4 0.86
8177 3 0.2
512 2 0.66
4056 4 0.63
2189 1 0.07
167 3 0.56
8937 7 0.3
2138 4 0.24
6387 8 0.51
6097 7 0.55
5658 4 0.74
7441 7 0.7
3 9 0.81
1976 4 0.07
80 5 0.13
8436 7 0.6
9361 3 0.23
2370 0 0.27
3848 7 0.13
8796 9 0.64
8962 4 0.3
8100 5 0.44
4768 9 0.66
8921 2 0.57
7392 9 0.54
1878 4 0.68
7942 4 0.35
4761 3 0.51
7193 4 0.75
5251 8 0.52
9985 0 0.58
8305 8 0.38
3858 9 0.4
3232 0 0.12
6809 6 0.41
6519 3 0.38
2675 7 0.38
3397 1 0.96
5738 6 0.72
1089 7 0.73
4445 7 0.56
9492 5 0.31
1351 5 0.32
963 7 0.99
5297 1 0.53
1342 9 0.82
4346 0 0.09
2797 5 0.82
9761 9 0.0
7444 1 0.48
7299 3 0.53
7245 7 0.65
5115 5 0.24
9697 4 0.04
8522 9 0.84
6644 3 0.1
1583 1 0.97
1454 1 0.64
2430 7 0.65
3576 5 0.43
7652 2 0.25
5591 6 0.87
9727 1 0.63
7509 4 0.85
6552 8 0.77
1506 3 0.7
285 0 0.89
8026 8 0.29
3245 3 0.27
5600 3 0.27
1854 0 0.44
1591 4 0.04
8583 1 0.15
4595 4 0.07
3267 6 0.53
643 7 0.05
302 9 0.56
4285 7 0.79
9269 1 0.81
5575 3 0.48
8785 1 0.9
7796 7 0.45
8417 4 0.67
9147 7 0.1
2824 3 0.4
3414 5 0.55
7118 4 0.85
2047 1 0.61
7448 3 0.27
7558 8 0.79
3729 3 0.3
8093 7 0.65
233 6 0.72
2374 8 0.4
1856 4 0.88
432 0 0.33
4409 5 0.04
6217 5 0.62
8833 3 0.46
8983 0 0.75
7087 1 0.98
5357 2 0.27
6002 2 0.28
271 6 0.54
9640 3 0.7
2310 8 0.49
2358 9 0.76
3534 9 0.54
5669 5 0.71
8081 5 0.72
1493 0 0.91
5588 9 0.32
9571 9 0.81
9957 5 0.43
7222 4 0.46
4457 7 0.38
3647 2 0.47
9480 5 0.95
8118 3 0.94
1463 9 0.32
290 5 0.92
8396 5 0.71
5267 0 0.49
3555 2 0.86
2459 7 0.77
2007 3 0.74
2808 3 0.02
8490 9 0.75
7464 5 0.87
2796 2 0.43
1383 2 0.65
8839 1 0.49
2217 8 0.51
1984 0 0.23
8602 8 0.21
9532 5 0.31
6098 4 0.96
6458 4 0.54
3748 4 0.58
3900 6 0.1
6476 4 0.45
5951 3 0.25
9911 1 0.35
3544 1 0.02
5366 5 0.24
1249 5 0.73
3121 5 0.83
882 1 0.52
6503 7 0.56
5967 3 0.91
9121 4 0.49
9470 3 0.59
1276 9 0.9
3843 4 0.87
4818 7 0.68
306 3 0.56
2234 4 0.46
1058 1 0.2
5596 3 0.88
4217 3 0.9
3343 6 0.89
7920 1 0.24
3736 5 0.03
6347 2 0.94
3903 8 0.76
9722 7 0.48
4633 0 0.66
3618 9 0.2
7734 5 0.49
1090 9 0.68
3156 5 0.45
5496 0 0.72
6002 2 0.06
9311 9 0.75
3456 6 0.99
2040 1 0.69
2225 9 0.48
9947 2 0.15
6940 9 0.32
6296 5 0.86
6465 6 0.74
2395 8 0.01
6696 8 0.81
7470 0 0.09
2154 4 0.81
7587 6 0.99
8518 9 0.28
6315 5 0.28
1932 8 0.86
7465 7 0.56
6209 8 0.11
8857 3 0.34
7591 8 0.23
4014 3 0.95
3661 7 0.84
4191 1 0.8
7666 1 0.25
5071 8 0.76
611 8 0.76
1169 5 0.05
8857 6 0.03
9546 7 0.38
1618 6 0.27
3577 7 0.93
6428 3 0.88
3018 5 0.13
9018 3 0.92
5351 8 0.91
9287 8 0.3
5338 1 0.78
2121 7 0.6
9754 1 0.31
1985 3 0.3
5607 4 0.77
6659 5 0.77
9675 9 0.6
669 3 0.82
8163 1 0.73
5161 7 0.8
3414 8 0.56
3312 3 0.37
9890 2 0.27
3155 8 0.15
8999 7 0.66
8045 8 0.62
3750 6 0.99
1168 6 0.59
8567 4 0.24
7335 1 0.3
8750 7 0.91
3136 3 0.66
4419 3 0.76
1386 2 0.26
5884 4 0.59
7220 2 0.21
5342 3 0.8
777 2 0.26
710 2 0.26
7813 7 0.17
5884 8 0.23
9382 0 0.85
2966 9 0.42
7311 0 0.23
6983 9 0.15
7296 7 0.97
5417 7 0.83
2898 5 0.9
6794 4 0.93
5307 9 0.83
8087 3 0.66
9983 1 0.43
2557 0 0.95
7557 9 0.42
8681 2 0.65
1491 8 0.86
558 8 0.46
9189 9 0.18
1395 0 0.32
9280 7 0.98
9413 4 0.62
1810 9 0.59
4290 8 0.59
647 0 0.11
2441 3 0.57
4497 6 0.4
6405 1 0.51
9332 4 0.58
3793 9 0.2
9920 7 0.15
7022 5 0.91
7743 7 0.09
8906 4 0.54
2664 6 0.73
856 2 0.5
2466 9 0.31
1256 5 0.94
5955 3 0.31
3584 3 0.92
8219 1 0.45
3258 5 0.85
3086 8 0.15
2074 4 0.94
8393 8 0.29
9890 9 0.59
7138 9 0.85
9476 5 0.73
6161 5 0.41
7129 9 0.34
6499 7 0.14
2435 8 0.85
1223 9 0.22
4432 1 0.18
2238 4 0.68
1513 6 0.91
731 2 0.07
3165 4 0.38
6248 3 0.26
647 1 0.55
2637 9 0.34
1756 3 0.16
8174 7 0.65
9359 9 0.86
6313 7 0.33
2474 4 0.23
1339 5 0.76
2612 7 0.91
4517 5 0.92
67 1 0.27
2956 2 0.15
5257 6 0.07
1706 4 0.37
328 4 0.68
3076 6 0.84
1019 7 0.54
5536 9 0.89
7421 2 0.92
6251 6 0.15
2360 0 0.57
4533 3 0.91
2053 5 0.98
7065 0 0.42
9657 2 0.07
6092 8 0.04
8127 4 0.52
9792 5 0.52
4631 4 0.19
7366 7 0.28
9661 2 0.25
9050 7 0.6
256 4 0.38
5477 8 0.79
8233 8 0.19
4968 2 0.28
4669 5 0.77
8556 1 0.55
8322 6 0.17
3577 6 0.64
3610 2 0.74
5862 2 0.52
3671 7 0.1
3330 0 0.96
9988 5 0.24
8603 7 0.91
8919 5 0.1
6469 9 0.08
372 2 0.57
5455 2 0.53
5458 5 0.18
5948 5 0.0
3761 9 0.55
9387 9 0.08
248 2 0.39
273 4 0.76
5617 5 0.67
1225 8 0.28
5045 1 0.54
8966 5 0.95
3384 1 0.79
664 0 0.58
6645 9 0.22
2583 7 0.77
1230 1 0.28
92 9 0.18
4431 8 0.25
1234 3 0.18
9859 7 0.75
4096 9 0.67
5281 0 0.25
6671 5 0.65
5721 7 0.93
1003 3 0.33
7739 4 0.55
4237 8 0.54
2701 7 0.66
2942 3 0.95
1904 7 0.36
7140 8 0.12
2039 3 0.95
5540 9 0.52
2236 4 0.59
6800 6 0.64
3672 5 0.17
5611 4 0.78
1120 4 0.45
6128 0 0.73
1647 7 0.58
9662 9 0.17
9825 8 0.25
1329 4 0.88
1564 7 0.51
1826 9 0.58
5082 8 0.22
1761 1 0.2
4827 3 0.21
7247 8 0.56
2317 2 0.57
4792 0 0.14
6887 4 0.24
1435 7 0.47
809 4 0.12
3996 3 0.91
8836 3 0.97
4988 3 0.38
7737 7 0.19
2132 0 0.71
3028 2 0.68
3093 4 0.36
9416 6 0.68
2631 6 0.78
8986 9 0.45
8389 8 0.89
6897 8 0.62
7624 2 0.07
5867 0 0.63
8099 4 0.38
3736 1 0.08
673 3 0.87
4872 8 0.43
814 6 0.81
7336 0 0.39
471 0 0.58
