12 23 0.62
17 24 0.9
22 23 0.22
27 1 0.26
28 12 0.16
32 3 0.25
33 11 0.19
34 13 0.29
43 4 0.45
44 26 0.65
45 13 0.31
46 27 0.82
47 5 0.74
48 24 0.29
52 16 0.93
57 15 0.93
60 24 0.17
61 21 0.31
62 10 0.97
63 3 0.18
67 5 0.44
73 18 0.67
76 25 0.37
84 6 0.72
89 29 0.6
91 14 0.25
96 1 0.44
98 20 0.41
114 4 0.19
115 6 0.98
117 12 0.89
120 15 0.96
123 6 0.31
132 8 0.73
142 13 0.46
143 0 0.19
145 16 0.47
146 18 0.45
152 8 0.14
157 10 0.56
168 4 0.09
177 23 0.84
181 24 0.12
187 16 0.42
195 13 0.03
198 21 0.61
200 3 0.03
206 27 0.52
207 0 0.19
208 12 0.73
209 9 0.12
222 3 0.01
223 16 0.21
224 7 0.95
235 20 0.55
236 3 0.18
240 8 0.16
243 7 0.52
248 1 0.32
249 28 0.89
254 7 0.65
260 4 0.4
262 5 0.99
273 19 0.46
274 17 0.01
275 10 0.99
279 2 0.9
281 14 0.27
284 12 0.99
285 9 0.47
289 24 0.9
300 21 0.8
301 11 0.12
302 5 0.15
310 25 0.52
318 10 0.06
322 21 0.04
323 6 0.87
326 6 0.81
327 15 0.44
331 0 0.34
335 8 0.67
338 5 0.53
339 8 0.85
342 9 0.93
346 17 0.65
347 26 0.16
353 9 0.24
357 13 0.72
361 9 0.76
366 14 0.58
371 3 0.33
376 4 0.55
380 1 0.9
388 15 0.23
389 18 0.98
393 8 0.81
399 27 0.49
401 21 0.73
403 1 0.14
406 4 0.15
408 10 0.07
412 24 0.49
417 0 0.84
420 14 0.66
421 12 0.03
424 1 0.33
425 5 0.66
428 28 0.67
430 11 0.72
431 8 0.91
435 0 0.83
445 26 0.9
455 12 0.39
457 23 0.68
469 15 0.35
472 9 0.81
484 3 0.09
487 5 0.4
489 22 0.18
490 10 0.82
492 22 0.52
495 26 0.06
496 18 0.1
501 2 0.91
504 6 0.58
506 19 0.7
511 12 0.03
512 1 0.06
513 19 0.37
520 18 0.31
528 25 0.02
533 15 0.88
537 5 0.04
538 12 0.58
539 12 0.62
545 24 0.53
548 12 0.28
549 29 0.11
551 3 0.3
552 26 0.07
554 20 0.19
555 26 0.8
570 10 0.06
577 16 0.61
594 5 0.47
596 23 0.93
601 16 0.13
603 25 0.79
609 17 0.17
616 10 0.57
620 18 0.18
626 9 0.19
628 18 0.35
631 15 0.53
634 14 0.31
643 10 0.54
644 9 0.04
646 5 0.8
649 5 0.83
654 4 0.08
656 9 0.45
662 0 0.12
665 17 0.9
669 14 0.29
675 4 0.87
679 27 0.59
686 1 0.25
689 12 0.75
690 18 0.82
691 28 0.58
692 0 0.78
697 6 0.64
698 7 0.86
701 12 0.15
703 11 0.99
704 27 0.59
707 9 0.41
709 1 0.67
712 14 0.03
713 2 0.4
720 23 0.32
724 12 0.92
728 5 0.29
747 17 0.2
755 1 0.01
764 15 0.04
766 26 0.52
767 17 0.02
782 2 0.62
788 19 0.9
790 21 0.31
791 1 0.49
792 15 0.71
793 21 0.99
796 15 0.76
797 20 0.21
805 11 0.8
809 0 0.05
811 28 0.27
818 28 1.0
823 0 0.99
824 17 0.71
828 21 0.46
830 7 0.47
848 8 0.43
852 7 0.57
855 1 0.69
858 12 0.27
861 22 0.18
862 28 0.13
872 4 0.65
873 24 0.49
874 11 0.03
877 18 0.77
878 5 0.07
893 20 0.65
894 3 0.66
902 27 0.31
909 4 0.03
913 17 0.07
916 29 0.57
917 15 0.42
929 10 0.97
932 29 0.04
934 13 0.46
935 16 0.33
936 3 0.24
939 23 0.58
945 21 0.51
951 14 0.95
953 5 0.66
954 3 0.65
958 25 0.92
962 0 0.75
966 2 0.85
973 6 0.85
975 14 0.54
976 3 0.97
978 13 0.18
980 4 0.63
983 5 0.14
996 8 0.55
997 27 0.15
999 6 0.1
1001 23 0.33
1003 16 0.07
1004 9 0.58
1009 11 0.47
1012 21 0.26
1017 17 0.65
1025 29 0.03
1027 22 0.05
1029 8 0.01
1031 8 0.46
1037 26 0.95
1052 20 0.81
1056 17 0.93
1057 10 0.47
1059 2 0.31
1060 5 0.26
1065 24 0.98
1076 16 0.34
1083 9 0.93
1084 3 0.82
1085 21 0.85
1086 8 0.48
1091 15 0.43
1093 5 0.17
1100 19 0.48
1101 5 0.38
1105 24 0.23
1112 17 0.1
1115 23 0.84
1125 5 0.56
1127 25 0.77
1128 13 0.65
1129 23 0.34
1132 10 0.97
1137 18 0.16
1144 16 0.74
1161 16 0.95
1165 28 0.48
1166 24 0.35
1172 19 0.27
1178 25 0.85
1180 16 0.93
1182 23 0.89
1184 9 0.99
1186 25 0.99
1199 10 0.22
1201 1 0.19
1202 27 0.1
1208 6 0.79
1216 5 0.55
1218 15 0.24
1224 21 0.08
1225 14 0.79
1228 24 0.51
1232 15 0.15
1237 16 0.0
1246 6 0.92
1252 16 0.7
1254 3 0.79
1257 6 0.25
1262 12 0.3
1263 16 0.05
1266 2 0.44
1269 20 0.35
1270 21 0.17
1272 25 0.43
1274 2 0.23
1277 4 0.34
1278 3 0.87
1283 26 0.06
1286 27 0.87
1295 28 0.01
1297 0 0.79
1302 1 0.7
1312 0 0.46
1314 8 0.97
1326 4 0.11
1327 28 0.92
1331 3 0.18
1332 16 0.61
1334 8 0.15
1342 24 0.85
1361 28 0.97
1362 0 0.36
1364 3 0.75
1366 20 0.93
1367 8 0.06
1371 5 0.4
1374 21 0.61
1376 10 0.32
1380 3 0.21
1383 8 0.81
1385 18 0.6
1386 8 0.78
1389 0 0.64
1391 13 0.44
1396 19 0.94
1400 29 0.97
1404 28 0.01
1406 28 0.57
1407 2 0.58
1408 22 0.69
1410 29 0.2
1411 27 0.81
1412 7 0.22
1415 19 0.15
1423 6 0.42
1429 25 0.97
1433 17 0.33
1436 9 0.76
1441 14 0.33
1445 10 0.9
1447 22 0.2
1457 15 0.76
1459 13 0.58
1460 9 0.27
1465 24 0.23
1468 9 0.67
1469 23 0.31
1475 24 0.8
1481 25 0.42
1486 28 0.69
1497 18 0.92
1498 10 0.13
1500 8 0.44
1502 28 0.5
1503 4 0.75
1504 12 0.81
1505 27 0.1
1507 20 0.98
1508 9 0.97
1510 26 0.73
1511 21 0.68
1513 7 0.04
1514 6 0.24
1518 28 0.85
1528 19 0.03
1529 25 0.74
1530 21 0.61
1532 4 0.32
1533 11 0.96
1538 17 0.31
1540 8 0.99
1545 8 0.64
1557 10 0.92
1559 20 0.66
1570 21 0.72
1594 20 0.8
1595 3 0.88
1601 3 0.75
1604 27 0.38
1607 0 0.76
1608 12 1.0
1620 5 0.82
1626 14 0.57
1630 7 0.1
1635 27 0.2
1636 26 0.77
1637 13 0.0
1638 14 0.24
1640 23 0.33
1648 5 0.26
1649 14 0.55
1655 2 0.63
1660 26 0.25
1661 14 0.37
1662 4 0.17
1663 17 0.05
1670 29 0.46
1674 23 0.51
1676 1 0.76
1677 9 0.31
1679 29 0.3
1688 0 0.09
1689 29 0.16
1695 15 0.16
1705 12 0.14
1706 13 0.34
1709 23 1.0
1712 27 0.03
1718 9 0.32
1728 1 0.97
1730 2 0.07
1731 1 0.16
1737 23 0.84
1746 23 0.7
1750 10 0.68
1756 5 0.15
1757 5 0.64
1759 21 0.97
1763 22 0.53
1770 20 0.35
1771 22 0.42
1773 9 0.82
1785 2 0.59
1793 25 0.8
1796 13 0.15
1801 23 0.26
1802 9 0.29
1804 12 0.51
1812 19 0.54
1825 11 0.32
1827 23 0.2
1830 21 0.35
1832 21 0.59
1834 23 0.81
1835 28 0.57
1836 12 0.33
1837 2 0.44
1845 23 0.68
1848 16 0.1
1849 25 0.39
1852 16 0.55
1853 2 0.2
1859 4 0.25
1863 23 0.98
1865 28 0.66
1867 24 0.63
1873 2 0.23
1874 20 0.84
1881 1 0.3
1885 28 0.31
1886 7 0.11
1887 3 0.79
1891 10 0.78
1893 11 0.88
1904 15 0.85
1919 13 0.81
1928 26 0.94
1929 3 0.49
1930 27 0.75
1932 2 0.72
1933 27 0.17
1938 2 0.87
1940 15 1.0
1943 18 0.23
1945 14 0.29
1946 4 0.48
1948 2 0.74
1949 15 0.12
1956 20 0.38
1957 2 0.83
1961 12 0.61
1965 17 0.55
1968 24 0.82
1971 23 0.67
1974 22 0.66
1982 8 0.35
1988 22 0.14
1989 15 0.96
1992 26 0.31
1993 8 0.51
1998 23 0.54
2004 21 0.57
2009 7 0.45
2019 25 0.77
2020 28 0.52
2025 29 0.28
2027 7 0.98
2034 16 0.42
2036 24 0.74
2044 26 0.19
2051 14 0.63
2052 13 0.04
2064 0 0.63
2067 27 0.89
2068 7 0.13
2071 11 0.53
2074 10 0.65
2076 0 0.78
2084 6 0.42
2085 21 0.42
2086 20 0.88
2090 21 0.2
2093 17 0.29
2094 9 0.73
2096 17 0.05
2099 28 0.62
2103 26 0.89
2111 26 0.75
2112 1 0.92
2114 10 0.82
2119 18 0.76
2120 25 0.37
2121 13 0.95
2122 6 0.49
2125 0 0.42
2127 23 0.01
2133 18 0.93
2134 12 0.81
2141 13 0.5
2144 10 0.16
2145 12 0.96
2147 14 0.12
2148 26 0.62
2154 9 0.16
2156 18 0.79
2157 29 0.09
2174 5 0.49
2187 13 0.1
2193 13 0.16
2194 21 0.16
2197 2 0.37
2202 5 0.57
2207 3 0.64
2209 18 0.2
2214 22 0.41
2219 23 0.15
2220 5 0.98
2225 21 0.39
2240 4 0.06
2242 14 0.4
2244 21 0.69
2246 5 0.71
2258 12 0.41
2261 16 0.32
2262 8 0.35
2265 0 0.66
2266 26 0.35
2282 1 0.62
2283 25 0.36
2284 10 0.4
2301 8 0.3
2303 8 0.46
2307 27 0.89
2309 3 0.38
2311 4 0.34
2312 19 0.66
2313 10 0.43
2322 25 0.17
2325 14 0.21
2327 3 0.6
2328 19 0.42
2332 0 0.05
2354 21 0.04
2355 21 0.03
2365 25 0.06
2366 13 0.84
2368 17 0.68
2369 12 0.99
2370 28 0.84
2373 4 0.08
2375 10 0.25
2381 17 0.66
2387 24 0.7
2389 17 0.23
2396 18 0.2
2400 16 0.95
2406 8 0.75
2409 22 0.43
2411 21 0.98
2418 9 0.11
2420 7 0.81
2425 13 0.18
2429 29 0.24
2433 3 0.54
2435 8 0.93
2440 8 0.61
2443 9 0.5
2444 3 0.94
2446 8 0.94
2454 7 0.09
2457 19 0.02
2459 27 0.89
2464 0 0.42
2471 17 0.23
2474 28 0.3
2475 9 0.45
2477 10 0.14
2480 21 0.27
2488 17 0.66
2497 27 0.05
2502 20 0.99
2506 1 0.05
2514 11 0.57
2516 27 0.31
2517 12 0.47
2523 24 0.59
2525 26 0.6
2530 21 0.66
2532 11 0.75
2541 29 0.3
2542 4 0.64
2544 3 0.45
2547 20 0.21
2560 7 0.8
2574 1 0.33
2585 5 0.55
2587 7 0.07
2593 4 0.99
2594 20 0.69
2595 28 0.7
2596 3 0.89
2598 14 0.65
2603 4 0.88
2612 24 0.5
2614 28 0.27
2620 13 0.04
2621 4 0.83
2629 23 0.14
2631 2 0.71
2636 26 0.58
2637 20 0.35
2641 17 0.44
2643 11 0.54
2645 13 0.71
2646 18 0.15
2648 8 0.15
2650 29 0.4
2657 18 0.76
2660 4 0.26
2661 19 0.82
2665 16 0.91
2667 5 0.14
2669 29 0.11
2670 15 0.65
2675 12 0.19
2679 9 0.6
2690 27 0.73
2693 26 0.16
2701 23 0.28
2702 29 0.32
2703 12 0.68
2704 25 0.16
2714 6 0.26
2724 16 0.63
2738 22 0.7
2739 8 0.09
2740 20 0.22
2747 14 0.24
2749 15 0.58
2751 13 0.45
2755 4 0.19
2757 9 0.43
2764 25 0.32
2765 13 0.51
2767 21 0.91
2770 7 0.38
2775 7 0.5
2776 4 0.04
2784 25 0.87
2786 18 0.02
2788 6 0.84
2789 6 0.83
2790 4 0.09
2795 8 0.51
2797 19 0.77
2800 6 0.84
2802 16 0.93
2806 9 0.41
2812 2 0.01
2819 15 0.07
2821 26 0.54
2826 13 0.16
2827 23 0.29
2831 9 0.86
2832 5 0.63
2833 20 0.47
2835 17 0.33
2843 14 0.08
2844 9 0.92
2846 29 0.94
2848 27 0.67
2849 15 0.73
2850 15 0.93
2854 0 0.04
2855 25 0.22
2857 20 0.06
2863 8 0.77
2865 22 0.67
2886 27 0.37
2890 12 0.23
2893 19 0.82
2901 8 0.05
2905 5 0.82
2907 3 0.01
2908 18 0.73
2909 9 0.93
2910 29 0.45
2916 29 0.66
2918 21 0.35
2919 22 0.58
2922 28 0.22
2924 18 0.85
2929 5 0.43
2932 13 0.18
2933 26 0.26
2941 28 0.68
2944 12 0.28
2948 25 0.19
2949 3 0.66
2950 27 0.24
2951 10 0.08
2961 8 0.72
2968 29 0.85
2969 11 0.29
2977 6 0.14
2979 3 0.4
2980 2 0.89
2983 14 0.88
2989 27 0.5
2990 18 0.06
2998 25 0.27
2999 17 0.48
3001 2 0.76
3004 12 0.16
3014 4 0.68
3019 20 0.77
3020 29 0.52
3027 13 0.19
3028 21 0.53
3030 17 0.12
3034 16 0.64
3036 0 0.42
3038 15 0.61
3043 25 0.47
3047 13 0.04
3048 13 0.22
3053 28 0.36
3054 11 0.16
3057 15 0.43
3062 18 0.96
3064 9 0.05
3066 16 0.03
3075 14 0.86
3076 2 0.92
3082 11 0.38
3083 29 0.11
3084 21 0.93
3095 29 0.44
3099 6 0.83
3100 26 0.28
3101 16 0.91
3102 26 0.09
3110 24 0.22
3112 24 0.58
3113 6 0.41
3114 24 0.18
3117 28 0.11
3125 14 0.47
3130 18 0.99
3135 27 0.53
3136 10 0.19
3137 26 0.86
3138 14 0.96
3142 9 0.71
3144 28 0.0
3146 12 0.98
3147 7 0.29
3149 9 1.0
3151 11 0.31
3153 14 0.19
3155 25 0.41
3160 3 0.59
3162 16 0.16
3164 1 0.98
3166 14 0.33
3167 15 0.36
3168 13 0.21
3175 3 0.61
3177 17 0.94
3190 7 0.54
3196 10 0.03
3204 14 0.79
3208 8 0.35
3220 29 0.21
3221 2 0.16
3223 18 0.22
3226 23 0.19
3235 9 0.94
3246 9 0.99
3247 27 0.27
3253 23 0.72
3254 3 0.46
3258 7 0.92
3259 2 0.18
3261 22 0.88
3263 2 0.61
3265 7 0.28
3271 14 0.69
3276 11 0.85
3278 7 0.85
3287 18 0.22
3289 22 0.02
3291 27 0.17
3296 15 0.34
3297 7 0.4
3311 20 0.11
3314 11 0.89
3315 8 0.89
3316 28 0.4
3321 15 0.01
3326 11 0.79
3329 25 0.21
3331 0 0.22
3335 25 0.5
3339 11 0.73
3343 23 0.25
3344 24 0.88
3349 23 0.73
3350 9 0.81
3357 29 0.33
3358 28 0.75
3363 22 0.68
3364 6 0.84
3365 21 0.48
3368 17 0.04
3371 5 0.38
3374 0 0.3
3378 11 0.61
3379 6 0.26
3383 12 0.97
3386 10 0.14
3387 21 0.99
3392 1 0.82
3395 28 0.47
3396 17 0.03
3400 22 0.62
3406 16 0.61
3409 15 0.94
3411 13 0.38
3424 14 0.72
3430 1 0.31
3432 15 0.38
3437 16 0.68
3439 10 0.25
3447 6 0.34
3448 7 0.04
3453 11 0.68
3455 26 0.22
3457 3 0.58
3459 25 0.57
3460 7 0.94
3461 26 0.34
3464 3 0.69
3466 28 0.85
3468 13 0.81
3472 7 0.67
3473 12 0.44
3477 15 0.76
3480 6 0.29
3485 24 0.35
3493 24 0.23
3494 14 0.28
3498 3 0.97
3500 12 0.11
3507 9 0.07
3512 26 0.54
3521 17 0.03
3527 14 0.64
3534 27 0.15
3536 19 0.93
3537 16 0.38
3539 14 0.69
3540 8 0.53
3543 19 0.03
3549 11 0.65
3553 5 0.4
3563 11 0.49
3567 2 0.79
3575 29 0.32
3576 15 0.73
3577 1 0.58
3590 21 0.57
3591 11 0.3
3594 3 0.04
3596 13 0.95
3598 20 0.63
3608 21 0.98
3614 24 0.03
3616 26 0.19
3617 11 0.67
3618 8 0.24
3620 6 0.76
3624 28 0.29
3631 8 0.65
3633 26 0.76
3639 23 0.43
3645 13 0.47
3651 10 0.82
3653 20 0.1
3656 29 0.55
3659 27 0.61
3666 10 0.7
3670 3 0.66
3672 29 0.29
3675 10 0.42
3678 9 0.67
3689 28 0.81
3696 12 0.65
3704 4 0.4
3712 27 0.72
3714 15 0.78
3717 19 0.01
3719 14 0.68
3720 20 0.33
3729 18 0.78
3734 9 0.17
3735 8 0.99
3743 18 0.79
3745 4 0.99
3757 22 0.63
3760 2 0.23
3761 28 0.72
3762 19 0.76
3765 11 0.05
3770 16 0.73
3772 15 0.78
3774 18 0.84
3775 18 0.44
3779 22 0.18
3780 0 0.36
3785 6 0.81
3807 19 0.2
3811 20 0.64
3813 20 0.64
3815 19 0.21
3827 22 0.6
3829 20 0.49
3830 10 0.08
3832 15 0.74
3833 20 0.08
3836 5 0.87
3842 0 0.07
3843 14 0.8
3846 12 0.06
3849 17 0.91
3850 27 0.67
3853 14 0.44
3857 11 0.43
3863 5 0.56
3865 8 1.0
3868 15 0.8
3869 24 0.42
3878 12 0.35
3879 4 0.02
3882 15 0.28
3884 8 0.04
3885 2 0.63
3888 21 0.03
3893 17 0.96
3899 6 0.28
3900 25 0.43
3914 3 0.65
3918 19 0.16
3924 6 0.8
3927 28 0.72
3931 16 0.27
3932 18 0.81
3934 17 0.99
3935 1 0.33
3936 16 0.88
3945 16 0.72
3947 10 0.28
3948 6 0.13
3952 5 0.43
3955 26 0.37
3959 0 0.96
3960 18 0.89
3967 7 0.39
3975 18 0.18
3976 16 0.93
3980 18 0.54
3982 15 0.49
3984 8 0.22
3985 2 0.54
3986 7 0.36
3988 18 0.85
3992 20 0.9
3994 22 0.22
3996 16 0.91
4003 27 0.98
4019 28 0.16
4022 1 0.72
4038 6 0.93
4041 25 0.42
4045 19 0.59
4053 1 0.27
4061 29 0.81
4062 15 0.75
4066 28 0.45
4069 15 0.6
4075 15 0.65
4082 15 0.17
4086 2 0.42
4091 0 0.12
4092 8 0.08
4096 29 0.2
4104 15 0.56
4109 23 0.65
4110 25 0.09
4111 23 0.94
4114 13 0.68
4120 26 0.39
4122 17 0.26
4123 13 0.01
4124 17 0.75
4127 3 0.5
4135 0 0.57
4138 16 0.75
4153 14 0.02
4155 1 0.91
4156 12 0.39
4157 13 0.21
4161 22 0.92
4165 2 0.15
4166 17 0.7
4167 3 0.0
4170 14 0.04
4172 0 0.5
4175 1 0.52
4180 17 0.52
4181 6 0.55
4189 7 0.59
4209 15 0.3
4217 24 0.35
4220 8 0.54
4223 4 0.2
4226 29 0.49
4229 7 0.05
4238 18 0.75
4245 8 0.4
4255 25 0.7
4264 14 0.27
4265 9 0.54
4267 28 0.12
4269 17 0.43
4280 26 0.03
4285 24 0.96
4291 21 0.19
4300 15 0.49
4301 10 0.73
4310 9 0.45
4325 25 0.7
4328 13 0.79
4331 21 0.85
4333 22 0.91
4338 4 0.23
4340 1 0.18
4346 26 0.9
4354 12 0.71
4355 18 0.75
4357 10 0.17
4363 4 0.23
4365 25 0.41
4374 9 0.87
4375 7 0.77
4376 10 0.3
4391 0 0.06
4396 19 0.49
4414 16 0.89
4416 20 0.55
4422 11 0.87
4430 24 0.94
4431 9 0.28
4433 13 0.95
4436 15 0.3
4438 13 0.64
4439 9 0.54
4442 4 0.8
4443 6 0.61
4447 4 0.07
4455 16 0.82
4461 14 0.87
4462 5 0.21
4466 17 0.84
4474 13 0.3
4476 9 0.08
4482 4 0.18
4484 7 0.78
4485 17 0.46
4486 18 0.09
4487 23 0.43
4492 21 0.67
4494 14 0.39
4495 2 0.78
4498 17 0.43
4501 26 0.52
4505 0 0.84
4506 14 0.46
4508 14 0.05
4510 18 0.19
4512 15 0.62
4519 6 0.02
4524 28 0.02
4530 27 0.84
4531 12 0.53
4538 0 0.62
4540 19 0.7
4545 22 0.84
4549 13 0.19
4567 14 0.62
4569 7 0.21
4573 2 0.36
4574 22 0.62
4576 3 0.89
4586 10 0.63
4587 26 0.64
4599 14 0.9
4604 16 0.97
4605 20 0.15
4608 17 0.36
4614 1 0.03
4616 23 0.41
4619 17 0.81
4627 0 0.49
4628 25 0.18
4631 25 0.39
4638 20 0.23
4639 17 0.17
4645 28 0.39
4648 16 0.61
4653 29 0.62
4663 12 0.16
4669 26 0.85
4684 13 0.08
4687 5 0.19
4689 25 0.84
4691 27 0.03
4694 6 0.31
4700 20 0.08
4703 19 0.47
4710 17 0.88
4713 20 0.89
4718 19 0.77
4719 15 0.66
4720 20 0.38
4725 15 0.64
4726 27 0.75
4727 9 0.11
4728 13 0.73
4733 25 0.73
4737 25 0.26
4746 27 0.98
4748 20 0.64
4757 12 0.19
4764 10 0.33
4766 28 0.02
4769 16 0.73
4783 15 0.3
4786 20 0.58
4787 5 0.94
4791 4 0.63
4792 22 0.08
4793 10 0.43
4795 6 0.73
4797 20 0.44
4807 8 0.95
4811 8 0.32
4812 1 0.81
4815 15 0.54
4816 24 0.06
4817 29 0.18
4819 5 0.39
4820 22 0.44
4823 12 0.95
4826 6 0.63
4828 24 0.9
4829 10 0.98
4830 6 0.73
4835 14 0.75
4840 22 0.75
4842 17 0.96
4844 17 0.99
4845 21 0.5
4846 28 0.13
4857 25 0.21
4859 22 0.04
4860 26 0.66
4865 14 0.66
4866 28 0.99
4868 1 0.33
4873 25 0.33
4890 8 0.69
4900 1 0.38
4907 26 0.07
4909 13 0.83
4915 22 0.95
4925 7 0.98
4933 11 0.52
4935 18 0.14
4937 20 0.78
4938 24 0.56
4944 21 0.22
4946 22 0.82
4951 23 0.76
4967 16 0.53
4975 12 0.32
4977 5 0.66
4984 26 0.92
4985 2 0.19
4988 5 0.81
4999 26 0.59
5006 22 0.27
5015 12 0.16
5022 29 0.44
5027 0 0.54
5030 27 0.43
5036 27 0.06
5044 14 0.04
5049 18 0.21
5050 14 0.15
5051 29 0.95
5052 14 0.63
5053 8 0.85
5054 20 0.12
5055 16 0.67
5056 21 0.64
5057 0 0.45
5059 24 0.6
5060 13 0.24
5062 2 0.97
5065 2 0.94
5067 3 0.27
5068 7 0.31
5069 7 0.22
5070 18 0.76
5076 25 0.05
5079 26 0.63
5085 25 0.58
5092 7 0.76
5109 13 0.55
5111 4 0.56
5113 11 0.23
5117 1 0.0
5118 6 0.48
5121 25 0.83
5125 24 0.31
5129 6 0.79
5130 25 0.43
5131 27 0.26
5134 20 0.99
5135 8 0.25
5138 0 0.24
5142 20 0.35
5146 7 0.63
5151 4 0.47
5160 20 0.48
5161 27 0.41
5164 8 0.61
5172 7 0.61
5182 2 0.33
5190 12 0.05
5197 8 0.79
5199 16 0.88
5202 7 0.44
5204 11 0.42
5208 4 0.67
5209 20 0.41
5214 1 0.01
5220 14 0.08
5231 4 0.42
5235 0 0.18
5238 18 0.92
5240 14 0.27
5242 23 0.36
5253 9 0.14
5255 3 0.22
5257 17 0.22
5258 14 0.21
5266 16 0.74
5267 3 0.67
5271 21 0.65
5274 25 0.15
5275 20 0.61
5278 13 0.65
5288 9 0.38
5290 17 0.53
5291 9 0.99
5299 2 0.35
5302 22 0.35
5304 13 0.4
5307 9 0.56
5317 17 0.31
5320 12 0.69
5326 21 0.36
5330 2 0.52
5336 1 0.28
5339 21 0.54
5340 5 0.33
5345 26 0.29
5347 1 0.97
5349 14 0.96
5359 28 0.77
5362 21 0.67
5376 5 0.24
5388 1 0.06
5390 13 0.5
5391 10 0.79
5399 22 0.03
5408 13 0.1
5409 23 0.41
5411 18 0.55
5412 17 0.25
5418 28 0.27
5419 8 0.85
5424 4 0.0
5431 12 0.05
5432 6 0.14
5435 8 0.57
5437 7 0.61
5439 17 0.26
5441 8 0.26
5447 28 0.89
5453 5 0.48
5457 20 0.51
5458 18 0.2
5459 14 0.04
5462 16 0.83
5463 22 0.46
5464 20 0.71
5466 7 0.37
5472 10 0.82
5479 5 0.65
5484 8 0.03
5486 24 0.31
5493 12 0.31
5502 19 0.76
5503 13 0.52
5506 12 0.64
5507 19 0.82
5508 15 0.13
5511 25 0.77
5514 15 0.68
5516 0 0.29
5525 24 0.18
5530 28 0.87
5532 28 0.13
5534 13 0.69
5540 23 0.74
5542 12 0.43
5546 29 0.76
5548 2 0.88
5555 24 0.9
5560 15 0.5
5561 21 0.73
5568 8 0.01
5580 4 0.97
5590 14 0.35
5594 12 0.76
5597 17 0.73
5610 2 0.39
5612 17 0.12
5617 29 0.43
5618 15 0.79
5619 29 0.58
5621 9 0.47
5631 21 0.26
5632 28 0.87
5634 18 0.64
5635 14 0.19
5636 9 0.24
5637 6 0.95
5643 3 0.45
5644 20 0.34
5649 6 0.65
5656 16 0.82
5669 6 0.06
5676 10 0.81
5681 26 0.73
5685 29 0.34
5693 7 0.04
5694 1 0.27
5701 20 0.58
5707 29 0.45
5716 19 0.93
5720 29 0.28
5721 17 0.57
5725 24 0.68
5727 4 0.6
5731 5 0.12
5736 9 0.56
5737 14 0.92
5748 8 0.93
5754 10 0.52
5755 15 0.12
5760 4 0.43
5766 8 0.75
5768 0 0.04
5770 7 0.49
5771 8 0.66
5775 8 0.51
5777 27 0.01
5784 23 0.86
5788 2 0.54
5791 7 0.28
5792 2 0.99
5794 16 0.33
5796 10 0.54
5797 9 0.95
5799 29 0.29
5800 24 0.17
5803 17 0.3
5806 29 0.58
5809 22 0.96
5813 25 0.44
5819 4 0.46
5823 0 0.61
5827 20 0.77
5829 2 0.87
5831 17 0.76
5834 6 0.31
5842 5 0.57
5850 23 0.64
5851 23 0.81
5858 12 0.34
5859 2 0.88
5861 16 0.05
5866 5 0.13
5872 8 0.18
5875 3 0.62
5879 11 0.42
5890 23 0.59
5891 2 0.22
5896 13 0.45
5901 13 0.47
5904 4 0.66
5905 6 0.54
5907 23 0.56
5912 24 0.36
5920 16 0.69
5923 10 0.33
5924 12 0.35
5925 26 0.25
5927 12 0.64
5928 11 0.67
5934 14 0.3
5935 3 0.86
5942 4 0.85
5945 9 0.99
5960 13 0.49
5963 13 0.14
5964 16 0.59
5966 9 0.72
5968 19 0.57
5971 29 0.79
5978 25 0.23
5982 28 0.84
5983 12 0.08
5986 13 0.15
5987 6 0.76
5990 5 0.39
5994 13 0.94
6011 27 0.12
6016 10 0.06
6020 3 0.57
6026 29 0.02
6029 15 0.25
6030 15 0.92
6031 29 0.53
6037 16 0.21
6040 25 0.42
6041 19 0.95
6042 15 0.95
6043 27 0.73
6050 7 0.63
6051 23 0.86
6060 5 0.06
6066 26 0.05
6070 26 1.0
6071 27 0.96
6073 8 0.6
6087 13 0.86
6089 4 0.24
6091 10 0.07
6099 15 0.52
6104 4 0.8
6109 3 0.42
6112 8 0.6
6115 12 0.1
6120 11 0.93
6121 5 0.57
6124 28 0.07
6128 14 0.5
6133 17 0.63
6134 10 0.27
6138 10 0.61
6141 12 0.45
6143 4 0.41
6145 1 0.16
6153 9 0.27
6155 25 0.65
6157 5 0.82
6169 11 0.55
6170 1 0.53
6172 19 0.86
6173 13 0.39
6181 7 0.51
6184 15 0.16
6185 4 0.59
6187 7 0.77
6196 24 0.75
6197 13 0.96
6199 18 0.91
6204 13 0.8
6205 0 0.48
6206 16 0.8
6207 0 0.29
6217 28 0.8
6222 4 0.15
6224 21 0.77
6235 4 0.91
6237 24 0.29
6238 22 0.55
6240 5 0.06
6244 5 0.89
6248 10 0.09
6250 21 0.25
6255 10 0.06
6258 7 0.45
6266 5 0.54
6273 29 0.22
6282 16 0.68
6287 6 0.79
6292 8 0.37
6295 2 0.44
6297 27 0.47
6307 9 0.51
6308 12 0.81
6312 6 0.86
6313 11 0.9
6314 14 0.04
6319 17 0.73
6320 13 0.78
6321 5 0.11
6324 5 0.52
6329 26 0.69
6332 3 0.14
6342 4 0.5
6346 4 0.51
6348 2 0.09
6356 18 0.86
6360 13 0.83
6361 27 0.55
6362 5 0.54
6363 19 0.06
6364 11 0.04
6372 20 0.01
6378 7 0.18
6379 19 0.32
6382 5 0.05
6387 19 0.16
6389 5 0.38
6404 16 0.38
6405 26 0.03
6407 14 0.4
6409 11 0.04
6416 24 0.47
6417 16 0.74
6418 10 0.65
6422 7 0.01
6423 22 0.86
6424 3 0.77
6427 25 0.83
6431 15 0.83
6441 1 0.01
6442 22 0.17
6443 6 0.08
6444 6 0.77
6446 13 0.85
6454 27 0.48
6455 11 0.56
6462 1 0.11
6476 6 0.53
6481 22 0.9
6486 26 0.12
6487 11 0.26
6488 21 0.98
6492 3 0.59
6493 20 0.04
6496 10 0.16
6509 7 0.61
6513 11 0.94
6514 1 0.64
6515 23 0.14
6517 3 0.64
6518 4 0.01
6519 24 0.19
6523 3 0.07
6525 12 0.39
6539 19 0.15
6542 24 0.51
6548 0 0.21
6556 4 0.47
6563 28 0.83
6565 28 0.78
6568 10 0.45
6576 16 0.11
6579 7 0.76
6580 0 0.8
6581 24 0.12
6583 29 0.26
6586 12 0.37
6587 16 0.87
6588 0 0.34
6594 28 0.82
6598 25 0.68
6610 13 0.49
6615 21 0.52
6618 18 0.73
6619 19 0.31
6628 16 0.76
6630 6 1.0
6631 2 0.22
6638 12 0.41
6640 19 0.49
6642 22 0.62
6643 26 0.34
6647 17 0.22
6653 21 0.47
6656 3 0.22
6658 14 0.7
6660 23 0.62
6663 25 0.44
6666 11 0.23
6670 2 0.66
6671 18 0.0
6672 27 0.52
6680 21 0.51
6702 2 0.43
6706 13 0.77
6708 6 0.71
6710 5 0.2
6714 3 0.83
6716 2 0.57
6731 19 0.53
6734 3 0.32
6735 1 0.08
6741 14 0.75
6744 1 0.28
6748 12 0.72
6753 26 0.18
6763 20 0.05
6765 11 0.6
6769 21 0.64
6774 29 0.6
6785 7 0.49
6788 28 0.66
6789 6 0.08
6791 28 0.22
6798 11 0.65
6804 17 0.06
6806 17 0.71
6808 14 0.86
6822 18 0.18
6831 22 0.75
6832 6 0.54
6836 15 0.52
6837 1 0.49
6843 20 0.6
6850 25 0.29
6853 14 0.36
6865 14 0.69
6868 0 0.9
6869 18 0.24
6876 14 0.07
6878 19 0.31
6883 24 0.58
6886 28 0.18
6888 15 0.9
6890 17 0.43
6892 16 0.23
6895 25 0.33
6898 4 0.07
6901 2 0.23
6904 15 0.7
6905 14 0.37
6906 7 0.65
6912 21 0.53
6915 18 0.12
6916 0 0.66
6917 24 0.56
6925 8 0.53
6929 2 0.34
6938 14 0.61
6940 15 0.21
6942 22 0.7
6943 28 0.64
6948 16 0.05
6949 17 0.84
6950 5 0.53
6953 2 0.99
6955 15 0.73
6960 14 0.38
6963 13 0.99
6964 23 0.18
6965 1 0.82
6977 14 0.38
6978 6 0.39
6981 12 0.55
6984 1 0.29
6987 6 0.3
7002 4 0.35
7004 9 0.34
7008 27 0.49
7015 26 0.31
7022 16 0.06
7025 18 0.43
7028 4 0.06
7031 7 0.44
7043 1 0.95
7045 27 0.27
7046 16 0.33
7059 3 0.6
7060 13 0.22
7064 16 0.75
7067 6 0.16
7070 7 0.28
7076 1 0.35
7077 15 0.3
7094 16 0.73
7100 22 0.9
7109 7 0.32
7110 25 0.48
7115 17 0.9
7123 21 0.35
7124 19 0.12
7126 14 0.79
7132 28 0.89
7140 19 0.54
7143 10 0.08
7146 28 0.08
7151 6 0.31
7152 15 0.44
7156 7 0.9
7163 3 0.19
7168 27 0.59
7169 6 0.39
7176 19 0.16
7181 7 0.23
7183 9 0.48
7186 24 0.4
7188 28 0.21
7189 8 0.3
7200 11 0.39
7201 11 0.17
7203 10 0.52
7204 3 0.32
7211 15 0.9
7214 13 0.39
7217 7 0.76
7223 27 0.82
7232 17 0.29
7235 1 0.98
7243 22 0.9
7244 4 0.22
7246 3 0.52
7252 15 0.72
7254 9 0.96
7258 13 0.34
7261 23 0.81
7267 7 0.05
7274 19 0.76
7278 17 0.42
7282 16 0.59
7284 4 0.22
7285 8 0.86
7296 4 0.82
7298 14 0.71
7303 9 0.9
7305 11 0.38
7308 23 0.15
7316 0 0.45
7322 19 0.3
7330 18 0.18
7331 12 0.45
7345 28 0.23
7347 6 0.12
7348 28 0.36
7354 22 0.19
7359 2 0.96
7372 9 0.13
7373 18 0.52
7379 16 0.81
7382 19 0.19
7384 8 0.18
7390 29 0.83
7401 1 0.16
7410 29 0.37
7433 28 0.84
7436 0 0.11
7439 29 0.87
7449 3 0.97
7459 18 0.2
7461 10 0.38
7463 16 0.16
7464 18 0.69
7473 21 0.14
7474 1 0.12
7477 10 0.97
7486 11 0.32
7487 0 0.68
7488 18 0.28
7489 22 0.91
7491 11 0.35
7496 2 0.24
7517 18 0.72
7518 19 0.16
7522 21 0.36
7525 18 0.01
7530 20 0.63
7531 25 0.12
7536 14 0.48
7544 16 0.87
7551 17 0.88
7552 16 0.75
7562 19 0.38
7567 20 0.86
7572 1 0.43
7573 8 0.34
7574 9 0.49
7578 7 0.1
7586 13 0.1
7591 19 0.02
7597 11 0.3
7598 4 0.41
7601 6 0.56
7605 27 0.81
7606 23 0.5
7609 6 0.42
7610 4 0.49
7615 11 0.13
7622 15 0.07
7634 13 0.16
7637 1 0.32
7639 0 0.07
7641 9 0.29
7649 6 0.51
7650 7 0.46
7658 9 0.64
7663 3 0.92
7665 26 0.15
7666 11 0.46
7671 27 0.49
7679 10 0.96
7684 6 0.23
7685 3 0.36
7687 17 0.78
7696 13 0.63
7710 21 1.0
7712 5 0.73
7716 28 0.61
7721 6 0.59
7723 20 0.69
7724 0 0.78
7727 19 0.3
7730 19 0.42
7733 22 0.38
7740 17 0.79
7746 15 0.78
7747 15 0.67
7751 6 0.43
7755 3 0.42
7769 12 0.63
7774 5 0.57
7775 9 0.17
7784 10 0.02
7785 28 0.59
7790 0 0.29
7804 13 0.53
7805 24 0.28
7812 22 1.0
7817 22 0.74
7818 19 0.31
7819 13 0.44
7825 4 0.06
7829 1 0.75
7835 11 0.95
7836 28 0.66
7839 2 0.67
7853 21 0.29
7855 22 0.85
7857 12 0.92
7863 20 0.99
7867 9 0.85
7869 1 0.35
7877 16 0.32
7878 10 0.12
7888 16 0.07
7897 22 0.37
7899 28 0.26
7906 20 0.16
7909 4 0.85
7912 19 0.88
7917 26 0.58
7922 0 0.16
7937 10 0.01
7938 14 0.63
7939 6 0.28
7955 28 0.01
7961 4 0.85
7962 2 0.29
7963 2 0.77
7967 22 0.25
7968 4 0.6
7969 25 0.09
7971 28 0.25
7974 4 0.16
7975 25 0.03
7982 27 0.86
7983 24 0.61
7985 7 0.11
7987 15 0.46
7989 13 0.72
7994 12 0.98
7997 28 0.37
8001 7 0.68
8005 7 0.05
8009 7 0.89
8012 25 0.53
8014 26 0.01
8022 4 0.51
8025 9 0.27
8028 9 0.24
8037 9 0.93
8042 28 0.24
8052 20 0.3
8053 15 0.12
8058 6 0.97
8061 6 0.14
8064 26 0.32
8070 5 0.95
8072 16 0.58
8075 21 0.91
8083 1 0.66
8089 16 0.26
8090 29 0.41
8094 10 0.06
8095 14 0.82
8098 9 1.0
8101 18 0.25
8103 11 0.95
8107 26 0.06
8108 12 0.18
8119 11 0.33
8127 8 0.13
8129 14 0.92
8133 5 0.35
8137 13 0.25
8146 20 0.73
8150 22 0.94
8156 25 0.13
8157 17 0.46
8165 23 0.7
8166 12 0.33
8167 23 1.0
8169 8 0.58
8170 11 0.23
8172 4 0.18
8176 26 0.83
8178 26 0.03
8179 22 0.46
8186 0 0.1
8197 13 0.18
8199 26 0.39
8200 0 0.32
8206 28 0.71
8222 28 0.26
8228 29 0.95
8232 4 0.83
8242 4 0.6
8243 18 0.9
8251 19 0.72
8256 1 0.53
8262 22 0.69
8267 3 0.41
8271 2 0.6
8277 23 0.76
8278 9 0.99
8279 3 0.02
8282 2 0.15
8285 21 0.24
8289 10 0.69
8298 25 0.3
8305 4 0.66
8307 20 0.53
8314 1 0.11
8316 27 0.17
8318 26 0.99
8328 6 0.22
8332 5 0.94
8337 15 0.96
8339 24 0.61
8342 17 0.03
8348 7 0.66
8350 16 0.73
8352 17 0.16
8354 3 0.89
8357 13 0.57
8360 5 0.85
8363 21 0.35
8368 21 0.36
8371 12 0.11
8374 11 0.27
8378 28 0.65
8379 10 0.66
8391 2 0.71
8394 24 0.95
8397 8 0.78
8399 4 0.92
8402 1 0.55
8407 20 0.04
8408 1 0.1
8409 20 0.15
8415 10 0.78
8416 26 0.15
8418 28 0.42
8421 26 0.27
8427 17 0.11
8432 12 0.98
8433 11 0.1
8436 26 0.18
8439 5 0.62
8447 13 0.99
8456 2 0.65
8460 17 0.77
8465 9 0.68
8468 8 0.96
8470 4 0.23
8473 5 0.12
8474 22 0.06
8480 22 0.72
8483 7 0.81
8486 9 0.73
8487 23 0.44
8492 8 0.31
8494 10 0.11
8499 26 0.09
8500 27 0.95
8517 22 0.24
8520 19 0.84
8522 10 0.62
8527 8 0.98
8536 19 0.09
8537 0 0.36
8551 1 0.15
8554 29 0.44
8558 8 0.41
8559 18 0.58
8562 15 0.07
8563 20 0.47
8566 17 0.08
8568 10 0.5
8570 19 0.3
8572 13 0.66
8575 21 0.6
8577 19 0.63
8584 24 0.01
8585 20 0.96
8588 10 0.93
8590 1 0.37
8596 5 0.97
8613 14 0.27
8617 3 0.45
8620 5 0.93
8622 6 0.16
8627 2 0.42
8631 12 0.25
8633 7 0.57
8646 3 0.91
8649 5 0.97
8653 21 0.5
8655 23 0.07
8658 9 0.6
8660 20 0.62
8661 8 0.64
8664 21 0.09
8667 8 0.34
8668 9 0.16
8675 17 0.33
8676 27 0.12
8678 9 0.27
8684 5 0.47
8687 11 0.0
8691 27 0.94
8693 19 0.81
8711 12 0.47
8712 23 0.75
8713 0 0.95
8716 14 0.57
8718 15 0.99
8720 14 0.84
8721 10 0.43
8726 8 0.15
8728 28 0.86
8730 9 0.4
8740 9 0.37
8743 23 0.03
8745 6 0.89
8755 16 0.28
8760 12 0.75
8764 20 0.37
8767 3 0.94
8768 25 0.5
8774 26 0.61
8775 13 0.73
8778 9 0.02
8786 17 0.66
8787 17 0.59
8792 3 0.55
8798 28 0.78
8799 20 0.26
8801 1 0.51
8805 24 0.29
8806 18 0.91
8807 6 0.31
8809 23 0.75
8810 4 0.9
8813 0 0.96
8816 28 0.58
8817 0 0.78
8823 23 0.35
8828 4 0.5
8829 29 0.27
8832 0 0.83
8833 23 0.71
8839 22 0.34
8847 5 0.37
8850 21 0.25
8854 23 0.01
8863 10 0.55
8875 29 0.07
8894 19 0.86
8897 20 0.11
8907 4 0.9
8910 23 0.65
8911 23 0.35
8912 26 0.6
8914 3 0.07
8918 9 0.78
8920 27 0.9
8929 15 0.99
8930 19 0.56
8932 13 0.72
8934 14 0.16
8936 3 0.5
8937 17 0.34
8940 5 0.98
8946 20 0.91
8952 10 0.41
8954 15 0.28
8960 29 0.0
8965 12 0.43
8969 19 0.95
8971 21 0.85
8972 1 0.72
8974 5 0.32
8979 5 0.58
8988 10 0.15
8994 9 0.65
9002 27 0.88
9006 7 0.1
9011 19 0.72
9012 12 0.8
9014 7 0.94
9016 16 0.38
9017 18 0.4
9025 6 0.74
9027 16 0.31
9029 2 0.54
9038 5 0.25
9040 10 0.05
9041 26 0.46
9049 23 0.3
9058 16 0.88
9061 11 0.78
9065 12 0.89
9072 14 0.86
9079 14 0.58
9084 4 0.13
9085 24 0.91
9094 14 0.63
9097 27 0.08
9105 7 0.28
9108 19 0.53
9110 26 0.69
9117 6 0.83
9119 0 0.44
9121 11 0.39
9122 15 0.98
9123 22 0.33
9132 22 0.77
9135 23 0.09
9137 20 0.32
9138 22 0.64
9143 6 0.98
9144 22 0.96
9151 19 0.38
9152 28 0.44
9154 15 0.62
9159 9 0.87
9160 11 0.47
9164 5 0.92
9165 3 0.37
9166 16 0.64
9172 13 0.86
9174 28 0.74
9178 1 0.02
9185 26 0.26
9186 12 0.81
9190 13 0.51
9192 25 0.03
9195 1 0.18
9204 21 0.07
9208 28 0.76
9217 5 0.02
9218 15 0.92
9221 22 0.12
9222 15 0.41
9229 28 0.39
9231 12 0.79
9232 24 0.96
9239 27 0.37
9248 12 0.76
9250 19 0.09
9252 9 0.45
9254 5 0.18
9255 11 0.49
9258 11 0.31
9261 17 0.47
9262 24 0.56
9263 3 0.99
9267 6 0.82
9271 28 1.0
9278 24 0.66
9282 22 0.85
9294 10 0.23
9301 2 0.46
9302 20 0.81
9304 9 0.54
9305 7 0.04
9315 14 0.38
9323 15 0.06
9327 3 0.05
9331 21 0.31
9334 24 0.72
9352 2 0.77
9354 28 0.39
9364 13 0.41
9369 27 0.1
9371 26 0.25
9373 9 0.49
9375 11 0.07
9378 1 0.15
9379 27 0.34
9387 17 0.44
9390 5 0.28
9393 7 0.23
9404 1 0.53
9412 3 0.82
9417 17 0.49
9419 4 0.79
9423 18 0.19
9424 19 0.79
9425 10 0.15
9431 7 0.36
9433 20 0.37
9434 3 0.43
9437 6 0.49
9438 12 0.61
9448 15 0.71
9449 0 0.19
9457 23 0.08
9462 2 0.6
9464 5 0.04
9465 24 0.75
9469 29 0.23
9470 0 0.46
9478 2 0.98
9485 27 0.69
9487 15 0.59
9488 24 0.17
9493 1 0.6
9501 25 0.49
9502 7 0.55
9504 19 0.0
9507 21 0.5
9512 29 0.95
9513 9 0.9
9516 3 0.93
9519 27 0.31
9520 10 0.98
9522 21 0.02
9539 9 0.8
9542 29 0.58
9551 21 0.4
9555 20 0.42
9563 8 0.95
9568 6 1.0
9570 27 0.65
9572 11 0.35
9573 6 0.43
9577 13 0.38
9580 21 0.28
9582 29 0.01
9587 4 0.62
9590 10 0.35
9596 19 0.9
9599 13 0.88
9601 16 0.48
9603 2 0.97
9607 0 0.94
9614 12 0.15
9616 12 0.82
9618 19 0.09
9621 21 0.72
9622 12 0.42
9623 25 0.37
9632 3 0.35
9637 3 0.48
9639 15 0.41
9649 27 0.25
9650 8 0.1
9661 16 0.32
9664 9 1.0
9665 8 0.44
9667 1 0.9
9675 12 0.53
9676 15 0.65
9679 20 0.92
9688 18 0.2
9689 29 0.75
9691 25 0.69
9693 22 0.06
9694 9 0.88
9698 8 0.52
9700 22 0.06
9701 6 0.6
9702 3 1.0
9704 16 0.45
9705 21 0.21
9706 5 0.92
9707 25 0.75
9713 21 0.08
9714 7 0.05
9715 20 0.26
9726 9 0.04
9733 29 0.31
9735 5 0.12
9740 26 0.05
9745 4 0.29
9747 11 0.97
9748 9 0.07
9749 2 0.25
9751 21 0.51
9755 22 0.22
9763 10 0.65
9779 5 0.69
9781 5 0.43
9785 23 0.57
9786 25 0.28
9787 10 0.57
9788 16 0.89
9793 6 0.08
9797 9 0.84
9802 22 0.52
9809 29 0.45
9810 19 0.58
9813 16 0.47
9814 4 0.4
9822 28 0.63
9824 25 0.52
9828 25 0.5
9830 1 0.21
9840 26 0.63
9845 9 0.19
9847 28 0.25
9848 2 0.76
9852 3 0.76
9859 11 0.02
9860 0 0.81
9866 16 0.59
9873 13 0.38
9879 11 0.8
9883 15 0.71
9884 21 0.89
9885 5 0.96
9886 6 0.94
9887 27 0.65
9894 23 0.34
9900 4 0.79
9901 24 0.86
9902 12 0.9
9904 5 0.36
9905 6 0.44
9907 3 0.59
9910 17 0.23
9912 5 0.13
9916 5 0.96
9921 27 0.35
9931 6 0.23
9933 18 0.91
9934 28 0.62
9936 1 0.3
9938 4 0.57
9941 21 0.72
9945 25 0.41
9958 9 0.44
9959 17 0.43
9972 22 0.61
9973 2 0.53
9980 10 0.41
9982 26 0.03
9983 16 0.75
9984 14 0.2
9992 3 0.65
9996 25 0.23
9997 18 0.58
9998 13 0.18
