0 2 0.05
1 14 0.23
3 15 0.46
4 13 0.37
6 27 0.75
8 9 0.38
9 11 0.82
10 7 0.33
11 6 0.04
13 14 0.04
14 12 0.4
15 15 0.78
17 26 0.35
18 2 0.2
21 5 0.47
23 28 0.37
25 10 0.56
27 2 0.78
29 1 0.67
30 10 0.01
31 20 0.83
33 7 0.7
34 5 0.8
35 20 0.74
36 13 0.78
38 1 0.15
41 4 0.16
45 20 0.65
46 24 0.61
47 28 0.18
50 0 0.15
51 4 0.25
53 27 0.1
55 5 0.91
57 12 0.58
61 28 0.05
62 8 0.56
66 10 0.23
67 17 0.53
70 24 0.92
71 29 0.63
77 17 0.26
78 10 0.96
79 29 0.06
81 29 0.32
82 12 0.04
84 5 0.56
85 5 0.55
88 26 0.89
89 26 0.92
91 5 0.05
93 10 0.68
96 27 0.54
97 12 0.06
98 11 0.34
99 23 0.36
101 18 0.04
102 21 0.8
103 19 0.5
104 9 0.73
113 14 0.23
115 28 0.75
116 26 0.7
117 24 0.55
120 17 0.62
126 28 0.43
127 19 0.67
130 28 0.8
134 6 0.7
135 12 0.9
139 24 0.81
143 9 0.61
145 5 0.19
146 10 0.82
148 11 0.95
149 4 0.09
152 5 0.42
154 29 0.52
155 11 0.9
161 7 0.86
163 3 0.24
164 14 0.38
165 13 0.29
166 5 0.15
167 10 0.64
168 23 0.52
171 1 0.64
173 24 0.96
174 16 0.84
178 6 0.12
179 12 0.74
180 26 0.72
182 2 0.8
184 19 0.84
186 11 0.1
189 26 0.57
192 27 0.11
196 1 0.02
197 11 0.42
202 2 0.8
207 6 0.33
208 18 0.94
213 10 0.31
214 15 0.23
215 27 0.95
216 0 0.97
217 15 0.39
224 24 0.87
225 2 0.47
226 27 0.39
228 13 0.61
229 14 0.44
233 22 0.2
234 25 0.26
236 9 0.51
237 0 0.39
238 10 0.2
239 10 0.38
242 25 0.9
243 2 0.33
247 8 0.2
248 11 0.55
256 24 0.96
257 13 0.43
262 9 0.91
264 8 0.03
267 22 0.99
269 25 0.68
271 10 0.18
272 24 0.94
276 7 0.74
277 9 0.83
280 19 0.95
283 21 0.22
284 21 0.61
285 0 0.56
287 6 0.53
288 26 0.37
290 17 0.85
291 5 0.51
293 9 0.27
294 20 0.03
298 27 0.5
303 9 0.11
305 15 0.6
307 13 0.02
310 16 0.37
312 25 0.09
317 2 0.75
319 8 0.23
320 1 0.28
322 14 0.88
324 25 0.72
326 23 0.23
328 20 0.42
329 4 0.14
330 1 0.44
332 10 0.03
333 11 0.54
335 5 0.67
337 7 0.97
338 21 0.47
340 28 0.41
342 28 0.78
344 4 0.47
345 28 0.99
346 4 0.81
348 17 0.78
351 15 0.55
354 17 0.01
356 24 0.67
364 26 0.11
365 9 0.94
366 21 0.64
368 29 0.62
370 25 0.18
371 28 0.24
372 24 0.5
373 8 0.73
375 4 0.97
376 24 0.19
378 26 0.28
382 17 0.67
383 15 0.89
386 18 0.02
388 21 0.24
389 11 0.45
393 0 0.37
395 27 0.56
396 1 0.3
398 7 0.06
400 23 0.78
401 29 0.35
402 6 0.05
403 25 0.59
405 23 0.1
407 21 0.71
409 18 0.98
410 19 0.18
417 9 0.23
420 8 0.91
421 10 0.02
424 4 0.69
427 16 0.16
428 6 0.03
431 16 0.15
433 13 0.68
434 21 0.78
435 13 0.26
436 26 0.42
437 1 0.84
439 10 0.52
441 12 0.05
443 18 0.33
444 27 0.83
445 4 0.49
448 9 0.35
449 24 0.35
452 17 0.79
455 2 0.39
458 10 0.32
459 26 0.09
460 26 0.57
462 2 0.82
464 25 0.79
471 2 0.63
475 24 0.38
476 3 0.57
477 19 0.32
480 1 0.13
481 22 0.49
486 12 0.19
487 1 0.85
488 5 0.26
493 12 0.44
494 26 0.95
496 20 0.83
500 15 0.32
501 6 0.12
502 10 0.06
504 17 0.79
508 6 0.83
509 6 0.95
510 4 0.05
512 25 0.24
513 21 0.7
517 29 0.21
519 23 0.55
521 11 0.68
522 21 0.64
524 20 0.52
528 9 0.5
529 19 0.57
530 10 0.62
531 3 0.87
534 7 0.82
537 13 0.08
539 19 0.23
540 9 0.5
541 8 0.8
543 28 0.49
546 22 0.99
547 10 0.01
550 7 0.51
553 9 0.04
555 0 0.81
556 17 0.62
559 14 0.65
562 9 0.51
563 28 0.2
564 17 0.29
566 22 0.19
567 22 0.55
568 27 0.21
569 27 0.97
570 6 0.31
571 17 0.71
573 17 0.42
574 29 0.94
578 10 0.75
579 26 0.49
582 2 0.53
583 6 0.22
584 13 0.39
585 29 0.71
586 10 0.87
587 3 0.71
589 4 0.38
590 11 0.63
591 2 0.4
592 26 0.41
594 1 0.43
595 7 0.87
596 15 0.46
597 19 0.82
598 3 0.57
599 14 0.16
600 4 0.42
601 15 0.77
604 3 0.62
607 20 0.44
608 10 0.17
609 4 0.36
611 21 0.9
612 21 0.27
613 14 0.23
615 16 0.91
617 27 0.63
619 6 0.23
620 27 0.16
621 19 0.15
622 13 0.85
628 27 0.97
629 15 0.01
630 6 0.18
631 14 0.79
632 6 0.21
634 3 0.09
635 13 0.89
639 5 0.62
644 13 0.93
646 6 0.31
647 3 0.08
648 22 0.13
650 19 0.46
651 3 0.91
652 10 0.82
653 20 0.91
656 26 0.25
658 10 0.89
661 8 0.3
662 15 0.36
663 20 0.26
665 20 0.15
666 2 0.2
667 0 0.36
670 5 0.82
671 27 0.79
672 10 0.72
674 17 0.25
676 29 0.44
678 4 0.18
679 4 0.86
681 15 0.32
683 29 0.41
685 6 0.81
688 23 0.22
690 27 0.18
693 23 0.8
695 26 0.88
696 20 0.22
697 21 0.71
700 20 0.73
701 22 0.82
702 4 0.03
709 0 0.69
710 16 0.6
711 6 0.65
713 24 0.62
714 12 0.51
715 20 0.09
717 23 0.05
718 23 0.56
719 28 0.68
726 23 0.44
732 4 0.66
733 5 0.0
735 17 0.05
736 3 0.33
737 24 0.67
740 23 0.11
741 15 0.82
746 24 0.86
749 3 0.22
750 0 0.62
752 7 0.03
755 20 0.19
756 9 0.17
757 0 0.89
758 8 0.71
760 7 0.1
762 13 0.07
763 19 0.39
765 3 0.55
767 4 0.95
771 26 0.45
774 18 0.26
776 29 0.96
777 13 0.4
779 15 0.53
780 21 0.67
781 22 0.18
782 11 0.55
783 10 0.08
786 24 0.21
787 11 0.82
788 29 0.95
794 23 0.41
795 16 0.73
796 21 0.5
798 2 0.34
803 9 0.9
805 9 0.96
809 15 0.63
810 8 0.9
815 25 0.56
817 20 0.2
819 27 0.72
822 11 0.29
823 28 0.53
824 24 0.86
825 2 0.29
827 16 0.84
828 13 0.46
829 18 0.29
830 11 0.75
832 24 0.06
833 24 0.64
836 24 0.37
838 4 0.48
842 22 0.69
845 25 0.57
846 19 0.36
847 26 0.29
850 10 0.63
852 13 0.62
853 10 0.16
855 7 0.57
860 20 0.65
861 7 0.84
863 29 0.68
865 18 0.29
867 23 0.92
868 4 0.64
869 11 0.89
870 27 0.72
873 2 0.79
874 20 0.53
881 29 0.54
883 13 0.97
885 28 0.67
889 16 0.89
893 24 0.69
897 10 0.65
901 10 0.78
902 27 0.34
903 16 0.27
904 0 0.6
905 2 0.17
907 12 0.03
908 16 0.44
911 13 0.31
912 19 0.66
913 15 0.32
914 27 0.85
917 1 0.75
920 25 0.89
923 8 0.29
924 9 0.25
925 9 0.13
926 22 0.44
928 14 0.33
930 26 0.73
931 22 0.45
933 2 0.86
934 10 0.7
936 18 0.34
937 24 0.18
939 5 0.47
941 5 0.91
942 17 0.36
943 23 0.04
945 4 0.57
946 26 0.01
950 5 0.12
951 14 0.0
952 27 0.63
954 28 0.9
956 5 0.18
957 17 0.12
960 15 0.66
962 16 0.11
965 9 0.13
966 25 0.37
967 1 0.4
969 13 0.53
970 3 0.17
971 1 0.84
972 14 0.96
974 0 0.92
975 22 0.02
977 14 0.61
983 10 0.26
984 19 0.26
985 11 0.32
987 18 0.06
988 13 0.0
989 8 0.23
995 16 0.37
997 13 0.13
