0 4 0.51
4 17 0.51
5 12 0.54
7 20 0.98
8 29 0.53
12 14 0.56
21 3 0.48
25 0 0.96
26 9 0.55
31 8 0.28
33 20 0.48
37 19 0.02
39 26 0.91
40 22 0.3
44 29 0.46
45 18 0.79
50 3 0.93
51 13 0.2
56 23 0.11
58 27 0.75
61 2 0.1
63 15 0.11
64 27 0.33
65 17 0.1
68 7 0.0
70 19 0.63
72 23 0.44
75 5 0.57
77 17 0.64
78 20 0.33
82 29 1.0
87 1 0.27
88 14 0.31
89 11 0.36
95 22 0.52
96 9 0.61
98 23 0.21
100 16 0.7
101 4 0.29
106 5 0.5
109 10 0.72
111 10 0.14
113 12 0.23
114 14 0.47
115 19 0.88
117 5 0.55
122 10 0.71
123 3 0.11
124 0 0.06
125 3 0.9
131 15 0.07
132 11 0.44
133 0 0.87
139 0 0.19
140 12 0.48
145 14 0.3
146 20 1.0
147 2 0.68
149 13 0.93
150 15 0.27
153 7 0.08
155 12 0.65
156 18 0.86
161 6 0.27
163 3 0.89
164 28 0.57
165 25 0.97
170 10 0.15
172 0 0.87
173 22 0.98
175 18 0.87
176 3 0.19
177 12 0.09
180 3 0.82
183 17 0.82
184 4 0.98
185 18 0.36
188 15 0.68
189 21 0.8
190 24 0.92
191 9 0.63
192 25 0.65
195 20 0.56
196 20 0.94
197 24 0.79
198 26 0.21
199 3 0.54
201 9 0.91
202 17 0.95
208 5 0.93
211 2 0.08
213 16 0.72
217 14 0.58
219 16 0.15
220 7 0.68
222 27 0.3
223 5 0.82
225 7 0.62
229 9 0.55
230 26 0.44
232 12 0.09
234 5 0.82
235 16 0.79
236 21 0.54
237 14 0.1
238 23 0.34
239 11 0.37
240 25 0.9
241 29 0.39
242 4 0.13
245 6 0.28
246 14 0.14
248 6 0.17
249 18 0.47
250 18 0.09
254 2 0.22
257 18 0.27
258 28 0.86
260 1 0.14
262 25 0.61
263 5 0.86
266 28 0.42
269 27 0.81
271 27 0.46
276 15 0.6
277 14 0.73
278 8 0.12
279 22 0.32
280 23 0.63
282 18 0.45
283 23 0.58
287 10 0.25
292 24 0.14
293 14 0.99
299 20 0.98
301 23 0.66
302 19 0.13
304 3 0.93
306 6 0.66
307 0 0.21
309 12 0.98
312 26 0.54
313 5 0.2
315 28 0.13
316 16 0.39
317 5 0.27
318 2 0.97
320 12 0.41
321 13 0.64
322 27 0.5
325 16 0.6
326 29 0.58
328 26 0.44
331 2 0.09
332 18 0.38
334 23 0.38
335 14 0.29
341 2 0.88
344 3 0.3
345 4 0.29
346 18 0.73
349 24 0.08
350 16 0.61
355 27 0.36
356 10 0.95
357 4 0.08
358 24 0.3
359 23 0.74
360 0 0.96
362 21 0.45
364 5 0.27
365 5 0.72
367 21 0.85
370 11 0.36
371 15 1.0
372 19 0.03
375 19 0.99
382 16 0.56
384 21 0.82
385 17 0.34
389 2 0.3
393 10 0.98
394 1 0.33
395 14 0.51
396 12 0.97
399 23 0.13
402 23 0.74
404 29 0.51
407 2 0.01
408 14 0.62
415 8 0.77
419 2 0.73
421 24 0.45
422 11 0.04
424 16 0.15
425 21 0.64
426 12 0.18
431 3 0.49
436 3 0.45
438 20 0.12
439 6 0.82
440 13 0.08
441 24 0.96
442 5 0.74
443 1 0.44
447 13 0.8
449 15 0.39
451 2 0.14
452 4 0.6
453 2 0.57
462 7 0.38
463 29 0.94
464 17 0.09
467 28 0.19
468 19 0.48
469 17 0.39
471 28 0.38
474 15 0.9
476 9 0.64
477 12 0.61
478 16 0.47
479 26 0.63
481 29 0.55
482 0 0.47
485 3 0.59
486 5 0.84
494 8 0.55
497 23 0.95
498 21 0.09
500 19 0.19
506 16 0.84
508 17 0.76
509 29 0.65
511 11 0.99
512 4 0.82
513 29 0.32
514 11 0.93
517 25 0.91
520 8 0.27
521 7 0.25
522 1 0.23
524 17 0.07
527 12 0.04
528 6 0.84
529 24 0.49
531 8 0.2
532 26 0.75
534 13 0.87
535 7 0.84
537 4 0.88
540 17 0.76
541 27 0.86
542 8 0.68
543 12 0.28
545 27 0.27
546 15 0.49
547 29 0.77
549 0 0.89
550 14 0.86
553 16 0.31
554 28 0.54
555 15 0.27
556 14 0.17
558 20 0.82
560 10 0.01
561 15 0.74
564 23 0.64
567 15 0.46
568 9 0.62
570 17 0.3
571 12 0.58
572 28 0.38
573 29 0.87
574 3 0.14
576 26 0.66
577 8 0.85
580 3 0.34
581 17 0.64
583 24 0.21
586 7 0.52
587 21 0.0
591 28 0.49
593 20 0.26
595 17 0.03
596 16 0.27
598 0 0.75
599 20 0.77
601 3 0.16
604 15 0.85
605 16 0.75
610 20 0.35
611 5 0.69
616 29 0.62
617 21 0.24
618 4 0.04
621 4 0.55
622 18 0.3
624 21 0.48
628 21 0.13
629 26 0.26
630 29 0.44
633 15 0.17
634 3 0.91
636 24 0.65
637 15 0.64
641 24 0.01
642 17 0.33
644 14 0.38
645 0 0.66
646 14 0.79
647 10 0.5
648 18 0.31
650 9 0.59
651 20 0.41
652 2 0.6
654 13 0.19
655 4 0.48
657 21 0.29
659 5 0.49
660 8 0.69
662 8 0.47
663 14 0.03
664 10 0.05
665 13 0.33
668 4 0.29
672 25 0.92
674 20 0.09
676 4 0.07
679 16 0.96
680 6 0.82
684 22 0.08
685 6 0.29
686 18 0.05
689 27 0.62
690 5 0.19
691 18 0.9
693 27 0.04
695 5 0.28
696 21 0.71
697 24 0.3
703 0 0.51
704 12 0.16
705 13 0.27
708 12 0.47
709 22 0.3
710 7 0.14
711 25 0.61
713 26 0.1
714 21 0.73
715 23 0.19
716 22 0.14
717 26 0.98
718 9 0.36
722 21 0.14
725 7 0.42
726 8 0.88
728 12 0.8
729 20 0.52
731 17 0.76
732 9 0.98
733 12 0.83
735 19 0.04
737 5 0.47
739 9 0.24
740 2 0.06
741 26 0.66
742 15 0.69
744 13 0.16
745 4 0.01
747 14 0.09
752 25 0.18
753 22 0.93
755 29 0.35
757 14 0.08
759 8 0.06
760 12 0.06
763 17 0.12
766 19 0.55
767 19 0.33
768 10 0.39
771 2 0.46
772 6 0.39
773 21 0.8
777 20 0.03
778 12 0.28
780 3 0.81
783 26 0.21
787 25 0.1
788 29 0.85
789 1 0.75
790 8 1.0
791 17 0.02
793 23 0.73
795 0 0.62
796 13 0.19
797 0 0.61
798 6 0.57
800 19 0.35
802 2 0.39
804 13 0.24
805 0 0.29
807 11 0.32
811 26 0.65
812 10 0.67
813 10 0.94
814 26 0.47
816 27 0.23
817 25 0.23
818 4 0.67
820 22 0.66
822 29 0.59
823 18 0.1
826 14 0.37
827 18 0.0
830 20 0.09
831 19 0.66
832 29 0.31
838 3 0.83
841 24 0.97
846 14 0.31
848 18 0.48
850 28 0.24
851 3 0.68
853 3 0.24
854 5 0.36
855 5 0.25
856 16 0.29
857 25 0.44
859 14 0.94
860 18 0.89
862 6 0.43
864 28 0.05
865 22 0.61
866 28 0.45
867 4 0.86
872 0 0.64
874 12 0.8
876 4 0.04
877 26 0.73
883 1 0.82
884 18 0.97
885 7 0.94
887 24 0.23
888 22 0.62
889 8 0.22
890 8 0.92
891 24 0.21
893 8 0.43
894 16 0.27
898 0 0.2
907 8 0.82
910 9 0.31
913 3 0.08
916 6 0.06
919 23 0.43
923 1 0.82
925 21 0.72
928 23 0.08
931 2 0.45
932 18 0.35
934 29 0.81
937 19 0.84
939 14 0.77
940 26 0.58
941 25 0.38
942 18 0.48
945 4 0.39
948 6 0.1
949 11 0.88
951 7 0.9
952 15 0.67
958 24 0.86
964 29 0.22
965 4 0.37
967 18 0.74
971 11 0.11
972 24 0.22
973 10 0.82
976 21 0.25
978 25 0.28
980 2 0.45
982 1 0.52
985 16 0.9
986 8 0.36
987 23 0.49
989 13 0.19
991 9 0.14
993 4 0.32
994 13 0.59
995 13 0.27
996 11 0.72
997 21 0.66
998 17 0.0
1002 21 0.69
1004 0 0.78
1005 5 0.46
1006 8 0.25
1007 12 0.41
1010 18 0.01
1011 3 0.46
1012 18 0.68
1015 15 0.21
1018 27 0.21
1019 28 0.14
1020 10 0.6
1021 21 0.82
1025 6 0.64
1027 26 0.9
1028 20 0.63
1031 15 0.96
1032 22 0.86
1033 0 0.61
1036 4 0.18
1042 3 0.27
1043 10 0.28
1045 9 0.47
1046 12 0.19
1047 16 0.78
1049 19 0.68
1050 29 0.35
1053 15 0.99
1054 19 0.5
1055 12 0.45
1057 23 0.69
1059 9 0.68
1060 8 0.01
1062 20 0.08
1064 14 0.07
1065 1 0.29
1067 28 0.68
1068 15 0.44
1069 0 0.26
1070 0 0.14
1074 1 0.6
1075 18 0.3
1077 23 0.05
1080 6 0.1
1085 28 0.74
1086 29 0.56
1087 13 0.85
1090 22 0.36
1092 26 0.57
1093 10 0.42
1094 13 0.92
1095 13 0.74
1097 13 0.28
1099 17 0.23
1100 9 0.3
1103 10 0.42
1108 29 0.46
1111 22 0.54
1113 6 0.35
1115 25 0.96
1116 15 0.55
1117 18 0.69
1120 28 0.44
1121 28 0.56
1123 27 0.67
1125 5 0.89
1126 15 0.07
1130 10 0.72
1131 15 0.79
1132 12 0.63
1137 6 0.34
1138 7 0.8
1140 28 0.29
1141 22 0.9
1144 15 0.62
1145 9 0.22
1146 15 0.98
1147 11 0.22
1148 3 0.23
1149 13 0.2
1150 28 0.4
1153 9 0.45
1154 2 0.08
1156 11 0.63
1157 4 0.98
1158 26 0.6
1161 26 0.78
1166 26 0.44
1167 27 0.77
1173 3 0.23
1174 13 0.6
1175 2 0.61
1176 26 0.7
1177 16 0.67
1179 19 0.26
1180 1 0.96
1181 27 0.89
1182 21 0.74
1184 27 0.77
1189 26 0.8
1190 23 0.24
1191 19 0.78
1193 11 0.46
1194 18 0.11
1196 11 0.79
1199 11 0.25
1201 10 0.93
1205 19 0.88
1207 27 0.14
1212 1 0.01
1214 6 0.03
1216 28 0.95
1217 29 0.02
1219 20 0.94
1221 27 0.31
1222 16 0.13
1224 24 0.92
1226 15 0.09
1231 12 0.01
1232 24 0.52
1234 25 0.26
1237 27 1.0
1238 24 0.19
1239 29 0.22
1240 4 0.49
1242 28 0.78
1244 22 0.12
1245 14 0.42
1249 13 0.41
1250 2 0.95
1251 26 0.17
1252 10 0.47
1253 29 0.5
1254 25 0.47
1257 19 0.49
1258 19 0.83
1259 4 0.5
1262 26 0.06
1263 22 0.04
1265 3 0.92
1266 2 0.07
1267 20 0.41
1268 12 0.97
1270 11 0.41
1273 27 0.75
1276 4 0.59
1280 1 0.68
1281 17 0.22
1282 4 0.11
1283 18 0.15
1284 24 0.78
1287 24 0.99
1289 11 0.44
1292 24 0.17
1293 15 0.13
1294 11 0.4
1295 6 0.95
1296 23 0.7
1297 6 0.74
1299 23 0.73
1305 26 0.48
1306 20 0.68
1308 26 0.94
1310 14 0.78
1314 0 0.49
1315 8 0.05
1316 13 0.22
1318 28 0.1
1319 16 0.71
1322 29 0.75
1324 21 0.96
1326 7 0.38
1327 10 0.75
1328 28 0.73
1329 13 0.48
1338 29 0.12
1339 20 0.1
1342 23 0.5
1344 23 0.49
1345 29 0.96
1346 18 0.92
1347 17 0.35
1349 6 0.27
1351 19 0.27
1352 26 0.93
1355 13 0.57
1356 9 0.27
1360 18 0.91
1363 21 0.01
1365 29 0.49
1366 15 0.26
1367 21 0.36
1368 6 0.46
1370 29 0.18
1371 13 0.2
1375 21 0.3
1378 11 0.72
1379 24 0.18
1382 21 0.02
1383 24 0.79
1384 12 0.21
1391 22 0.1
1392 27 0.06
1393 7 0.75
1394 14 0.14
1396 17 0.96
1399 14 0.06
1400 28 0.8
1401 11 0.71
1402 18 0.35
1403 25 0.51
1413 3 0.27
1414 16 0.73
1416 22 0.36
1417 7 0.86
1418 5 0.18
1420 27 0.36
1421 18 0.54
1422 10 0.7
1426 4 0.9
1429 7 0.02
1430 17 0.88
1431 9 0.71
1436 15 0.0
1438 27 0.74
1439 6 0.73
1441 18 0.05
1443 17 0.86
1445 15 0.09
1446 13 0.77
1448 9 0.05
1449 16 0.98
1450 17 0.33
1451 20 0.13
1452 26 0.73
1454 16 0.61
1455 12 0.49
1456 4 0.28
1458 27 0.05
1462 15 0.47
1463 14 0.22
1464 18 0.09
1465 10 0.72
1471 2 0.67
1472 7 0.39
1473 2 0.33
1475 5 0.88
1477 21 0.25
1480 11 0.23
1481 16 0.43
1485 5 0.02
1486 21 0.49
1489 0 0.11
1490 4 0.43
1493 3 0.1
1494 20 0.89
1496 5 0.82
1499 12 0.18
1500 18 0.67
1503 7 0.89
1504 16 0.09
1506 28 0.78
1507 26 0.19
1509 8 0.03
1512 9 0.72
1514 17 0.94
1515 0 0.09
1516 2 0.29
1518 19 0.52
1520 19 0.83
1522 17 0.07
1523 10 0.62
1525 11 0.43
1527 13 0.51
1528 21 0.38
1529 21 0.07
1530 5 0.9
1531 29 0.62
1532 6 0.1
1533 24 0.53
1540 24 0.49
1541 8 0.58
1542 3 0.56
1543 5 0.81
1544 1 0.53
1545 0 0.06
1546 19 0.52
1549 29 0.64
1553 16 0.92
1554 28 0.24
1556 18 0.41
1558 4 0.99
1559 1 0.68
1560 11 0.95
1565 9 0.69
1566 15 0.63
1569 20 0.86
1570 23 0.22
1571 10 0.9
1572 12 0.92
1574 23 0.9
1575 12 0.95
1579 11 0.13
1580 17 0.03
1581 24 0.66
1586 19 0.11
1587 13 0.38
1590 27 0.37
1591 25 0.07
1593 3 0.44
1594 25 0.49
1596 16 0.13
1597 13 0.16
1600 19 0.96
1601 19 0.91
1602 18 0.66
1603 22 0.02
1605 10 0.76
1608 9 0.17
1610 6 0.99
1612 18 0.02
1613 27 0.73
1614 26 0.46
1615 16 0.22
1616 11 0.63
1619 24 0.08
1620 8 0.66
1621 6 0.94
1623 5 0.17
1624 7 0.64
1625 25 0.7
1627 21 0.27
1628 25 0.28
1631 27 0.84
1636 11 0.45
1638 9 0.14
1640 19 0.71
1641 5 0.58
1643 16 0.54
1644 3 0.03
1645 25 0.59
1647 21 0.01
1650 16 0.08
1652 28 0.86
1653 5 0.53
1654 18 0.52
1655 7 0.71
1658 2 0.51
1659 25 0.3
1660 12 0.89
1662 1 0.04
1663 3 0.61
1665 19 0.83
1666 29 0.05
1667 21 0.17
1668 7 0.28
1669 14 0.02
1670 2 0.85
1672 29 0.9
1674 25 0.04
1675 11 0.48
1677 20 0.74
1678 23 0.16
1679 29 0.36
1680 25 0.55
1681 7 0.72
1682 8 0.01
1683 18 0.82
1684 23 0.29
1686 7 0.86
1688 8 0.23
1690 3 0.71
1691 19 0.55
1692 25 0.94
1693 13 0.44
1694 7 0.15
1697 21 0.93
1698 24 0.09
1701 28 0.57
1703 23 0.37
1704 24 0.32
1706 9 0.73
1708 13 0.96
1710 6 0.81
1713 5 0.88
1714 29 0.43
1715 28 0.84
1718 7 0.48
1719 11 0.59
1720 19 0.12
1721 6 0.41
1722 28 0.61
1724 20 0.6
1728 19 0.2
1729 24 0.0
1731 23 0.43
1732 2 0.25
1734 15 0.67
1735 23 0.57
1736 14 0.36
1742 13 0.84
1743 16 0.77
1744 12 0.43
1745 23 0.25
1750 18 0.98
1756 16 0.94
1757 10 0.06
1758 15 0.24
1760 14 0.93
1761 18 0.28
1763 21 0.68
1765 12 0.22
1767 25 0.95
1771 21 0.09
1772 23 0.1
1773 22 0.35
1774 9 0.06
1775 19 0.16
1781 29 0.96
1782 2 0.13
1783 4 0.81
1784 27 0.48
1785 28 0.87
1788 24 0.06
1789 10 0.21
1790 14 0.27
1791 13 0.43
1793 23 0.32
1794 11 0.05
1796 5 0.33
1797 16 0.89
1800 8 0.51
1802 23 0.99
1803 10 0.77
1804 7 0.68
1805 15 0.65
1808 2 0.72
1814 20 0.31
1815 26 0.16
1816 13 0.81
1818 25 0.16
1819 17 0.23
1820 11 0.96
1826 29 0.43
1828 26 0.06
1831 17 0.36
1832 3 0.86
1833 26 0.36
1834 1 0.09
1838 6 0.62
1846 1 0.98
1848 27 0.02
1850 8 0.15
1852 12 0.4
1854 27 0.56
1858 20 0.45
1859 29 0.87
1861 26 0.24
1863 11 0.58
1866 7 0.17
1867 1 0.53
1869 8 0.82
1870 25 0.51
1871 5 0.06
1872 19 0.78
1875 18 0.14
1876 1 0.35
1880 26 0.2
1881 24 0.53
1882 20 0.47
1883 11 0.7
1886 27 0.44
1887 25 0.57
1889 6 0.19
1892 14 0.14
1895 2 0.14
1897 28 0.95
1898 16 0.15
1902 15 0.27
1903 8 0.69
1905 27 0.35
1908 6 0.42
1910 3 0.91
1911 17 0.67
1912 16 0.86
1916 9 0.37
1917 16 0.28
1919 1 0.0
1920 7 0.24
1921 20 0.77
1923 28 0.23
1924 19 0.66
1925 13 0.43
1926 27 0.86
1927 2 0.16
1928 15 0.08
1929 26 0.36
1930 2 0.52
1933 26 0.09
1936 28 0.57
1937 29 0.8
1938 7 0.38
1942 7 0.08
1947 4 0.19
1951 24 0.47
1953 1 0.16
1954 21 0.76
1956 6 0.03
1958 13 0.5
1959 25 0.94
1960 17 0.03
1961 18 0.85
1962 10 0.44
1964 17 0.8
1965 19 0.06
1966 20 0.7
1967 9 0.91
1974 28 0.72
1975 19 0.54
1977 7 0.8
1978 18 0.88
1980 5 0.77
1981 21 0.23
1984 18 0.18
1985 29 0.72
1987 8 0.3
1988 2 0.34
1991 27 0.84
1992 13 0.48
1995 12 0.85
1997 14 0.61
2000 29 0.99
2001 21 0.07
2002 10 0.63
2003 11 0.68
2006 14 0.82
2007 14 0.89
2008 22 0.6
2010 26 0.38
2012 5 0.95
2015 18 0.74
2018 20 0.37
2021 5 0.62
2022 7 0.31
2030 0 0.62
2032 26 0.9
2037 21 0.39
2039 2 0.42
2041 4 0.85
2044 7 0.75
2046 13 0.92
2048 19 0.65
2050 23 0.44
2052 10 0.59
2053 9 0.77
2054 25 0.73
2056 0 0.11
2057 15 0.23
2058 15 0.14
2059 13 0.21
2060 5 0.19
2061 2 0.53
2062 25 0.61
2064 12 0.76
2065 16 0.54
2067 21 0.63
2070 8 0.08
2071 22 0.02
2072 12 0.06
2074 28 0.39
2075 22 0.89
2077 7 0.05
2082 25 0.01
2084 5 0.55
2085 18 0.57
2087 3 0.22
2089 3 0.27
2090 7 0.15
2091 23 0.88
2093 23 0.29
2094 23 0.61
2097 14 0.0
2098 27 0.23
2100 12 0.95
2104 25 0.54
2106 11 0.69
2108 13 0.27
2109 10 0.66
2110 12 0.61
2115 7 0.73
2116 0 0.52
2120 5 0.36
2121 5 0.06
2123 23 0.98
2124 16 0.66
2127 0 0.26
2129 27 0.37
2132 22 0.46
2135 2 0.98
2136 23 0.6
2140 15 0.95
2141 12 0.83
2143 15 0.57
2144 4 0.48
2145 8 0.92
2148 25 0.38
2155 9 0.55
2156 24 0.2
2157 29 0.29
2160 14 0.92
2161 4 0.69
2162 25 0.37
2163 7 0.64
2165 5 0.96
2166 27 0.26
2167 28 0.76
2173 18 0.35
2175 0 0.65
2181 17 0.77
2182 27 0.57
2187 6 0.84
2189 6 0.37
2190 6 0.6
2191 27 0.95
2192 11 0.24
2193 11 0.05
2195 18 0.02
2196 1 0.5
2197 2 0.5
2201 3 0.78
2202 15 0.5
2203 1 0.16
2204 11 0.84
2205 25 0.59
2210 0 0.03
2213 5 0.63
2216 2 0.01
2225 20 0.92
2226 20 0.54
2227 12 0.06
2229 25 0.86
2233 21 0.34
2237 24 0.54
2239 8 0.81
2243 16 0.47
2247 14 0.09
2250 24 0.78
2251 13 0.82
2252 24 0.24
2253 15 0.32
2254 25 0.56
2257 6 0.42
2260 17 0.0
2261 29 0.73
2262 20 0.49
2263 21 0.95
2265 2 0.39
2266 25 0.81
2267 6 0.54
2268 21 0.96
2271 1 0.79
2277 13 0.26
2278 8 0.82
2279 24 0.3
2280 25 0.06
2281 12 0.3
2282 20 0.08
2284 0 0.03
2285 2 0.42
2287 28 0.78
2289 6 0.14
2290 16 0.09
2292 16 0.81
2294 6 0.65
2295 17 0.7
2299 10 0.52
2301 11 0.11
2302 15 0.84
2307 6 0.5
2311 25 0.67
2312 4 0.84
2316 20 0.94
2317 13 0.22
2319 29 0.77
2320 5 0.9
2321 27 0.1
2322 4 0.46
2323 8 0.8
2326 0 0.05
2328 23 0.21
2330 20 0.38
2333 3 0.87
2335 26 0.68
2336 7 0.05
2339 6 0.64
2344 24 0.86
2348 6 0.72
2349 26 0.73
2350 10 0.07
2355 16 0.16
2357 29 0.78
2359 29 0.55
2360 14 0.52
2363 25 0.54
2364 13 0.08
2366 27 0.81
2367 19 0.03
2368 9 0.24
2370 29 0.01
2372 28 0.28
2373 24 0.63
2375 22 0.41
2376 26 0.99
2377 3 0.95
2378 27 0.49
2380 24 0.89
2384 3 0.71
2385 18 0.43
2389 24 0.26
2391 8 0.66
2394 23 0.54
2395 26 0.13
2396 5 0.8
2397 27 0.0
2402 9 0.65
2403 0 0.88
2404 10 0.97
2406 16 0.58
2408 9 0.97
2409 6 0.05
2412 20 0.69
2414 19 0.52
2416 22 0.75
2417 28 0.18
2418 18 0.51
2419 10 0.79
2420 25 0.94
2424 14 0.09
2426 11 0.27
2429 24 0.6
2435 8 0.5
2440 29 0.84
2443 20 0.04
2445 4 0.18
2446 22 0.03
2447 0 0.4
2448 7 0.4
2449 18 0.22
2450 7 0.66
2451 22 0.49
2452 27 0.58
2460 23 0.97
2461 16 0.73
2463 20 0.41
2465 6 0.53
2466 24 0.25
2467 24 0.19
2469 22 0.56
2470 5 0.06
2474 11 0.57
2475 7 0.87
2477 26 0.57
2479 7 0.8
2481 24 0.51
2483 26 0.79
2484 10 0.16
2487 19 0.36
2488 5 0.16
2490 24 0.93
2492 3 0.3
2494 15 0.87
2495 6 0.55
2496 1 0.73
2497 23 0.37
2500 4 1.0
2502 17 0.34
2504 12 0.16
2505 29 0.5
2507 17 0.03
2509 9 0.13
2510 6 0.2
2511 16 0.81
2512 22 0.42
2514 12 0.67
2515 9 0.83
2516 6 0.8
2521 16 0.44
2523 14 0.32
2524 10 0.19
2525 9 0.18
2529 17 0.86
2532 27 0.64
2533 2 0.03
2535 12 0.78
2536 19 0.04
2537 10 0.9
2538 22 0.32
2541 0 0.05
2543 24 0.47
2547 7 0.15
2548 20 0.59
2550 14 0.94
2551 8 0.9
2553 10 0.34
2554 8 0.01
2556 3 0.68
2557 1 0.59
2558 28 0.17
2559 29 0.71
2560 11 0.3
2562 11 0.86
2564 4 0.61
2565 10 0.3
2566 27 0.43
2568 29 0.79
2569 6 0.62
2574 2 0.96
2576 13 0.19
2579 21 0.87
2582 19 1.0
2583 21 0.5
2586 6 0.71
2588 19 0.64
2589 17 0.52
2591 2 0.61
2592 0 0.45
2593 21 0.22
2594 11 0.02
2596 0 0.96
2597 14 0.56
2601 27 0.02
2603 13 0.72
2605 13 0.87
2606 28 0.2
2608 11 0.55
2610 12 0.99
2612 2 0.01
2613 2 0.91
2614 7 0.63
2615 8 0.2
2620 3 0.32
2622 17 0.48
2625 21 0.96
2626 1 0.43
2627 16 0.73
2628 0 0.79
2630 29 0.24
2631 5 0.43
2633 11 0.91
2637 23 0.07
2638 15 0.77
2641 15 0.72
2643 0 0.01
2647 5 0.06
2650 6 0.25
2651 0 0.84
2654 0 0.98
2657 23 0.99
2660 4 0.06
2662 24 0.52
2663 20 0.74
2664 21 0.15
2670 5 0.56
2671 7 0.62
2672 4 0.79
2673 12 0.11
2675 22 0.9
2677 29 0.49
2678 0 0.58
2680 3 0.28
2681 16 0.01
2682 17 0.9
2684 22 0.53
2686 29 0.85
2688 24 0.43
2690 28 0.75
2691 11 0.88
2692 23 0.41
2695 22 0.07
2699 19 0.2
2700 8 0.34
2701 20 0.78
2703 19 0.13
2704 12 0.96
2707 27 0.2
2708 8 0.91
2709 15 0.09
2710 10 0.66
2711 20 0.94
2712 10 0.2
2714 16 0.36
2715 5 0.59
2717 13 0.69
2718 14 0.87
2720 27 0.66
2721 17 0.55
2722 2 0.48
2728 7 0.26
2729 26 0.06
2730 8 0.98
2732 18 0.37
2733 29 0.21
2738 19 0.75
2740 22 0.2
2741 4 0.28
2742 14 0.51
2745 15 0.75
2747 15 0.84
2748 19 0.63
2749 29 0.94
2751 17 0.87
2753 14 0.11
2755 12 0.4
2756 23 0.22
2759 22 0.79
2760 8 0.67
2761 13 0.4
2762 0 0.96
2764 11 0.66
2765 8 0.56
2768 3 0.38
2770 29 0.94
2771 16 0.49
2772 19 0.45
2774 14 0.2
2775 19 0.32
2776 14 0.17
2778 15 0.44
2779 8 1.0
2781 11 0.52
2783 22 0.61
2784 26 0.78
2785 27 0.5
2786 8 0.08
2789 26 0.3
2793 6 0.75
2795 15 0.28
2796 6 0.57
2797 26 0.21
2798 28 0.96
2799 27 0.04
2801 18 0.65
2802 5 0.79
2803 6 0.0
2805 19 0.01
2806 22 0.26
2809 22 0.67
2810 20 0.27
2816 27 0.1
2818 23 0.18
2821 0 0.28
2824 3 0.9
2825 22 0.88
2826 1 0.44
2828 0 0.12
2829 13 0.66
2832 14 0.76
2833 2 0.12
2834 13 0.44
2835 13 0.63
2836 10 0.34
2838 0 0.65
2841 7 0.54
2843 23 0.13
2844 15 0.73
2845 5 0.67
2846 16 0.55
2849 16 0.73
2850 14 0.94
2851 10 0.6
2854 19 0.98
2856 11 0.26
2857 27 0.85
2859 26 0.78
2860 11 0.14
2865 17 0.87
2866 22 0.32
2870 19 0.39
2873 24 0.74
2876 0 0.87
2879 12 0.52
2880 16 0.16
2883 3 0.05
2884 29 0.68
2886 12 0.87
2887 3 0.95
2894 2 0.51
2895 25 0.17
2897 0 0.46
2902 12 0.88
2903 27 0.89
2904 13 0.46
2905 16 0.45
2906 17 0.71
2907 11 0.32
2909 6 0.65
2910 11 0.36
2911 21 0.8
2912 22 0.78
2915 16 0.34
2919 13 0.13
2921 28 0.81
2922 16 0.57
2923 18 0.98
2924 20 0.72
2926 0 0.37
2929 29 0.99
2932 20 0.48
2934 19 0.33
2935 16 0.38
2937 15 0.17
2942 14 0.2
2943 14 0.42
2944 7 1.0
2947 17 0.1
2948 19 0.31
2950 1 0.3
2951 23 0.84
2955 0 0.35
2956 23 0.28
2959 8 0.44
2960 0 0.2
2962 12 0.71
2965 12 0.25
2966 14 0.38
2968 27 0.38
2969 24 0.02
2970 24 0.77
2974 16 0.91
2976 23 0.66
2977 11 0.66
2978 14 0.52
2981 21 0.8
2983 18 0.09
2984 15 0.74
2985 0 0.42
2987 14 0.61
2988 16 0.11
2993 21 0.89
2996 8 0.48
2999 1 0.99
3000 11 0.31
3001 18 0.43
3003 1 0.83
3006 2 0.36
3007 8 0.12
3009 29 0.43
3010 7 0.97
3011 21 0.12
3012 1 0.45
3016 20 0.49
3017 8 0.14
3020 17 0.07
3021 0 0.43
3022 27 0.86
3023 24 0.62
3024 26 0.84
3025 24 0.97
3026 13 0.07
3028 7 0.54
3029 12 0.23
3030 22 0.13
3031 19 0.53
3032 24 0.96
3033 1 0.75
3035 18 0.89
3036 17 0.42
3039 18 0.07
3041 10 0.03
3042 16 0.29
3049 7 0.26
3050 9 0.51
3053 21 0.51
3055 13 0.18
3056 9 0.91
3057 28 0.35
3060 14 0.49
3061 3 0.79
3064 17 0.65
3067 5 0.97
3069 22 0.37
3071 11 0.69
3072 27 0.98
3074 12 0.15
3077 7 0.58
3078 21 0.59
3079 8 0.13
3082 24 0.49
3089 3 0.92
3090 19 0.46
3091 25 0.48
3092 10 0.81
3093 18 0.69
3097 2 0.02
3104 24 0.6
3108 18 0.11
3109 17 0.71
3110 15 0.82
3112 29 0.92
3113 0 0.37
3115 7 0.22
3118 29 0.38
3119 14 0.63
3121 5 0.76
3122 21 0.08
3126 3 0.94
3128 8 0.46
3130 12 0.52
3131 12 0.16
3133 26 0.79
3134 25 0.97
3135 21 0.82
3136 6 0.76
3140 16 0.9
3141 17 0.61
3142 13 0.58
3147 7 0.02
3148 26 0.42
3150 29 0.93
3151 13 0.09
3153 3 0.33
3155 23 0.16
3156 10 0.52
3157 17 0.7
3158 13 0.22
3159 11 0.24
3160 29 0.16
3162 2 0.42
3164 29 0.05
3167 20 0.93
3169 10 0.67
3170 27 0.1
3171 11 0.76
3173 29 0.46
3174 19 0.92
3180 23 0.34
3182 7 0.27
3184 18 0.31
3186 26 0.84
3189 10 0.46
3190 27 0.97
3194 15 0.48
3195 10 0.2
3197 23 0.9
3199 20 0.23
3200 20 0.28
3201 7 0.96
3204 26 0.18
3206 8 0.04
3208 22 0.45
3209 5 0.2
3213 24 0.24
3214 23 0.4
3215 29 0.69
3216 17 0.21
3217 17 0.23
3219 2 0.18
3221 27 0.56
3222 0 0.86
3223 8 0.7
3225 6 0.77
3226 10 0.12
3235 27 0.49
3238 28 0.7
3240 29 0.44
3241 22 0.92
3245 18 0.58
3246 8 0.43
3247 2 0.3
3248 20 0.31
3249 28 0.58
3253 14 0.54
3254 11 0.95
3256 8 0.19
3257 18 0.5
3258 14 0.31
3263 18 0.76
3265 4 0.12
3266 8 0.28
3269 26 0.99
3270 25 0.9
3272 19 0.48
3273 22 0.72
3274 24 0.29
3275 12 0.06
3276 5 0.13
3277 28 0.8
3279 17 0.41
3281 27 0.12
3282 14 0.48
3283 27 0.79
3287 18 0.46
3288 4 0.9
3292 1 0.05
3293 6 0.96
3294 19 0.51
3295 21 0.34
3300 2 0.96
3301 25 0.51
3304 4 0.84
3308 0 0.45
3317 5 0.66
3318 26 0.74
3319 19 0.62
3320 11 0.95
3321 5 0.44
3322 15 0.23
3323 23 0.15
3324 17 0.71
3326 14 0.94
3327 1 0.02
3328 19 0.26
3332 4 0.17
3333 14 0.31
3334 28 0.35
3335 4 0.46
3337 20 0.19
3341 21 0.63
3343 23 0.86
3346 19 0.61
3348 4 0.32
3350 3 0.31
3353 22 0.72
3354 4 0.34
3355 7 0.06
3356 8 0.27
3357 21 0.28
3358 18 0.09
3359 25 0.68
3362 24 0.69
3363 1 0.92
3364 25 0.91
3365 20 0.5
3368 25 0.54
3369 18 0.37
3370 6 0.27
3372 27 0.9
3374 4 0.27
3375 25 0.85
3376 3 0.14
3377 7 0.36
3380 28 0.16
3383 22 0.76
3384 25 0.56
3385 20 0.09
3390 6 0.97
3391 18 0.92
3395 21 0.03
3397 7 0.99
3399 7 0.4
3400 10 0.32
3401 5 0.18
3404 19 0.06
3406 9 0.92
3407 6 0.14
3408 24 0.31
3409 6 0.89
3410 20 0.06
3411 11 0.87
3412 20 0.76
3413 20 0.34
3417 6 0.58
3418 12 0.16
3419 26 0.84
3420 25 0.09
3423 16 0.4
3424 17 0.78
3426 14 0.31
3427 10 0.42
3428 12 0.66
3429 15 0.72
3430 0 0.15
3432 18 0.49
3436 20 0.7
3438 12 0.85
3440 4 0.4
3444 3 0.01
3445 22 0.64
3448 0 0.26
3450 10 0.8
3452 7 0.55
3457 23 0.65
3462 9 0.87
3463 14 0.59
3464 18 0.64
3465 13 0.81
3467 27 0.96
3470 17 0.04
3472 9 0.12
3480 12 0.6
3481 9 0.03
3487 0 0.02
3490 12 0.8
3491 18 0.99
3494 1 0.72
3497 21 0.97
3498 21 0.97
3500 8 0.49
3504 8 0.35
3505 12 0.33
3506 10 0.12
3513 13 0.9
3514 12 0.24
3515 4 0.05
3516 3 0.01
3517 14 0.09
3518 7 0.75
3519 16 0.51
3520 24 0.81
3521 19 0.0
3524 23 0.16
3525 24 0.77
3526 2 0.48
3527 24 0.41
3528 7 0.04
3529 6 0.47
3530 23 0.37
3534 26 0.41
3536 19 0.25
3537 16 0.97
3539 26 0.64
3540 16 0.73
3542 17 0.46
3543 27 0.7
3544 25 0.91
3546 5 0.62
3550 14 0.65
3552 14 0.96
3557 3 0.69
3560 13 0.62
3562 5 0.25
3563 14 0.03
3566 4 0.43
3567 21 0.94
3570 20 0.83
3572 25 0.26
3574 1 0.42
3575 9 0.04
3576 23 0.63
3578 4 0.18
3580 29 0.52
3581 1 0.14
3582 19 0.64
3585 28 0.68
3586 29 0.98
3588 20 0.4
3592 27 0.46
3594 4 0.09
3596 7 0.15
3597 17 0.37
3599 24 0.37
3603 14 0.34
3604 9 0.64
3605 13 0.5
3606 0 0.34
3608 10 0.71
3609 11 0.61
3614 3 0.72
3616 7 0.37
3619 8 0.94
3620 18 0.86
3623 8 0.03
3624 9 0.48
3626 15 0.28
3629 24 0.26
3633 16 0.7
3634 23 0.11
3636 1 0.98
3638 5 0.38
3640 10 0.27
3641 4 0.28
3645 17 0.55
3647 25 0.18
3649 2 0.73
3650 2 0.95
3652 24 0.07
3655 4 0.98
3657 20 0.38
3660 28 0.67
3661 25 0.27
3662 20 0.65
3665 1 0.42
3666 25 0.03
3668 20 0.68
3669 16 0.63
3671 9 0.92
3674 15 0.8
3676 24 0.27
3677 2 0.93
3679 24 0.68
3680 5 0.57
3683 16 0.06
3687 8 0.17
3688 24 0.24
3691 11 0.62
3696 5 0.76
3697 3 0.8
3700 8 0.35
3702 27 0.88
3706 24 0.77
3709 23 0.07
3712 7 0.75
3713 19 0.51
3715 18 0.71
3716 1 0.72
3717 6 0.43
3718 20 0.63
3720 5 0.31
3724 19 0.51
3729 19 0.83
3732 20 0.78
3736 10 0.7
3737 3 0.71
3738 25 0.94
3739 15 0.7
3742 0 0.33
3743 23 0.33
3746 17 0.43
3751 23 0.56
3752 9 0.77
3755 22 0.58
3759 5 0.41
3760 14 0.28
3761 21 0.96
3764 18 0.13
3770 3 0.84
3772 4 0.8
3777 1 0.55
3778 25 0.79
3779 22 0.13
3783 29 0.79
3786 13 0.4
3791 0 0.23
3792 2 0.75
3793 24 0.21
3795 1 0.82
3796 27 0.22
3797 26 0.34
3802 6 0.06
3804 12 0.79
3806 4 0.44
3809 22 0.82
3810 25 0.48
3811 25 0.09
3814 21 0.5
3819 7 0.59
3823 3 0.92
3824 25 0.88
3825 29 0.45
3826 6 0.45
3828 26 0.21
3829 8 0.6
3830 9 0.39
3831 24 0.43
3836 18 0.85
3839 7 0.79
3841 9 0.35
3843 16 0.47
3844 17 0.16
3849 23 0.87
3852 3 0.28
3853 3 0.74
3857 15 0.46
3858 24 0.5
3859 16 0.19
3861 22 0.06
3862 18 0.81
3864 22 0.75
3868 28 0.85
3869 11 0.96
3872 26 0.1
3879 6 0.2
3881 26 0.98
3883 25 0.73
3885 5 0.28
3887 6 0.43
3892 10 0.17
3894 27 0.35
3901 3 0.19
3902 19 0.86
3905 27 0.55
3906 26 0.31
3913 14 0.27
3914 25 0.07
3915 10 0.82
3917 4 0.68
3918 27 0.31
3919 16 0.45
3923 7 0.47
3924 21 0.04
3926 22 0.77
3929 7 0.1
3930 9 0.74
3931 0 0.03
3932 20 0.98
3934 10 0.74
3935 3 0.83
3936 23 0.88
3937 11 0.79
3938 29 0.85
3939 6 0.56
3941 9 0.23
3943 26 0.91
3944 24 0.28
3945 10 0.23
3947 20 0.19
3948 3 0.14
3949 2 0.53
3952 27 0.81
3958 26 0.93
3960 21 0.57
3961 27 0.42
3964 12 0.42
3966 6 0.93
3967 16 0.76
3968 28 0.14
3969 11 0.67
3970 13 0.12
3971 15 0.22
3973 19 0.08
3974 9 0.03
3977 15 0.91
3978 9 0.92
3980 15 0.37
3986 19 0.54
3989 14 0.39
3993 5 0.95
3994 23 0.91
3995 29 0.98
3999 2 0.35
4002 15 0.52
4003 13 0.56
4004 27 0.76
4006 7 0.35
4007 0 0.32
4012 21 0.92
4013 26 0.86
4014 18 0.76
4015 16 0.94
4016 10 0.88
4018 14 0.56
4021 20 0.56
4023 21 0.92
4024 1 0.04
4026 11 0.91
4027 25 0.35
4029 24 0.47
4031 0 0.65
4032 21 0.13
4033 2 0.39
4034 6 0.49
4035 0 0.07
4038 14 0.96
4040 19 0.65
4048 18 0.65
4050 22 0.58
4051 14 0.6
4052 10 0.76
4057 9 0.8
4062 2 0.77
4064 6 0.23
4067 22 0.15
4068 29 0.66
4071 21 0.41
4072 19 0.09
4073 22 0.57
4076 18 0.1
4077 6 0.3
4078 29 0.65
4079 9 0.67
4081 28 0.14
4084 22 0.74
4085 0 0.78
4086 22 0.14
4087 6 0.84
4094 11 0.35
4096 11 0.25
4100 6 0.92
4101 17 0.33
4105 6 0.53
4106 18 0.58
4107 3 0.12
4109 3 0.78
4110 18 0.66
4112 8 0.95
4113 9 0.16
4117 21 0.29
4118 0 0.33
4121 7 0.04
4122 9 0.19
4124 13 0.94
4125 20 0.33
4128 2 0.16
4131 25 0.48
4134 15 0.45
4136 27 0.46
4137 6 0.77
4139 21 0.61
4141 5 0.79
4143 0 0.01
4145 7 0.27
4148 25 0.35
4150 11 0.95
4151 25 0.62
4152 29 0.79
4155 27 0.44
4156 22 0.23
4161 2 0.98
4165 5 0.37
4166 28 0.22
4169 19 0.83
4170 27 0.86
4172 20 0.37
4173 29 0.92
4177 22 0.5
4179 20 0.58
4181 28 0.49
4182 12 0.33
4183 0 0.11
4184 7 0.09
4185 2 0.58
4186 25 0.54
4190 7 0.21
4191 12 0.96
4192 9 0.5
4193 28 0.32
4195 18 0.03
4196 12 0.19
4198 1 0.89
4199 24 0.44
4201 0 0.2
4202 5 0.33
4203 9 0.8
4206 28 0.75
4208 27 0.4
4209 14 0.83
4210 21 0.32
4212 18 0.5
4213 12 0.28
4215 5 0.49
4216 13 0.16
4217 21 0.16
4218 7 0.31
4221 7 0.01
4223 4 0.81
4228 12 0.87
4230 2 0.39
4233 0 0.14
4238 2 0.53
4246 20 0.13
4247 28 0.69
4249 5 0.32
4252 9 0.1
4254 18 0.04
4255 8 0.35
4256 5 0.61
4259 25 0.34
4260 2 0.9
4262 0 0.46
4263 17 0.52
4264 21 0.11
4266 22 0.65
4268 13 0.07
4269 1 0.48
4272 1 0.33
4274 26 0.82
4275 17 0.06
4278 5 0.18
4280 12 0.07
4281 24 0.92
4283 20 0.87
4284 29 0.87
4286 0 0.71
4287 9 0.07
4291 10 0.76
4294 29 0.44
4296 25 0.67
4297 8 0.37
4299 22 0.91
4302 27 0.19
4304 2 0.14
4306 17 0.41
4307 3 0.56
4308 9 0.49
4309 11 0.56
4310 3 0.98
4313 26 0.19
4316 28 0.38
4319 9 0.8
4320 13 0.42
4325 10 0.35
4326 13 0.73
4327 0 0.72
4329 3 0.55
4330 3 0.24
4331 14 0.94
4333 6 0.01
4335 18 0.04
4336 0 0.08
4338 28 0.52
4339 17 0.17
4340 16 0.13
4342 19 0.02
4345 29 0.71
4346 5 0.71
4348 28 0.46
4349 7 0.78
4350 2 0.17
4351 0 0.68
4356 14 0.65
4357 23 0.26
4359 13 0.59
4364 17 0.15
4366 22 0.46
4367 4 0.35
4369 26 0.21
4372 25 0.8
4375 21 0.0
4379 27 0.83
4380 8 0.17
4381 29 0.79
4382 24 0.53
4384 19 0.54
4386 24 0.77
4387 16 0.12
4388 20 0.22
4389 14 0.51
4390 24 0.65
4391 26 0.14
4394 10 0.34
4395 2 0.91
4396 7 0.95
4398 12 0.58
4401 13 0.49
4402 7 0.42
4403 18 0.4
4405 27 0.3
4408 13 0.43
4409 5 0.5
4410 2 0.17
4412 13 0.11
4413 27 0.28
4417 12 0.05
4418 8 0.76
4419 11 0.62
4424 15 0.39
4425 0 0.96
4426 7 0.24
4427 1 0.5
4430 2 0.56
4432 3 0.06
4436 18 0.57
4437 9 0.22
4438 13 0.78
4439 8 0.27
4443 25 0.84
4446 21 0.5
4447 24 0.81
4448 23 0.19
4450 24 0.64
4457 2 0.26
4459 14 0.24
4462 27 0.56
4464 25 0.14
4465 0 0.57
4467 21 0.95
4471 16 0.69
4478 12 0.31
4479 11 0.15
4480 19 0.33
4481 17 0.83
4482 23 0.78
4485 24 0.39
4486 9 0.67
4487 10 0.61
4490 8 0.28
4491 29 0.4
4492 1 0.74
4497 3 0.26
4498 3 0.03
4499 3 0.83
4501 9 0.46
4502 25 0.39
4503 24 0.34
4504 9 0.82
4505 8 0.5
4506 21 0.9
4509 24 0.38
4510 26 0.32
4512 21 0.18
4514 25 0.71
4515 18 0.71
4517 8 0.88
4518 20 0.55
4519 17 0.18
4521 13 0.48
4524 28 0.58
4527 23 0.14
4528 27 0.93
4529 23 0.84
4530 0 0.55
4531 19 0.3
4534 18 0.95
4538 17 0.98
4540 22 0.17
4544 21 0.05
4546 21 0.61
4551 13 0.8
4553 29 0.93
4554 4 0.09
4555 3 0.72
4556 23 0.47
4557 18 0.07
4558 27 0.24
4562 27 0.24
4565 13 0.35
4567 18 0.84
4568 15 0.56
4571 29 0.61
4573 26 0.81
4574 21 0.88
4576 8 0.0
4577 1 0.49
4578 24 0.29
4580 7 0.09
4581 4 0.45
4584 12 0.21
4586 16 0.58
4591 24 0.07
4592 19 0.44
4596 9 0.03
4597 28 0.59
4603 24 0.41
4605 23 0.88
4609 24 0.11
4610 5 0.52
4613 17 0.75
4615 23 0.02
4618 13 0.14
4620 8 0.91
4624 7 0.64
4625 20 0.57
4626 24 0.16
4628 17 0.57
4629 15 0.78
4630 10 0.33
4631 12 0.56
4636 4 0.59
4637 25 0.03
4638 28 0.17
4639 5 0.88
4640 15 0.04
4641 23 0.04
4642 22 0.63
4643 24 0.7
4644 21 0.42
4645 1 0.52
4648 9 0.32
4649 26 0.95
4650 19 0.55
4653 10 0.52
4654 2 0.71
4656 12 0.26
4657 18 0.01
4659 4 0.14
4662 27 0.71
4664 5 0.76
4665 27 0.99
4666 29 0.54
4667 5 0.24
4668 6 0.07
4669 26 0.5
4675 10 0.48
4677 5 0.84
4682 8 0.07
4685 24 0.47
4687 26 0.11
4688 9 0.3
4689 11 0.16
4691 15 0.58
4694 25 0.99
4698 6 0.65
4705 12 0.18
4706 5 0.67
4707 3 0.01
4708 3 0.28
4711 23 0.53
4712 24 0.2
4713 5 0.96
4715 14 0.08
4716 1 0.68
4718 26 0.81
4719 25 0.2
4720 10 0.89
4722 24 0.28
4723 29 0.28
4724 9 0.58
4727 3 0.25
4729 25 0.86
4732 1 0.02
4733 6 0.06
4734 6 0.08
4736 21 0.48
4737 2 0.27
4738 5 0.65
4740 18 0.33
4741 0 0.1
4747 25 0.36
4748 20 0.12
4754 22 1.0
4758 29 0.91
4765 18 0.99
4766 29 0.85
4767 10 0.45
4769 18 0.67
4770 25 0.42
4771 28 0.03
4772 5 0.64
4773 29 0.16
4774 10 0.58
4775 13 0.22
4776 21 0.96
4779 29 0.18
4781 13 0.41
4782 25 0.23
4785 23 0.6
4786 4 0.05
4787 4 0.94
4788 14 0.08
4789 19 0.15
4790 19 0.32
4791 8 0.91
4795 26 0.49
4799 16 0.6
4800 9 0.37
4801 4 0.27
4802 8 0.89
4806 9 0.62
4807 8 0.74
4808 22 0.69
4809 17 0.77
4811 14 0.92
4812 25 0.54
4814 28 0.76
4817 21 0.82
4820 20 0.53
4822 24 0.82
4824 1 0.76
4825 23 0.29
4826 17 0.98
4828 9 0.64
4829 19 0.29
4832 12 0.6
4833 26 0.26
4834 12 0.99
4837 1 0.28
4839 23 0.41
4840 27 0.35
4841 10 0.03
4842 19 0.51
4844 1 0.47
4846 1 0.64
4848 22 0.69
4850 13 0.27
4853 19 0.11
4854 28 0.85
4860 10 0.91
4861 29 0.43
4862 10 0.17
4863 8 0.64
4864 26 0.19
4865 8 0.02
4867 25 0.08
4869 24 0.41
4870 14 0.02
4871 5 0.84
4872 16 0.37
4874 9 0.23
4878 17 0.35
4879 28 0.86
4881 26 0.55
4882 7 0.98
4884 14 0.46
4885 1 0.44
4886 12 0.69
4889 7 0.25
4891 6 0.24
4893 16 0.48
4895 9 0.65
4899 11 0.51
4905 22 0.98
4907 29 0.86
4908 26 0.22
4909 12 0.4
4910 19 0.77
4911 9 0.02
4912 1 0.89
4914 19 0.21
4920 0 0.44
4921 11 0.03
4922 20 0.86
4924 26 0.91
4927 17 0.27
4928 26 0.34
4929 6 0.55
4930 14 0.54
4932 17 0.02
4934 20 0.8
4936 11 0.46
4939 16 0.54
4942 25 0.22
4943 5 0.81
4950 11 0.25
4952 21 0.59
4955 8 0.09
4956 20 0.28
4957 3 0.08
4958 16 0.17
4959 19 0.28
4960 27 0.05
4967 3 0.09
4968 0 0.14
4969 27 0.07
4976 15 0.12
4978 20 0.5
4979 11 0.48
4980 7 0.93
4981 9 0.4
4984 3 0.1
4985 29 0.66
4987 22 0.74
4989 6 0.48
4991 11 0.67
4992 18 0.73
4998 2 0.05
4999 27 0.02
5000 11 0.44
5001 4 0.37
5003 2 0.08
5004 0 0.78
5005 15 0.91
5009 28 0.1
5012 4 0.87
5013 16 0.0
5014 7 0.96
5017 7 0.21
5018 1 0.61
5020 3 0.69
5022 20 0.12
5023 15 0.86
5024 29 0.35
5025 27 0.26
5026 26 0.86
5027 13 0.33
5029 17 0.89
5030 29 0.61
5031 14 0.81
5032 19 0.23
5034 18 0.83
5038 5 0.6
5040 10 0.01
5041 17 0.19
5042 7 0.98
5045 21 0.92
5047 15 0.29
5048 2 0.54
5049 8 0.94
5051 14 0.45
5052 24 0.22
5055 14 0.67
5058 12 0.36
5061 24 0.96
5062 2 0.36
5063 9 0.5
5064 22 0.49
5065 17 0.69
5067 18 0.54
5069 9 0.07
5070 4 0.62
5071 15 0.57
5072 19 0.1
5074 18 0.17
5075 2 0.95
5077 8 0.23
5079 15 0.52
5081 14 0.86
5084 4 0.99
5085 11 0.8
5088 4 0.99
5089 20 0.22
5090 12 0.83
5091 21 0.86
5092 25 0.43
5093 22 0.81
5094 12 0.65
5095 27 0.58
5098 26 0.9
5099 14 0.17
5104 7 0.99
5105 2 0.81
5106 19 0.19
5110 11 0.93
5112 22 0.4
5119 17 0.17
5120 4 0.11
5123 1 0.69
5124 16 0.8
5125 25 0.89
5126 23 0.24
5127 21 0.32
5128 21 0.3
5131 10 0.67
5132 14 0.64
5137 17 0.25
5138 11 0.05
5141 2 0.48
5147 4 0.4
5148 10 0.95
5150 17 0.3
5152 16 0.48
5156 3 0.82
5158 6 0.98
5161 1 0.75
5163 13 0.6
5165 28 0.78
5166 26 0.82
5167 13 0.8
5168 8 0.96
5170 16 0.89
5173 0 0.15
5174 20 0.4
5175 22 0.93
5177 23 0.28
5181 18 0.57
5183 23 0.2
5186 23 0.6
5189 19 0.58
5190 25 0.63
5192 22 0.58
5193 1 0.72
5194 24 0.88
5195 27 0.93
5196 19 0.87
5197 22 0.69
5201 23 0.44
5203 20 0.11
5207 0 0.49
5212 29 0.65
5213 17 0.21
5215 23 0.6
5219 19 0.06
5221 14 0.75
5222 22 0.28
5223 3 0.48
5226 15 0.95
5227 13 0.58
5232 4 0.51
5234 7 0.57
5238 17 0.81
5239 22 0.75
5241 14 0.97
5242 20 0.48
5243 28 0.78
5247 16 0.21
5248 15 0.09
5249 9 0.62
5252 23 0.59
5253 6 0.42
5254 22 0.53
5255 10 0.08
5256 13 0.03
5257 21 0.38
5258 12 0.69
5259 16 0.16
5260 29 0.85
5261 22 0.61
5267 25 0.24
5268 29 0.57
5273 11 0.01
5274 2 0.29
5276 5 0.63
5278 9 0.37
5279 13 0.24
5280 20 0.81
5283 5 0.85
5287 26 0.21
5293 16 0.89
5294 2 0.81
5296 5 0.81
5299 7 0.85
5301 5 0.35
5302 5 0.74
5303 2 0.23
5304 19 0.01
5306 1 0.93
5308 28 0.91
5310 10 0.14
5311 8 0.92
5313 9 0.21
5315 26 0.67
5317 16 0.88
5318 27 0.89
5322 6 0.21
5327 9 0.61
5331 13 0.34
5334 12 0.08
5336 25 0.13
5337 29 0.62
5340 8 0.53
5342 13 0.65
5343 11 0.16
5347 23 0.55
5348 27 0.99
5350 27 0.36
5351 1 0.11
5352 20 0.63
5354 20 0.8
5355 26 0.98
5357 16 0.89
5360 28 0.51
5365 23 0.97
5366 1 0.45
5367 13 0.38
5368 29 0.31
5370 24 0.06
5371 27 0.69
5375 2 0.22
5379 29 0.45
5380 9 0.03
5382 16 0.71
5384 28 0.81
5385 10 0.07
5388 19 0.82
5391 5 0.08
5392 1 0.4
5393 20 0.89
5394 12 0.95
5395 7 0.13
5399 1 0.48
5400 5 0.32
5401 11 0.77
5406 12 0.07
5407 22 0.56
5408 27 0.56
5411 12 0.48
5412 12 0.72
5414 15 0.31
5416 7 0.41
5417 12 0.08
5423 8 0.91
5425 21 0.02
5426 22 0.38
5429 19 0.14
5431 3 0.87
5433 25 0.29
5436 24 0.46
5438 22 0.5
5439 4 0.06
5441 14 0.71
5452 7 0.02
5455 18 0.37
5456 13 0.91
5457 13 0.89
5459 25 0.22
5460 25 0.08
5462 19 0.23
5464 21 0.89
5465 26 0.02
5467 25 0.65
5468 20 0.47
5469 4 0.49
5471 15 0.2
5474 13 0.97
5475 17 0.39
5476 10 0.17
5478 23 0.13
5480 3 0.73
5483 18 0.79
5484 2 0.82
5489 19 0.33
5492 15 0.91
5494 5 0.38
5495 24 0.51
5499 1 0.01
5502 6 0.16
5504 5 0.35
5507 19 0.56
5509 7 0.61
5512 28 0.45
5514 11 0.93
5515 13 0.82
5521 21 0.95
5522 29 0.53
5524 25 0.26
5527 13 0.49
5528 6 0.52
5532 13 0.97
5533 28 0.39
5536 13 0.01
5537 20 0.4
5538 22 0.06
5541 4 0.38
5543 6 0.71
5544 3 0.6
5546 3 0.26
5547 12 0.87
5549 3 0.92
5550 22 0.61
5552 23 0.73
5554 4 0.73
5555 2 0.86
5556 20 0.1
5558 3 0.8
5563 9 0.71
5564 24 0.71
5565 29 0.71
5571 15 0.5
5572 21 0.77
5576 8 0.72
5580 6 0.27
5582 10 0.46
5583 13 0.07
5584 18 1.0
5585 16 0.23
5586 28 0.12
5588 2 0.45
5590 5 0.03
5591 15 0.01
5592 2 0.74
5595 16 0.76
5596 26 0.93
5597 24 0.23
5598 28 0.4
5600 22 0.29
5602 24 0.92
5603 23 0.8
5604 0 0.67
5608 8 0.09
5609 7 0.44
5611 27 0.52
5612 1 0.1
5614 6 0.44
5615 0 0.64
5618 12 0.01
5622 12 0.58
5623 28 0.57
5626 23 0.23
5628 16 0.8
5632 4 0.16
5633 9 0.72
5634 23 0.23
5636 9 0.06
5638 4 0.56
5639 20 0.84
5640 29 0.81
5641 19 0.12
5642 24 0.95
5646 7 0.97
5647 3 0.33
5648 0 0.28
5653 25 0.74
5656 8 0.69
5657 16 0.59
5659 1 0.25
5660 13 0.96
5662 16 0.16
5663 13 0.13
5664 27 0.92
5667 11 0.65
5668 5 0.73
5673 20 0.42
5674 26 0.06
5676 11 0.26
5677 18 0.9
5680 21 0.03
5681 23 0.11
5683 29 0.73
5686 19 0.43
5687 10 0.45
5688 5 0.54
5689 5 0.18
5691 0 0.77
5694 28 0.11
5695 18 0.48
5696 29 0.17
5699 8 0.06
5700 13 0.61
5702 15 0.2
5703 3 0.83
5704 4 1.0
5705 9 0.43
5706 5 0.66
5708 24 0.92
5711 28 0.03
5712 1 0.72
5713 1 0.39
5716 29 0.32
5717 12 0.71
5718 1 0.29
5719 6 0.68
5720 8 0.07
5721 12 0.94
5723 6 0.36
5724 15 0.68
5725 11 0.91
5726 2 0.89
5727 1 0.19
5728 6 0.06
5729 2 0.93
5730 10 0.48
5732 27 0.48
5733 5 0.28
5734 4 0.45
5735 7 0.06
5736 5 0.96
5737 17 0.74
5739 27 0.6
5740 27 0.64
5741 19 0.11
5743 5 0.75
5746 7 0.0
5747 26 0.47
5748 6 0.1
5750 8 0.4
5752 24 0.46
5754 7 0.86
5756 3 0.19
5757 12 0.22
5758 19 0.39
5761 23 0.24
5762 21 0.99
5764 16 0.2
5765 12 0.0
5766 23 0.16
5768 17 0.22
5771 23 0.22
5772 13 0.81
5773 18 0.08
5774 0 0.57
5776 27 0.01
5777 14 0.78
5779 13 0.48
5781 19 0.63
5783 2 0.46
5784 7 0.4
5787 28 0.35
5789 28 0.1
5790 26 1.0
5791 8 0.22
5797 17 0.06
5798 22 0.47
5799 7 0.19
5801 7 0.64
5802 3 0.47
5804 27 0.74
5805 2 0.43
5808 17 0.63
5811 27 0.91
5812 23 0.29
5813 19 0.33
5814 4 0.02
5815 1 0.57
5816 3 0.78
5823 14 0.47
5824 15 0.88
5826 17 0.53
5827 3 0.52
5832 19 0.12
5833 12 0.81
5836 23 0.84
5837 6 0.03
5840 5 0.25
5841 3 0.18
5842 1 0.96
5843 0 0.81
5844 22 0.98
5846 21 0.24
5851 8 0.75
5853 8 0.52
5854 27 0.28
5855 8 0.04
5859 12 0.99
5861 28 0.38
5864 29 0.53
5867 15 0.04
5869 3 0.64
5870 2 0.56
5873 16 0.64
5876 0 0.07
5877 28 0.61
5878 23 0.14
5881 11 0.91
5884 9 0.71
5885 18 0.21
5887 2 0.9
5888 3 0.37
5890 23 0.3
5891 19 0.37
5894 12 0.77
5895 20 0.27
5896 11 0.33
5900 2 0.1
5901 14 0.38
5906 9 0.65
5908 1 0.58
5909 21 0.98
5911 10 0.19
5912 28 0.75
5917 17 0.17
5919 0 0.97
5922 27 0.67
5924 28 0.1
5927 16 0.63
5928 12 0.84
5930 25 0.67
5931 19 0.64
5932 17 0.91
5936 18 0.73
5937 28 0.33
5939 9 0.84
5940 26 0.98
5941 2 0.03
5942 17 0.33
5944 10 0.37
5945 24 0.73
5950 14 0.2
5953 9 0.05
5954 27 0.26
5958 2 0.44
5959 7 0.83
5960 27 0.07
5961 28 0.35
5965 29 0.89
5970 14 0.43
5971 12 0.3
5975 21 0.11
5977 17 0.45
5980 18 0.14
5983 5 0.32
5984 24 0.01
5985 20 0.47
5987 12 0.98
5991 22 0.61
5994 29 0.6
5996 0 0.28
5999 12 0.97
6001 4 0.81
6004 21 0.76
6005 25 0.14
6008 18 0.84
6009 14 0.07
6010 25 0.98
6011 9 0.37
6014 18 0.05
6016 21 0.98
6017 13 0.72
6019 2 0.03
6020 4 0.69
6021 4 0.12
6023 19 0.55
6024 4 0.94
6029 16 0.01
6030 23 0.12
6031 9 0.78
6032 12 0.93
6033 5 0.37
6034 14 0.05
6035 29 0.19
6037 11 0.41
6038 10 0.4
6044 11 0.36
6045 3 0.65
6046 26 0.91
6047 2 0.92
6050 22 0.41
6052 13 0.64
6053 12 0.64
6055 28 0.68
6059 9 0.24
6061 27 0.37
6064 21 0.57
6065 29 0.35
6067 22 0.06
6068 3 0.12
6075 6 0.3
6078 16 0.3
6080 17 0.79
6081 29 0.93
6082 28 0.62
6084 4 0.51
6088 26 0.15
6089 4 0.12
6092 26 0.94
6093 2 0.36
6096 25 0.86
6097 22 0.49
6099 11 0.9
6103 29 0.51
6105 8 0.16
6107 3 0.19
6109 29 0.61
6111 28 0.13
6113 13 0.73
6116 26 0.92
6119 25 0.9
6121 26 0.03
6122 12 0.71
6123 29 0.16
6124 9 0.72
6125 17 0.86
6127 24 0.13
6128 21 0.67
6130 9 0.48
6135 13 0.65
6136 27 0.73
6137 13 0.77
6138 12 0.16
6143 1 0.56
6146 5 0.11
6149 26 0.2
6151 19 0.09
6153 10 0.73
6155 0 0.29
6157 16 0.38
6158 21 0.28
6160 25 0.59
6162 11 0.3
6165 7 0.47
6168 23 0.19
6169 19 0.07
6170 12 0.92
6171 29 0.45
6173 8 0.1
6175 20 0.83
6177 21 0.18
6179 28 0.32
6181 23 0.72
6182 22 0.51
6185 25 0.28
6187 2 0.62
6188 13 0.59
6192 10 0.11
6195 27 0.94
6196 16 0.0
6197 4 0.2
6199 7 0.88
6200 16 0.94
6201 10 0.07
6204 4 0.75
6207 17 0.14
6208 26 0.91
6209 5 0.22
6210 2 0.05
6211 28 0.96
6213 7 0.83
6214 21 0.07
6216 4 1.0
6218 22 0.5
6219 28 0.49
6222 27 0.83
6224 2 0.07
6226 15 0.81
6229 2 0.85
6230 13 0.13
6232 25 0.37
6236 24 0.62
6240 14 0.27
6242 2 0.32
6243 10 0.92
6244 2 0.35
6245 13 0.23
6248 5 0.02
6253 14 0.26
6255 5 0.87
6256 23 0.41
6258 26 0.26
6259 4 0.59
6263 24 0.35
6265 8 0.52
6266 2 0.94
6269 26 0.02
6271 22 0.66
6272 24 0.14
6275 18 0.04
6276 19 0.98
6278 19 0.67
6279 15 0.2
6285 12 0.23
6286 26 0.48
6287 11 0.26
6288 13 0.06
6289 28 0.93
6291 7 0.21
6292 6 0.84
6293 15 0.04
6294 11 0.92
6296 0 0.2
6297 2 0.21
6298 25 0.83
6299 14 0.73
6301 4 0.14
6302 18 0.73
6308 4 0.26
6310 19 0.13
6312 13 0.69
6314 15 0.78
6316 1 0.19
6317 11 0.56
6319 9 0.5
6321 1 0.38
6322 1 0.19
6325 20 0.72
6328 5 0.12
6334 13 0.72
6335 14 0.86
6336 5 0.5
6339 26 0.52
6345 3 0.4
6347 19 0.61
6348 22 0.67
6349 3 0.8
6350 13 0.44
6353 29 0.2
6358 24 0.79
6360 19 0.08
6363 17 0.15
6364 9 0.06
6366 17 0.64
6368 7 0.57
6370 5 0.94
6374 8 0.27
6379 3 0.66
6380 21 0.04
6381 6 0.15
6383 25 0.6
6384 5 0.98
6385 22 0.68
6386 14 0.49
6387 1 0.11
6391 24 0.09
6392 3 0.01
6396 26 0.7
6398 6 0.73
6399 24 0.14
6400 25 0.84
6401 24 0.07
6402 6 0.85
6404 27 0.23
6405 28 0.88
6409 26 0.52
6411 29 0.25
6412 25 0.09
6413 14 0.13
6415 9 0.29
6416 3 0.46
6417 11 0.03
6418 3 0.92
6419 14 0.73
6423 24 0.85
6424 24 0.65
6434 4 0.36
6435 20 0.07
6436 25 0.24
6437 14 0.44
6444 26 0.39
6446 14 0.81
6447 25 0.46
6448 2 0.36
6450 21 0.58
6451 29 0.62
6453 27 0.54
6454 18 0.65
6455 5 0.28
6457 19 0.39
6460 25 0.07
6461 8 0.55
6464 27 0.4
6465 1 0.61
6466 7 0.46
6467 13 0.75
6471 21 0.57
6472 4 0.38
6478 20 0.24
6480 28 0.7
6487 28 0.59
6488 19 0.62
6489 0 0.88
6493 17 0.15
6494 14 0.06
6495 23 0.18
6497 2 0.01
6498 23 0.57
6500 25 0.34
6503 21 0.75
6504 19 0.86
6505 18 0.55
6506 7 0.12
6507 20 0.78
6508 5 0.41
6513 1 0.28
6514 22 0.36
6515 5 0.58
6526 15 0.99
6529 9 0.04
6532 4 0.78
6537 25 0.86
6540 10 0.19
6544 13 0.78
6545 21 0.92
6546 1 0.7
6547 22 0.79
6549 15 0.85
6550 2 0.22
6552 5 0.93
6553 12 0.23
6554 24 0.53
6558 0 0.1
6560 14 0.6
6561 13 0.49
6566 0 0.53
6568 19 0.18
6570 22 0.17
6571 25 0.19
6573 19 0.42
6574 12 0.29
6575 0 0.86
6577 27 0.65
6579 25 0.17
6580 17 0.67
6581 24 0.58
6585 16 0.35
6586 9 0.87
6588 5 0.98
6590 15 0.43
6592 12 0.63
6594 26 0.23
6595 0 0.38
6597 26 0.63
6598 9 0.81
6599 24 0.88
6601 15 0.14
6603 6 0.01
6604 23 0.09
6605 8 0.0
6606 17 0.06
6607 11 0.14
6611 8 0.95
6613 14 0.53
6614 2 0.35
6615 16 0.87
6616 2 0.11
6618 21 0.33
6622 15 0.67
6623 24 0.19
6625 29 0.47
6626 22 0.06
6628 29 0.02
6630 24 0.39
6631 15 0.37
6634 23 0.54
6635 25 0.57
6637 8 0.68
6640 13 0.81
6642 4 0.04
6643 25 0.49
6645 17 0.35
6646 12 0.06
6647 20 0.89
6648 1 0.26
6649 22 0.57
6651 27 0.58
6652 22 0.86
6655 19 0.04
6656 7 0.82
6657 1 0.26
6661 24 0.69
6663 9 0.03
6665 25 0.83
6666 9 0.27
6667 22 0.28
6668 27 0.2
6669 18 0.24
6672 28 0.83
6678 20 0.24
6679 0 0.04
6687 14 1.0
6688 23 0.78
6692 13 0.3
6693 22 0.11
6695 22 0.52
6696 25 0.6
6697 15 0.29
6699 5 0.81
6700 22 0.1
6701 18 0.92
6704 20 0.92
6706 27 0.71
6708 7 0.43
6709 25 0.94
6711 7 0.96
6713 18 0.49
6715 28 0.64
6719 0 0.51
6721 16 0.69
6722 13 0.6
6726 12 0.17
6728 27 0.97
6729 3 0.47
6730 24 0.84
6733 23 0.53
6734 7 0.67
6735 14 0.02
6740 8 0.88
6744 18 0.05
6746 14 0.98
6747 0 0.22
6749 5 0.25
6751 11 0.71
6753 7 0.24
6754 27 0.64
6756 29 0.46
6760 13 0.76
6761 15 0.65
6763 2 0.95
6764 11 0.65
6765 5 0.14
6766 15 0.17
6767 28 0.41
6770 6 0.19
6771 16 0.5
6772 10 0.75
6775 1 0.98
6776 0 0.33
6777 6 0.71
6779 20 0.39
6782 26 0.98
6784 7 0.6
6787 6 0.7
6788 1 0.33
6789 23 0.05
6790 22 0.02
6791 21 0.04
6793 10 0.2
6794 14 0.04
6795 18 0.25
6798 24 0.64
6799 4 0.61
6800 18 0.07
6804 18 0.43
6807 13 0.56
6808 20 0.09
6811 5 0.91
6812 11 0.15
6813 21 0.96
6814 13 0.49
6817 4 0.62
6818 10 0.87
6821 5 0.6
6823 25 0.02
6824 24 0.4
6825 24 0.37
6827 9 0.8
6828 5 0.32
6830 0 0.58
6832 15 0.13
6833 25 0.48
6834 22 0.24
6835 11 0.89
6838 22 0.44
6839 26 0.72
6840 27 0.03
6842 24 0.48
6845 2 0.24
6848 10 0.9
6849 5 0.75
6850 19 0.64
6851 2 0.51
6852 14 0.64
6853 20 0.22
6854 18 0.5
6856 1 0.07
6857 29 0.07
6859 14 0.8
6860 26 0.84
6861 17 0.81
6864 3 0.62
6865 7 0.05
6866 12 0.99
6867 11 0.87
6869 21 0.46
6871 12 0.49
6872 28 0.47
6873 19 0.97
6874 12 0.42
6878 6 0.27
6879 16 0.46
6880 3 0.88
6882 7 0.4
6885 9 0.38
6888 29 0.7
6890 11 0.98
6892 4 0.27
6893 20 0.04
6894 9 0.71
6897 27 0.7
6903 24 0.29
6908 0 0.49
6909 21 0.26
6910 22 0.72
6912 24 0.14
6913 26 0.42
6914 26 0.1
6917 29 0.46
6918 3 0.89
6919 13 0.73
6920 3 0.19
6925 18 0.58
6927 29 0.73
6929 28 0.15
6930 16 0.44
6933 16 0.92
6934 27 0.92
6936 5 0.85
6938 15 0.0
6941 27 0.66
6943 3 0.89
6944 5 0.08
6945 11 0.71
6947 17 0.04
6948 26 0.86
6949 22 0.56
6951 21 0.3
6957 7 0.48
6958 26 0.9
6960 14 0.34
6962 3 0.26
6963 18 0.83
6967 21 0.05
6968 7 0.91
6970 14 0.04
6971 5 0.61
6973 5 0.31
6975 7 0.84
6976 11 0.16
6980 28 0.94
6983 2 0.19
6984 27 0.14
6985 15 0.9
6992 4 0.02
6995 24 0.46
6999 22 0.28
7001 22 0.48
7005 4 1.0
7006 10 0.11
7007 10 0.41
7008 2 0.54
7009 19 0.62
7011 27 0.65
7014 8 0.37
7016 13 0.87
7017 3 0.03
7019 29 0.65
7021 2 0.6
7022 28 0.06
7023 16 0.29
7024 29 0.14
7028 21 0.63
7030 11 0.1
7031 5 0.87
7032 5 0.44
7035 24 0.42
7037 23 0.46
7039 16 0.31
7040 1 0.82
7042 18 0.07
7043 20 0.07
7044 2 0.05
7046 14 0.68
7047 9 0.02
7048 23 0.89
7051 1 0.51
7052 12 0.37
7054 26 0.4
7055 16 0.43
7056 10 0.59
7057 20 0.64
7058 11 0.71
7060 23 0.56
7062 11 0.26
7063 4 0.15
7065 2 0.02
7067 15 0.79
7070 27 0.63
7071 16 0.29
7073 28 0.62
7074 12 0.48
7077 5 0.61
7080 11 0.27
7081 19 0.33
7082 27 0.15
7084 27 0.22
7085 14 0.85
7088 24 0.28
7100 28 0.81
7103 12 0.4
7104 6 0.31
7107 6 0.6
7109 11 1.0
7110 13 0.2
7111 19 0.5
7112 6 0.64
7113 11 0.62
7114 17 0.23
7115 6 0.71
7116 28 0.38
7120 4 0.45
7121 23 0.49
7124 8 0.05
7125 13 0.49
7127 0 0.56
7131 11 0.42
7133 15 0.21
7135 21 0.01
7137 6 0.29
7140 23 0.4
7141 11 0.21
7142 17 0.14
7145 25 0.8
7149 0 0.38
7150 2 0.4
7154 22 0.93
7155 13 0.08
7160 8 0.72
7161 10 0.37
7164 26 0.88
7167 28 0.7
7168 13 0.2
7171 4 0.08
7172 1 0.38
7173 20 0.83
7174 27 0.2
7176 28 0.05
7180 23 0.24
7184 27 0.1
7186 16 0.2
7187 7 0.52
7188 10 0.66
7189 0 0.09
7190 9 0.1
7191 7 0.7
7192 4 0.08
7193 11 0.51
7195 2 0.62
7196 1 0.08
7197 2 0.99
7198 16 0.84
7200 21 0.84
7207 23 0.23
7208 14 0.2
7209 29 0.59
7212 10 0.97
7215 6 0.81
7218 9 0.89
7220 10 0.39
7221 17 0.05
7225 1 0.99
7226 24 0.76
7230 14 0.82
7231 23 0.9
7232 20 0.11
7234 4 0.4
7236 11 0.72
7237 15 0.03
7239 24 0.34
7240 19 0.23
7241 3 0.71
7242 17 0.38
7243 27 0.74
7244 17 0.2
7246 11 0.55
7247 19 0.1
7248 16 0.12
7250 21 0.54
7253 0 0.05
7256 8 0.09
7257 1 0.69
7258 5 0.91
7259 22 0.68
7260 24 0.22
7261 11 0.55
7262 10 0.93
7263 7 0.81
7264 12 0.15
7266 13 0.16
7270 16 0.26
7272 19 0.9
7273 28 0.92
7274 24 0.68
7277 0 0.76
7279 5 0.46
7282 23 0.55
7283 19 0.74
7285 15 0.24
7288 19 0.16
7289 6 0.95
7296 12 0.5
7299 2 0.66
7300 0 0.49
7302 21 0.19
7303 14 0.06
7304 22 0.29
7305 6 0.81
7307 29 0.12
7309 5 0.07
7310 27 0.27
7315 20 0.57
7317 15 0.92
7319 5 0.24
7320 5 0.04
7322 7 0.16
7326 26 0.6
7327 3 0.57
7329 16 0.58
7333 8 0.22
7335 6 0.65
7337 13 0.53
7340 29 0.01
7341 4 0.79
7342 26 0.27
7344 4 0.14
7346 17 0.69
7351 19 0.96
7352 13 0.2
7359 7 0.68
7363 10 0.49
7366 17 0.99
7367 6 0.91
7372 1 0.05
7373 29 0.83
7374 27 0.16
7376 9 0.6
7381 22 0.2
7383 12 0.63
7385 25 0.63
7386 6 0.59
7387 1 0.98
7389 23 0.26
7390 9 0.64
7391 27 0.88
7396 3 0.17
7397 10 0.55
7399 13 0.17
7404 21 0.1
7405 14 0.52
7406 23 0.46
7407 11 0.07
7408 16 0.04
7409 22 1.0
7412 14 0.46
7413 16 0.21
7416 13 0.98
7417 6 0.55
7418 5 0.25
7420 13 0.5
7422 1 0.68
7423 16 0.5
7424 22 0.89
7425 16 0.57
7426 28 0.74
7427 28 0.21
7429 25 0.25
7430 13 0.99
7431 5 0.56
7432 21 0.56
7433 10 0.48
7434 11 0.65
7437 24 0.99
7438 14 0.03
7439 29 0.37
7442 1 0.34
7443 18 0.74
7444 11 0.34
7445 20 0.92
7448 15 0.94
7451 10 0.23
7454 4 0.85
7457 3 0.51
7459 21 0.32
7462 3 0.59
7463 3 0.1
7464 20 0.71
7466 26 0.55
7468 3 0.59
7472 10 0.02
7474 10 0.13
7475 19 0.8
7480 4 0.02
7482 27 0.65
7483 5 0.73
7484 20 0.04
7485 19 0.87
7486 18 0.72
7487 27 0.32
7488 15 0.81
7491 3 0.4
7492 10 0.13
7495 11 0.75
7497 2 0.07
7498 11 0.52
7499 6 0.79
7500 28 0.08
7503 23 0.53
7504 28 0.45
7505 7 0.67
7506 9 0.59
7508 24 0.59
7511 14 0.06
7512 12 0.28
7517 10 0.91
7520 16 0.81
7524 27 0.97
7525 10 0.75
7527 2 0.53
7528 24 0.54
7532 19 0.75
7533 18 0.59
7534 1 0.06
7535 11 0.48
7536 28 0.7
7537 4 0.63
7538 24 0.12
7539 19 0.32
7541 11 0.87
7543 7 0.13
7546 21 0.99
7547 9 0.95
7551 20 0.4
7553 6 0.49
7555 21 0.76
7556 28 0.14
7558 18 0.16
7559 13 0.4
7560 23 0.98
7563 25 0.74
7564 18 0.47
7566 22 0.8
7567 9 0.82
7568 12 0.51
7572 1 0.51
7574 15 1.0
7575 12 0.19
7577 27 0.95
7578 25 0.37
7579 23 0.85
7581 18 0.07
7582 11 0.46
7583 27 0.32
7584 29 0.57
7585 11 0.16
7586 14 0.06
7588 23 0.58
7589 12 0.3
7590 4 0.4
7591 13 0.68
7593 5 0.71
7596 22 0.15
7597 5 0.24
7599 27 0.13
7601 0 0.07
7603 12 0.68
7604 0 0.63
7605 9 0.8
7606 5 0.48
7607 18 0.51
7610 28 0.62
7611 2 0.52
7612 21 0.38
7614 8 0.49
7616 2 0.91
7617 7 0.37
7618 9 0.66
7623 14 0.91
7624 24 0.56
7626 29 0.98
7627 22 0.69
7629 21 0.12
7630 14 0.57
7631 7 0.09
7633 23 0.52
7634 2 0.79
7637 19 0.57
7638 20 0.01
7643 8 0.52
7644 24 0.4
7645 23 0.29
7648 26 0.21
7655 5 0.57
7656 26 0.59
7659 2 0.56
7660 15 0.64
7662 5 0.84
7664 10 0.27
7665 7 0.44
7669 28 0.78
7670 16 0.68
7676 23 0.56
7678 18 0.33
7681 23 0.7
7682 4 0.88
7683 4 0.42
7687 20 0.91
7688 18 0.71
7691 8 0.7
7692 29 0.43
7694 21 0.84
7695 12 0.47
7696 2 0.74
7697 8 0.07
7698 11 0.26
7701 5 0.08
7702 24 0.69
7704 4 0.36
7707 10 0.59
7708 2 0.89
7709 0 0.58
7710 5 0.59
7711 15 0.41
7712 6 1.0
7713 12 0.91
7715 0 0.45
7717 28 0.67
7718 16 0.22
7720 7 0.68
7725 18 0.25
7726 22 0.41
7727 19 0.16
7728 22 0.54
7731 4 0.34
7734 12 0.63
7737 5 0.22
7738 1 0.67
7740 11 0.89
7742 7 0.79
7743 10 0.46
7746 14 0.41
7747 19 0.65
7750 7 0.34
7751 23 0.25
7753 14 0.92
7756 18 0.69
7757 12 0.89
7758 12 0.61
7759 28 0.12
7760 14 0.35
7762 28 0.34
7763 8 0.08
7764 1 0.89
7765 6 0.83
7766 13 0.23
7769 18 0.29
7772 17 0.73
7776 22 0.31
7780 20 0.12
7781 19 0.81
7786 3 0.15
7787 7 0.32
7788 4 0.7
7791 2 0.66
7793 27 0.88
7794 15 0.05
7795 6 0.92
7796 7 0.37
7802 25 0.34
7804 24 0.93
7805 1 0.99
7806 10 0.59
7808 16 0.31
7809 10 0.35
7812 15 0.5
7813 28 0.64
7814 20 0.62
7815 20 0.64
7818 21 0.35
7827 10 0.96
7829 6 0.82
7830 27 0.07
7831 9 0.75
7832 27 0.96
7834 20 0.6
7835 16 0.78
7839 10 0.39
7840 16 0.37
7841 14 0.81
7842 5 0.93
7844 20 0.6
7845 2 0.05
7846 21 0.38
7847 4 0.67
7848 12 0.16
7850 18 0.56
7856 1 0.34
7857 2 0.21
7860 23 0.36
7861 0 0.4
7862 3 0.07
7863 10 0.73
7864 26 0.17
7865 21 0.59
7866 14 0.55
7868 9 0.43
7870 26 0.26
7871 27 0.31
7878 0 0.97
7880 18 0.98
7882 10 0.12
7887 18 0.75
7889 23 0.33
7890 25 0.88
7892 27 0.43
7893 27 0.07
7895 10 0.87
7897 14 0.37
7902 28 0.15
7904 14 0.15
7905 0 0.9
7906 22 0.85
7909 8 0.57
7910 12 0.7
7912 23 0.74
7913 22 0.24
7914 1 0.17
7915 16 0.01
7917 16 0.8
7918 26 0.33
7920 23 0.49
7924 16 0.79
7925 26 0.46
7926 25 0.59
7928 19 0.12
7929 7 0.97
7930 8 0.73
7932 20 0.3
7934 28 0.99
7938 20 0.18
7940 13 0.75
7941 24 0.15
7942 13 0.08
7945 13 0.54
7946 14 0.29
7948 7 0.56
7950 8 0.19
7951 16 0.43
7954 13 0.29
7957 1 0.29
7958 23 0.26
7963 6 0.85
7964 28 0.15
7966 20 0.7
7967 22 0.22
7968 6 0.72
7970 3 0.75
7973 25 0.31
7979 6 0.54
7981 17 0.75
7982 14 0.18
7983 20 0.91
7985 5 0.44
7986 12 0.7
7987 15 0.87
7988 11 0.12
7991 6 0.23
7994 10 0.49
7999 21 0.05
8001 11 0.78
8002 14 0.69
8005 1 0.54
8006 25 0.91
8010 17 0.13
8012 24 0.62
8016 11 0.28
8018 13 0.42
8019 21 0.45
8021 21 0.79
8022 15 0.18
8025 7 0.79
8026 9 0.07
8028 17 0.08
8032 23 0.56
8033 22 0.6
8035 26 0.78
8036 17 0.33
8037 10 0.36
8039 13 0.57
8040 22 0.76
8043 22 0.92
8044 14 0.05
8045 6 0.34
8048 5 0.55
8050 15 0.9
8052 27 0.49
8053 6 0.49
8054 29 0.59
8055 21 0.66
8056 8 0.1
8058 24 0.73
8060 11 0.3
8062 3 0.02
8066 6 0.1
8068 28 0.09
8069 25 0.82
8070 10 0.22
8071 20 0.53
8072 22 0.28
8074 25 0.29
8081 17 0.08
8085 14 0.11
8089 11 0.65
8090 24 0.41
8091 16 0.29
8092 9 0.18
8093 6 0.7
8102 27 0.92
8103 19 0.06
8106 29 0.46
8107 26 0.0
8111 23 0.66
8114 6 0.69
8115 0 0.89
8116 9 0.1
8117 10 0.98
8118 28 0.34
8119 27 0.19
8120 15 0.27
8121 22 0.94
8122 8 0.16
8128 22 0.1
8129 6 0.64
8132 20 0.51
8134 18 0.53
8139 27 0.41
8140 6 0.3
8141 6 0.89
8143 3 0.65
8144 0 0.41
8149 3 0.55
8150 18 0.93
8151 14 0.73
8152 7 0.91
8153 8 0.73
8154 8 0.02
8156 29 0.8
8157 8 0.4
8161 0 0.48
8164 24 0.19
8165 4 1.0
8166 6 0.26
8169 29 0.29
8170 27 0.64
8174 14 0.73
8176 7 0.55
8177 10 0.88
8178 4 0.82
8181 19 0.06
8182 3 0.76
8185 3 0.47
8186 10 0.5
8192 17 0.78
8193 6 0.2
8194 3 0.44
8196 20 0.48
8198 22 0.83
8206 15 0.42
8207 4 0.02
8208 15 0.59
8211 27 0.01
8212 11 0.97
8214 9 0.5
8217 1 0.32
8221 3 0.69
8223 25 0.65
8224 23 0.4
8226 1 0.41
8227 10 0.1
8228 13 0.66
8229 0 0.2
8231 4 0.3
8233 28 0.35
8237 15 0.56
8238 17 0.63
8240 23 0.79
8242 20 0.91
8246 15 0.19
8248 24 0.43
8250 15 0.2
8251 27 0.53
8252 19 0.45
8253 22 0.1
8255 7 0.98
8256 0 0.89
8260 28 0.75
8262 19 0.06
8263 14 0.99
8267 0 0.81
8268 6 0.01
8269 21 0.76
8270 19 0.84
8271 23 0.6
8273 13 0.14
8274 10 0.44
8278 22 0.62
8282 7 0.88
8284 12 0.51
8288 1 0.58
8289 24 0.81
8290 26 0.27
8291 23 0.32
8292 28 0.64
8294 14 0.31
8297 16 0.3
8300 12 0.92
8301 20 0.72
8303 19 0.43
8304 0 0.55
8305 23 0.02
8306 23 0.74
8310 8 0.32
8311 20 0.2
8313 2 0.45
8314 3 0.71
8316 28 0.32
8317 11 0.37
8319 17 0.76
8321 18 0.94
8322 12 0.04
8323 12 0.62
8326 9 0.64
8327 29 0.24
8330 27 0.0
8333 21 0.06
8336 12 0.32
8337 24 0.01
8339 14 0.66
8340 26 0.33
8341 11 0.15
8343 24 0.56
8346 4 0.57
8347 0 0.42
8350 7 0.85
8355 16 0.32
8356 14 0.64
8358 14 0.19
8359 6 0.68
8361 9 0.91
8363 29 0.46
8365 18 0.35
8367 19 0.82
8369 17 0.52
8373 16 0.81
8375 14 0.84
8377 11 0.61
8378 5 0.73
8379 29 0.97
8382 8 0.88
8385 19 0.51
8386 18 0.62
8388 0 0.72
8390 15 0.43
8391 0 0.94
8393 9 0.17
8394 6 0.67
8396 26 0.92
8397 5 0.04
8401 18 0.89
8403 9 0.97
8404 1 0.02
8405 28 0.47
8407 11 0.88
8408 19 0.74
8409 8 0.19
8413 2 0.16
8414 19 0.89
8417 21 0.25
8418 29 0.4
8419 16 0.85
8420 21 0.67
8421 18 0.69
8423 24 0.31
8424 2 0.51
8426 25 0.8
8429 18 0.4
8430 3 0.85
8433 22 0.16
8434 7 0.68
8435 24 0.25
8436 28 0.95
8438 25 0.92
8439 28 0.73
8441 18 0.72
8443 14 0.9
8444 11 0.11
8446 9 0.35
8448 1 0.3
8450 28 0.5
8451 7 0.38
8453 4 0.72
8456 13 0.41
8457 29 0.93
8460 28 0.6
8461 7 0.21
8462 18 0.9
8464 23 0.68
8467 17 0.76
8468 21 0.1
8473 26 0.15
8475 28 0.76
8476 29 0.52
8479 29 0.85
8480 13 0.95
8484 2 0.93
8485 24 0.62
8489 12 0.19
8491 10 0.03
8492 24 0.4
8494 16 0.28
8496 12 0.81
8497 19 0.96
8498 10 0.38
8501 0 0.61
8502 11 0.04
8506 8 0.53
8508 4 0.69
8509 2 0.61
8512 14 0.81
8517 16 0.4
8519 10 0.34
8520 26 0.53
8521 25 0.27
8522 13 0.56
8524 19 0.99
8525 1 0.58
8526 29 0.3
8528 27 0.55
8529 2 0.77
8532 2 0.2
8535 1 0.56
8536 13 0.23
8539 0 0.01
8548 22 0.6
8549 29 0.9
8554 12 0.64
8555 10 0.04
8557 18 0.78
8559 2 0.68
8564 28 0.65
8570 6 0.15
8573 10 0.18
8577 23 0.05
8578 23 0.13
8583 23 0.73
8585 6 0.9
8586 4 0.09
8589 24 0.38
8591 28 0.26
8593 26 0.88
8594 3 0.69
8595 20 0.44
8597 10 0.52
8598 4 0.52
8600 21 0.85
8601 19 0.56
8607 23 0.37
8608 17 0.44
8609 12 0.46
8612 14 0.24
8613 5 0.79
8615 2 0.07
8616 10 0.82
8618 1 0.45
8619 2 0.34
8620 15 0.06
8621 23 0.47
8626 26 0.07
8627 3 0.69
8628 9 0.67
8630 13 0.37
8631 19 0.09
8632 6 0.37
8634 12 0.69
8637 9 0.72
8639 5 0.34
8640 12 0.41
8641 12 0.01
8642 16 0.96
8643 14 0.53
8644 28 0.29
8646 16 0.47
8647 2 0.78
8648 22 0.45
8651 9 0.26
8653 5 0.65
8655 22 0.38
8657 24 0.42
8661 14 0.38
8663 0 0.54
8665 8 0.13
8666 13 0.79
8668 23 0.94
8670 3 0.49
8677 25 0.19
8680 28 0.19
8681 19 0.05
8682 28 0.98
8683 1 0.44
8684 0 0.37
8685 8 0.33
8686 20 0.11
8688 18 0.49
8690 21 0.74
8692 18 0.49
8693 7 0.68
8694 12 0.32
8695 2 0.26
8696 11 0.49
8698 21 0.03
8702 11 0.54
8707 6 0.42
8708 1 0.7
8711 21 0.27
8712 0 0.24
8714 0 0.78
8716 10 0.86
8720 15 0.4
8723 9 0.71
8727 18 0.94
8728 12 0.04
8730 3 0.46
8732 24 0.15
8733 2 0.78
8734 11 0.33
8735 11 0.99
8738 19 0.74
8739 12 0.75
8741 8 0.62
8742 12 0.91
8743 0 0.38
8745 28 0.17
8746 28 0.44
8748 11 0.92
8749 20 0.14
8751 7 0.13
8756 0 0.24
8758 6 0.54
8759 1 0.26
8760 10 0.85
8764 21 0.47
8765 12 0.04
8767 6 0.51
8768 15 0.87
8776 24 0.89
8783 5 0.5
8786 0 0.34
8788 28 0.92
8790 24 0.33
8793 2 0.47
8795 21 0.85
8797 11 0.39
8798 19 0.03
8801 0 1.0
8802 27 0.32
8804 15 0.3
8805 10 0.42
8806 22 0.55
8807 5 0.08
8808 13 0.22
8809 4 0.72
8811 25 0.47
8812 4 0.63
8813 25 0.95
8816 29 0.34
8819 28 0.64
8820 29 0.99
8821 24 0.19
8822 5 0.19
8823 14 0.66
8824 16 0.2
8825 26 0.41
8827 2 0.48
8828 25 0.84
8829 19 0.04
8830 9 0.36
8831 20 0.5
8832 25 0.97
8833 2 0.92
8835 27 0.21
8837 3 0.24
8838 12 0.15
8842 0 0.99
8843 6 0.47
8846 16 0.61
8847 14 0.18
8851 11 0.3
8852 26 0.7
8855 27 0.72
8859 11 0.08
8860 24 0.49
8861 19 0.0
8865 28 0.94
8866 9 0.28
8868 17 0.49
8869 0 0.72
8870 5 0.09
8872 22 0.28
8875 18 0.53
8877 13 0.88
8878 14 0.5
8879 18 0.84
8881 6 0.51
8882 7 0.17
8883 0 0.27
8885 2 0.14
8886 1 0.7
8889 19 0.16
8890 4 0.92
8891 27 0.93
8892 15 0.56
8893 20 0.97
8895 19 0.13
8896 4 0.53
8897 8 0.75
8898 13 0.86
8900 23 0.66
8902 29 0.15
8903 11 0.15
8904 5 0.73
8905 12 0.48
8908 1 0.65
8910 24 0.64
8911 2 0.92
8912 26 0.37
8913 14 0.78
8914 24 0.93
8916 5 0.39
8917 22 0.24
8918 5 0.2
8921 12 0.35
8922 27 0.71
8926 25 0.9
8930 23 0.85
8931 15 0.55
8934 19 0.37
8935 20 0.35
8936 15 0.13
8937 26 0.38
8938 26 0.04
8942 12 0.29
8947 26 0.75
8948 16 0.98
8951 13 0.9
8953 9 0.4
8954 29 0.16
8955 12 0.34
8956 0 0.13
8958 19 0.85
8964 15 0.8
8969 18 0.71
8971 20 0.87
8972 12 0.9
8975 25 0.84
8980 17 0.82
8983 13 0.41
8987 20 0.61
8990 23 0.7
8994 15 0.46
8995 8 0.06
8997 9 0.27
8998 16 0.66
8999 27 0.46
9000 4 0.08
9001 27 0.51
9006 13 0.71
9010 14 0.49
9012 19 0.52
9014 25 0.11
9015 9 0.53
9016 14 0.54
9018 13 0.43
9020 29 0.17
9021 15 0.6
9025 3 0.98
9026 5 0.95
9027 7 0.26
9033 23 0.86
9034 12 0.29
9036 19 0.64
9038 26 0.69
9040 21 0.68
9041 27 0.39
9043 28 0.55
9045 3 0.65
9047 13 0.41
9049 1 0.71
9050 4 0.45
9052 7 0.88
9055 16 0.19
9056 17 0.05
9059 15 0.64
9063 6 0.66
9064 0 0.77
9066 1 0.85
9067 0 0.66
9069 11 0.89
9070 19 0.17
9071 29 0.7
9073 25 0.5
9075 3 0.66
9076 13 0.47
9078 19 0.56
9082 29 0.11
9083 22 0.67
9084 1 0.69
9088 0 0.94
9089 7 0.52
9090 23 0.86
9092 16 0.96
9093 26 0.79
9094 12 0.7
9098 14 0.69
9100 11 0.93
9102 3 0.55
9103 3 0.42
9104 13 0.11
9109 25 0.27
9113 16 0.62
9116 1 0.25
9117 8 0.32
9121 2 0.79
9122 18 0.07
9125 20 0.31
9129 0 0.56
9130 13 0.32
9132 19 0.74
9133 2 0.36
9138 29 0.97
9139 8 0.66
9140 18 0.44
9141 8 0.76
9142 10 0.7
9143 14 0.8
9144 27 0.31
9145 1 0.29
9148 13 0.8
9149 5 0.13
9152 29 0.96
9153 22 0.89
9154 3 0.78
9156 13 0.75
9157 23 0.33
9159 0 0.47
9163 5 0.03
9164 9 0.54
9167 20 0.27
9168 15 0.68
9169 25 0.05
9170 11 0.74
9171 13 0.71
9172 15 0.43
9173 24 0.35
9177 27 0.93
9181 29 0.68
9182 23 0.97
9184 11 0.57
9186 13 0.19
9187 21 0.51
9188 21 0.6
9189 26 0.51
9191 23 0.2
9192 12 0.55
9193 8 0.5
9194 12 0.55
9198 5 0.85
9201 4 0.02
9203 28 0.77
9204 21 0.6
9205 18 0.46
9208 6 0.68
9209 28 0.8
9210 22 0.6
9212 20 0.42
9213 8 0.12
9214 28 0.97
9217 15 0.26
9220 11 0.96
9221 16 0.97
9222 23 0.23
9225 24 0.45
9229 19 0.66
9232 14 0.84
9233 21 0.77
9234 17 0.08
9235 19 0.56
9237 2 0.51
9240 16 0.4
9245 26 0.21
9250 20 0.7
9251 11 0.53
9262 10 0.05
9264 15 0.78
9269 19 0.37
9270 28 0.62
9276 19 0.23
9279 12 0.93
9281 17 0.9
9283 5 0.94
9285 10 0.44
9286 21 0.01
9288 10 0.52
9292 20 0.22
9293 0 0.69
9295 9 0.23
9298 7 0.37
9299 1 0.69
9300 1 0.89
9301 24 0.8
9302 22 0.72
9303 20 0.71
9306 5 0.85
9307 2 0.35
9309 5 0.5
9311 25 0.26
9315 23 0.86
9316 16 0.1
9319 5 0.66
9321 2 0.38
9322 18 0.55
9323 0 0.54
9326 2 0.75
9327 2 0.6
9329 19 0.39
9330 16 0.4
9331 22 0.26
9333 22 0.73
9335 25 0.26
9338 21 0.2
9339 8 0.9
9345 8 0.37
9347 2 0.72
9348 15 0.39
9351 11 0.82
9353 23 0.87
9356 23 0.99
9357 22 0.71
9360 9 0.36
9361 25 0.13
9363 12 0.18
9365 0 0.17
9367 8 0.95
9375 14 0.98
9377 27 0.17
9380 26 0.79
9382 11 0.06
9384 11 0.1
9386 3 0.36
9387 1 0.21
9388 22 0.78
9389 25 0.31
9395 23 0.39
9398 22 0.93
9399 28 0.21
9400 14 0.41
9402 16 0.05
9403 12 0.93
9408 23 0.76
9412 22 0.13
9413 18 0.37
9415 27 0.24
9416 19 0.72
9420 26 0.49
9422 0 0.64
9425 7 0.33
9426 4 0.65
9427 11 0.77
9428 9 0.99
9429 25 0.85
9432 4 0.68
9433 7 0.93
9434 26 0.55
9436 12 0.9
9438 10 0.1
9440 26 0.8
9441 5 0.16
9442 15 0.69
9443 11 0.21
9444 3 0.04
9448 15 0.26
9449 20 0.94
9452 1 0.25
9453 23 0.26
9454 15 0.95
9459 12 0.46
9461 20 0.29
9462 0 0.34
9464 23 0.85
9466 8 0.34
9468 19 0.51
9470 28 0.24
9471 15 0.16
9472 29 0.78
9473 9 0.84
9474 25 0.01
9475 4 0.09
9477 4 0.78
9479 12 0.11
9480 15 0.5
9482 15 0.7
9486 4 0.1
9487 23 0.29
9492 27 0.04
9494 3 0.82
9496 1 0.12
9497 17 0.83
9501 28 0.79
9502 29 0.03
9503 21 0.16
9504 9 0.88
9505 24 0.58
9507 15 0.79
9508 24 0.8
9509 19 0.41
9510 19 0.48
9513 25 0.66
9516 29 0.73
9517 26 0.17
9518 25 0.91
9520 18 0.89
9521 24 0.01
9525 28 0.77
9526 12 0.22
9529 22 0.9
9530 26 0.32
9533 8 0.48
9535 0 0.88
9536 15 0.49
9543 7 0.35
9547 3 0.66
9548 17 0.87
9549 21 0.06
9552 8 0.07
9555 21 0.63
9558 27 0.57
9559 9 0.89
9562 10 0.13
9563 22 0.77
9564 3 0.62
9565 21 0.92
9566 24 0.61
9569 7 0.04
9570 8 0.53
9571 10 0.4
9572 2 0.94
9574 19 0.76
9575 12 0.12
9577 14 0.47
9579 9 0.72
9580 23 0.65
9581 4 0.76
9582 2 0.04
9584 11 0.87
9590 22 0.45
9592 15 0.33
9594 27 0.36
9595 10 0.39
9596 17 0.71
9599 13 0.21
9600 13 0.92
9601 9 0.95
9603 15 0.45
9604 15 0.06
9605 8 0.34
9606 16 0.79
9613 7 0.06
9617 10 0.31
9618 2 0.99
9619 21 0.68
9620 2 0.59
9621 8 0.41
9623 27 0.24
9625 23 0.47
9627 14 0.53
9629 26 0.87
9630 16 0.87
9631 11 0.68
9635 9 0.44
9637 15 0.59
9639 29 0.25
9640 8 0.76
9645 1 0.99
9649 6 0.43
9651 28 0.71
9653 21 0.84
9654 4 0.06
9655 25 0.87
9659 1 0.48
9660 28 0.72
9661 28 0.92
9663 28 0.87
9667 21 0.28
9672 18 0.43
9674 11 0.65
9676 19 0.26
9685 7 0.18
9686 27 0.05
9689 0 0.11
9692 5 0.78
9694 2 0.67
9695 10 0.16
9700 27 0.44
9701 16 0.18
9709 22 0.33
9710 11 0.89
9711 29 0.86
9713 19 0.45
9714 27 0.39
9717 17 0.85
9718 2 0.75
9721 6 0.36
9722 24 0.46
9723 5 0.89
9726 4 0.07
9728 2 0.27
9730 12 0.05
9731 21 0.17
9732 10 0.97
9733 28 0.08
9738 5 0.24
9739 13 0.01
9740 2 0.03
9742 27 0.14
9743 23 0.24
9744 25 0.89
9745 12 0.23
9747 10 0.07
9749 19 0.31
9750 11 0.44
9751 25 0.44
9752 10 0.33
9753 23 0.47
9757 13 0.88
9758 18 0.96
9759 16 0.73
9761 21 0.53
9763 24 0.43
9765 16 0.4
9766 5 0.86
9767 10 0.07
9769 8 0.29
9771 20 0.75
9772 0 0.88
9773 5 0.75
9774 14 0.67
9775 8 0.47
9776 8 0.25
9777 20 0.02
9780 23 0.49
9782 13 0.86
9783 22 0.53
9784 28 0.56
9785 18 0.26
9787 11 0.39
9788 25 0.72
9791 11 0.79
9792 24 0.76
9793 26 0.84
9794 18 0.19
9795 25 0.32
9796 24 0.23
9800 4 0.37
9801 6 0.66
9802 13 0.59
9804 15 0.76
9805 0 0.63
9808 18 0.09
9810 26 0.73
9814 1 0.92
9818 20 0.41
9820 7 0.44
9824 1 0.28
9828 0 0.23
9835 14 0.73
9836 28 0.65
9838 25 0.76
9839 2 0.85
9842 14 0.29
9845 6 0.1
9846 21 0.93
9849 1 0.75
9850 14 0.42
9851 8 0.08
9853 2 0.58
9854 24 0.2
9856 24 0.51
9858 21 0.85
9859 21 0.31
9861 12 0.0
9862 17 0.71
9864 1 0.12
9869 24 0.17
9872 8 0.72
9873 0 0.1
9875 4 0.83
9876 13 0.95
9877 17 0.36
9879 8 0.78
9880 8 0.68
9881 29 0.76
9882 6 0.84
9884 12 0.08
9890 23 0.69
9891 9 0.87
9892 29 0.39
9893 3 0.1
9895 2 0.73
9896 9 0.16
9897 8 0.59
9899 15 0.18
9901 23 0.65
9903 22 0.22
9904 0 0.5
9905 3 0.31
9906 25 0.76
9909 29 0.62
9912 0 0.28
9915 17 0.06
9916 7 0.21
9918 2 0.74
9919 25 0.62
9920 14 0.07
9921 1 0.9
9923 16 0.77
9925 17 0.84
9926 26 0.17
9927 27 0.25
9928 17 0.2
9929 22 0.39
9930 24 0.52
9933 11 0.06
9934 2 0.71
9935 10 0.19
9937 2 0.52
9939 2 0.96
9940 14 0.49
9941 12 0.49
9942 1 0.16
9944 0 0.19
9945 24 0.72
9947 9 0.84
9949 21 0.09
9951 7 0.22
9952 4 0.14
9953 24 0.59
9954 12 0.3
9955 24 0.1
9957 19 0.18
9958 27 0.83
9960 5 0.28
9961 26 0.43
9967 29 0.25
9968 29 0.93
9973 24 0.03
9974 3 0.72
9975 28 0.83
9977 3 0.73
9979 29 0.85
9980 5 0.8
9981 13 0.84
9983 21 0.05
9987 29 0.64
9988 27 0.47
9992 18 0.82
9996 3 0.35
9999 22 0.69
