941 7 0.26
957 8 0.41
604 7 0.48
198 5 0.27
592 6 0.74
937 0 0.09
670 3 0.69
45 4 0.31
921 1 0.53
181 4 0.62
595 1 0.28
221 8 0.93
153 4 0.31
359 1 0.31
288 7 0.98
206 2 0.45
687 1 0.26
543 2 0.07
803 7 0.22
825 7 0.8
234 3 0.68
268 0 0.49
119 6 0.42
264 3 0.04
283 3 0.28
766 9 0.28
402 2 0.59
860 1 0.49
81 8 0.74
418 5 0.03
847 3 0.7
543 5 0.13
677 3 0.69
458 9 0.3
679 2 0.97
425 7 1.0
272 3 0.08
628 7 0.49
16 2 0.35
769 5 0.73
373 7 0.87
612 9 0.62
701 8 0.92
867 4 0.31
449 5 0.23
8 9 0.61
88 9 0.02
296 8 0.03
939 9 0.24
363 3 0.44
55 7 0.88
222 4 0.0
34 4 0.87
543 8 0.16
589 6 0.38
521 7 0.78
834 5 0.59
52 0 0.33
480 7 0.56
23 8 0.44
903 1 0.81
555 2 0.4
766 8 0.29
110 6 0.3
867 7 0.17
363 3 0.88
547 6 0.53
461 7 0.22
114 8 0.13
709 3 0.54
849 2 0.22
927 7 0.98
45 8 0.16
277 1 0.32
959 5 0.0
27 0 0.71
313 6 0.55
785 0 0.37
988 8 0.13
160 8 0.4
854 6 0.74
788 5 0.75
623 7 0.41
472 2 0.13
916 9 0.38
249 8 0.91
977 7 0.14
641 2 0.98
412 5 0.83
803 0 0.51
899 7 0.61
461 8 0.04
845 8 0.43
667 6 0.07
871 6 0.34
545 6 0.09
699 3 0.4
279 5 0.79
344 6 0.18
559 9 0.47
752 4 0.6
909 0 0.36
247 4 0.96
758 6 0.45
248 8 0.27
407 9 0.5
766 3 0.69
974 4 0.72
60 4 0.94
225 7 0.59
24 0 0.86
175 0 0.39
659 2 0.83
858 3 0.77
891 8 0.56
393 3 0.29
492 5 0.79
252 6 0.84
800 8 0.11
893 8 0.22
943 8 0.16
31 5 0.74
514 6 0.76
233 2 0.76
514 1 0.38
879 2 0.87
983 7 0.13
488 6 0.43
35 9 0.55
975 7 0.89
815 0 0.0
315 0 0.98
822 7 0.11
706 4 0.12
761 6 0.61
982 4 0.43
750 1 0.98
189 7 0.21
592 3 0.8
206 7 0.22
26 2 0.25
656 7 0.55
489 4 0.77
437 1 0.65
95 9 0.1
639 6 0.52
158 1 0.82
916 9 0.99
294 2 0.43
961 7 0.28
280 3 0.98
863 1 0.17
998 5 0.84
694 2 0.7
924 9 0.22
373 6 0.0
702 8 0.08
240 2 1.0
12 5 0.99
457 4 0.87
346 6 0.93
779 1 0.49
816 9 0.27
599 5 0.93
262 0 0.34
201 9 0.18
110 0 0.41
562 9 0.88
181 5 0.35
176 9 0.49
864 2 0.32
668 4 0.93
8 0 0.1
377 1 0.15
959 0 0.23
548 6 0.32
952 1 0.88
339 0 0.41
445 5 0.76
445 7 0.01
90 9 0.39
618 8 0.85
199 7 0.99
466 3 0.32
580 4 0.01
831 1 0.08
665 7 0.5
320 7 0.58
223 8 0.83
255 6 0.16
181 7 0.17
244 7 0.13
506 8 0.12
303 3 0.29
389 7 0.85
92 9 0.29
331 7 0.91
803 8 0.27
950 6 0.08
108 0 0.25
207 9 0.27
147 7 0.61
329 2 0.56
817 9 0.47
501 5 0.45
818 0 0.82
152 7 0.27
14 5 0.69
207 7 0.64
607 3 0.45
691 6 0.37
836 8 0.93
538 5 0.32
232 4 0.22
65 8 0.37
710 2 0.06
817 8 0.09
434 9 0.01
124 7 0.88
835 5 0.95
392 6 0.32
751 1 0.21
439 2 0.26
997 5 0.83
502 7 0.76
5 9 0.68
685 4 0.3
292 5 0.29
66 6 0.16
267 2 0.62
457 3 0.54
761 6 0.79
141 9 0.71
868 5 0.55
266 8 0.09
472 3 0.09
659 8 0.27
990 3 0.5
205 8 0.03
893 1 0.17
894 8 0.16
477 8 0.77
13 0 0.57
747 8 0.56
11 3 0.28
131 0 0.51
235 1 0.26
64 9 0.75
513 5 0.43
618 5 0.61
197 2 0.1
928 2 0.11
213 4 0.72
202 8 0.95
937 6 0.83
971 9 0.77
756 7 0.63
565 7 0.01
250 7 0.14
636 5 0.09
696 0 0.75
191 2 0.47
592 3 0.65
92 5 0.26
748 8 0.3
953 3 0.73
747 0 0.68
682 1 0.7
871 8 0.87
163 2 0.04
42 3 0.49
764 3 0.12
64 4 0.15
556 6 0.18
166 2 0.01
88 0 0.21
852 2 0.2
60 5 0.23
658 3 0.97
967 8 0.22
571 3 0.58
305 0 0.71
538 8 0.07
345 6 0.05
86 2 0.5
786 9 0.71
500 3 0.65
124 8 0.27
92 7 0.2
691 8 0.96
24 4 0.92
217 1 0.02
677 1 0.88
562 5 0.58
816 1 0.68
316 7 0.33
785 8 0.96
232 8 0.16
384 1 0.45
297 9 0.6
609 0 0.22
295 7 0.99
643 2 0.23
845 8 0.13
864 1 0.66
280 8 0.09
879 1 0.68
924 2 0.07
544 4 0.11
90 3 0.33
112 3 0.28
181 4 0.18
559 3 0.07
506 5 0.78
392 9 0.89
846 6 0.49
602 3 0.89
94 2 0.8
61 7 0.16
211 9 0.35
589 0 0.45
206 7 0.37
921 4 0.14
400 0 0.85
925 7 0.9
310 2 0.6
496 9 0.93
985 5 0.15
270 4 0.3
852 1 0.3
11 4 0.95
564 1 0.22
29 8 0.8
213 5 0.19
823 3 0.48
1 5 0.18
772 3 0.6
831 0 0.81
301 3 0.99
824 1 0.27
665 0 0.97
648 1 0.97
827 3 0.11
82 0 0.97
494 5 1.0
224 0 0.72
627 7 0.54
405 5 0.78
229 5 0.22
657 4 0.58
62 4 0.08
436 2 0.24
791 8 0.23
577 8 0.11
99 0 0.29
968 4 0.51
353 5 0.45
241 4 0.75
269 0 0.83
143 1 0.47
298 1 0.76
927 3 0.44
694 1 0.6
292 0 0.27
253 1 0.11
389 8 0.79
228 9 0.45
7 9 0.99
949 2 0.22
524 7 0.78
746 8 0.26
302 6 0.31
682 4 0.72
54 8 1.0
447 0 0.16
169 6 0.46
449 6 0.79
705 0 0.01
974 4 0.1
152 3 0.02
423 3 0.51
605 6 0.11
354 4 0.22
786 8 0.7
373 1 0.11
647 1 0.15
696 7 0.03
479 6 0.54
516 2 0.1
926 1 0.32
174 5 0.79
346 4 0.26
868 4 0.32
215 2 0.28
319 1 0.86
766 7 0.26
934 3 0.91
295 0 0.03
154 7 0.48
629 4 0.27
919 0 0.69
240 4 0.99
449 2 0.8
66 7 0.71
658 5 0.02
252 2 0.5
592 3 0.79
905 3 0.45
688 7 0.89
366 6 0.7
601 0 0.42
912 8 0.83
714 7 0.03
41 7 0.54
337 5 0.16
101 0 0.77
713 0 0.9
401 8 0.63
109 8 0.74
777 5 0.53
453 9 0.71
440 8 0.82
381 9 0.33
594 3 0.58
746 7 0.28
689 3 0.37
199 8 0.27
839 4 0.75
722 2 0.08
701 1 0.78
659 1 0.69
101 2 0.07
138 1 0.2
836 0 0.14
466 3 0.95
123 5 0.44
913 3 0.8
622 7 0.42
294 2 0.7
719 4 0.82
471 5 0.81
773 0 0.49
659 9 0.11
73 4 0.26
20 1 0.56
911 0 0.41
402 1 0.09
888 4 0.09
953 6 0.05
160 5 0.92
77 1 1.0
558 7 0.61
284 6 0.44
58 2 0.95
216 9 0.6
763 1 0.26
690 6 0.95
97 0 0.93
16 8 0.07
588 1 0.29
898 6 0.27
666 5 0.51
150 3 0.85
80 0 0.79
615 3 0.16
889 5 0.48
121 6 0.57
883 3 0.76
474 6 0.49
528 2 0.96
127 8 0.22
488 5 0.32
138 3 0.77
238 4 0.57
0 9 0.39
534 7 0.92
820 1 0.04
54 2 0.68
343 9 0.93
872 4 0.73
236 9 0.79
571 5 0.71
256 1 0.99
623 9 0.39
668 1 0.41
618 8 0.63
995 2 0.28
762 4 0.88
765 4 0.83
307 8 0.57
359 5 0.3
327 1 0.98
862 0 0.65
585 5 0.38
126 0 0.72
832 0 0.93
866 5 0.78
105 2 0.11
197 0 0.09
853 6 0.34
523 3 0.66
583 7 0.73
770 1 0.81
84 1 0.15
895 2 0.1
500 7 0.56
609 6 0.49
804 6 0.43
158 8 0.43
58 0 0.6
851 8 0.31
144 3 0.18
795 5 0.62
257 0 0.8
497 0 0.72
632 7 1.0
919 4 0.58
488 5 0.97
347 8 0.95
236 8 0.44
596 7 0.3
455 2 0.43
946 4 0.3
512 7 0.55
341 1 0.29
550 9 0.02
670 0 0.02
232 5 0.94
805 2 0.32
77 7 0.29
61 0 0.27
79 7 0.36
215 0 0.77
54 7 0.61
801 1 0.39
909 5 0.36
864 6 0.57
368 0 0.89
84 1 0.1
266 2 0.66
19 0 0.27
155 9 0.69
659 7 0.1
653 9 0.3
658 6 0.73
162 3 0.66
138 5 0.28
893 3 0.24
167 0 0.28
276 9 0.03
88 1 0.79
228 1 0.48
137 2 0.36
790 2 0.56
40 3 0.74
623 4 0.73
88 0 0.26
635 0 0.62
362 6 0.72
712 6 0.04
861 1 0.96
754 3 0.79
842 1 0.31
797 3 0.14
822 6 0.57
130 9 0.4
45 5 0.36
5 2 0.78
860 6 0.19
398 7 0.79
221 8 0.72
158 2 0.05
249 9 0.9
973 3 0.69
369 4 0.04
353 3 0.67
275 8 0.3
203 2 0.75
686 7 0.14
98 6 0.54
488 2 0.16
311 7 0.12
163 3 0.53
486 1 0.24
881 0 0.63
713 3 0.7
52 6 0.65
617 8 0.52
437 3 0.39
253 4 0.17
174 4 0.76
972 5 0.63
961 2 0.82
327 2 0.12
89 6 0.93
721 5 0.96
946 9 0.46
675 0 0.87
827 8 0.53
958 1 0.69
35 0 0.78
981 8 0.13
913 5 0.35
613 5 0.21
424 4 0.66
513 5 0.73
877 9 0.74
186 0 0.93
634 5 0.06
853 7 0.13
666 9 0.89
937 3 0.69
559 2 0.92
406 8 0.03
505 6 0.86
537 2 0.47
343 3 0.62
722 3 0.08
464 1 0.62
73 6 0.31
613 8 0.41
771 0 0.19
844 3 0.97
219 1 0.32
94 8 0.63
327 5 0.22
68 5 0.76
637 8 0.06
818 1 0.8
567 5 0.84
183 1 0.2
41 6 0.66
36 5 0.06
451 9 0.59
157 6 0.08
261 6 0.71
902 0 0.41
696 1 0.98
382 6 0.36
587 7 0.29
720 5 0.49
211 8 0.79
818 7 0.14
579 2 0.65
901 5 0.32
345 0 0.15
236 1 0.13
428 5 0.06
564 4 0.0
83 4 0.63
541 2 0.06
140 1 0.98
127 0 0.17
521 0 0.74
0 5 0.65
514 9 0.33
367 7 0.32
921 5 0.41
262 8 0.3
865 9 0.82
270 7 0.57
460 4 0.52
618 9 0.78
820 7 0.55
311 4 0.51
512 2 0.94
113 5 0.04
349 2 0.29
447 1 0.47
377 9 0.16
779 7 0.63
208 2 0.36
703 6 0.26
310 0 0.11
920 5 0.3
210 4 0.48
236 7 0.22
828 3 0.13
877 1 0.83
339 8 0.01
907 1 0.39
213 6 0.68
390 8 0.48
699 8 0.36
571 4 0.36
388 1 0.25
412 4 0.29
907 2 0.14
80 6 0.76
603 1 0.14
101 9 0.25
565 1 0.09
667 7 0.86
502 3 0.32
341 2 0.41
526 0 0.75
526 1 0.58
656 7 0.02
666 6 0.33
619 6 0.8
119 9 0.96
548 9 0.32
984 1 0.97
230 2 0.41
657 8 0.65
398 3 0.75
944 3 0.45
789 2 0.15
395 1 0.78
8 4 0.79
827 4 0.49
654 3 0.2
301 0 0.64
256 7 0.07
348 1 0.99
602 5 0.81
626 2 0.75
803 4 0.8
577 6 0.68
435 8 0.74
417 1 0.53
152 5 0.9
11 0 0.74
330 4 0.79
190 4 0.68
647 6 0.91
797 8 0.54
994 9 0.34
66 6 0.66
790 7 0.64
731 0 0.23
187 8 0.92
314 8 0.34
686 5 0.58
419 7 0.53
413 6 0.12
720 4 0.73
801 6 0.63
390 8 0.97
772 3 0.23
728 8 0.36
592 4 0.05
859 7 0.13
101 8 0.27
870 6 0.13
177 3 0.41
449 8 0.0
499 4 0.57
635 4 0.17
324 3 0.6
388 6 0.05
382 8 0.42
890 3 0.96
655 4 0.65
434 7 0.93
683 7 0.26
319 6 0.39
969 3 0.66
364 2 0.37
715 1 0.01
907 9 0.6
603 5 0.15
264 9 0.86
94 6 0.26
842 9 0.54
285 5 0.01
460 5 0.43
673 3 0.75
905 0 0.36
452 8 0.79
997 6 0.05
911 6 0.82
863 4 0.9
319 2 0.89
917 8 0.98
113 6 0.43
43 9 0.76
170 7 0.85
534 8 0.94
945 9 0.34
559 7 0.77
239 6 0.38
555 2 0.73
523 6 0.69
319 0 0.25
681 2 0.19
846 2 0.8
772 3 0.36
569 7 0.38
4 0 0.17
454 1 0.97
399 0 0.45
98 6 0.72
974 3 0.27
950 6 0.14
688 0 0.74
579 9 0.59
787 5 0.57
220 8 0.05
877 4 0.45
782 0 0.87
867 6 0.74
63 1 0.65
533 4 0.34
305 0 0.66
668 4 0.74
104 5 0.22
828 1 0.99
39 8 0.99
177 2 0.59
189 5 0.5
762 1 0.68
181 1 0.99
71 7 0.09
795 0 0.62
162 7 0.54
924 3 0.39
525 1 0.12
375 1 0.96
238 2 0.76
546 5 0.27
581 9 0.78
296 8 0.99
14 9 0.68
25 5 0.87
130 8 0.97
850 6 0.66
707 7 0.47
174 9 0.97
740 1 0.18
764 4 0.13
548 4 0.71
818 6 0.66
729 6 0.29
946 4 0.58
129 9 0.65
253 5 0.19
816 6 0.11
957 0 0.44
586 5 0.56
572 1 0.9
814 1 0.63
789 8 0.82
21 8 0.77
108 3 0.96
224 5 0.73
443 4 0.39
36 1 0.64
387 2 0.75
635 2 0.84
852 0 0.9
818 2 0.78
400 5 0.59
481 4 0.31
824 7 0.47
720 5 0.17
976 0 0.41
565 8 0.53
292 7 0.08
327 5 0.84
956 7 0.75
733 4 0.93
3 7 0.5
718 6 0.7
497 3 0.21
506 0 0.68
592 4 0.97
313 4 0.08
972 1 0.42
116 4 0.35
100 7 0.03
994 3 0.86
327 9 0.6
785 7 0.91
802 5 0.7
507 4 0.86
907 3 0.64
545 6 0.47
653 7 0.84
308 2 0.76
892 7 0.43
409 3 0.62
603 1 0.94
239 5 0.48
827 8 0.13
350 8 0.18
575 7 0.74
598 7 0.58
938 8 0.02
808 1 0.17
630 9 0.29
661 4 0.37
893 9 0.59
957 5 0.83
564 4 0.19
710 4 0.52
203 8 0.49
582 3 0.0
541 8 0.59
320 0 0.41
201 9 0.46
763 1 0.94
811 1 0.12
107 2 0.18
613 9 0.94
871 7 0.56
971 3 0.8
721 6 0.82
142 2 0.09
439 3 0.29
249 7 0.17
140 8 0.15
521 3 0.4
331 1 0.0
421 7 0.22
33 8 0.0
798 9 0.55
627 4 0.27
406 7 0.85
16 4 0.41
147 6 0.93
202 6 0.32
94 8 0.93
522 3 0.24
926 1 0.83
930 5 0.49
828 4 0.18
259 3 0.56
650 3 0.17
290 9 0.04
931 1 0.92
785 4 0.3
729 9 0.71
510 3 0.82
389 9 0.33
762 5 0.17
773 8 0.64
933 4 0.19
814 8 0.16
481 5 0.14
79 0 0.53
332 6 0.36
245 4 0.2
944 2 0.97
911 0 0.54
747 8 0.84
364 6 0.38
644 6 0.26
49 6 0.02
462 3 0.26
650 0 0.98
967 1 0.14
686 6 0.42
228 5 0.97
92 1 0.0
812 0 0.39
2 4 0.25
