31 15 0.21
50 9 0.81
65 27 0.44
88 23 0.42
91 20 0.96
96 16 0.28
102 14 0.6
131 3 0.35
144 6 0.08
155 21 0.89
170 27 0.73
179 19 0.45
247 7 0.98
259 18 0.65
266 12 0.94
267 19 0.81
273 11 0.86
281 8 0.83
282 8 0.85
285 3 0.78
300 24 0.81
301 0 0.56
316 2 0.63
327 28 0.19
340 15 0.99
344 7 0.43
354 25 0.45
365 13 0.77
379 14 0.28
384 23 0.35
385 18 0.68
401 13 0.27
407 8 0.71
414 22 0.71
423 4 0.68
428 12 0.05
437 6 0.6
462 5 0.82
465 9 0.38
475 1 0.99
493 1 0.51
497 0 0.54
501 12 0.7
529 22 0.17
532 2 0.21
539 14 0.07
540 3 0.46
542 25 0.57
549 9 0.11
564 22 0.31
580 6 0.15
584 29 0.87
586 14 0.96
592 11 0.35
594 14 0.47
597 19 0.02
608 20 0.11
610 28 0.28
615 15 0.14
617 29 0.61
622 17 0.7
624 26 0.3
635 10 0.03
670 9 0.12
683 20 0.29
700 2 0.18
709 6 0.45
711 5 0.84
712 1 0.9
718 18 0.81
724 14 0.43
728 0 0.07
749 20 0.54
753 14 0.46
762 16 0.32
766 14 0.49
773 18 0.16
785 10 0.16
786 10 0.49
790 12 0.66
791 4 0.5
792 15 0.23
801 28 0.61
809 28 0.65
816 17 0.97
824 1 0.87
835 15 0.85
842 5 0.54
870 11 0.73
877 26 0.07
885 24 0.54
891 13 0.57
906 6 0.79
910 27 0.54
913 9 0.68
914 2 0.98
917 4 0.63
930 5 0.49
938 5 0.54
964 2 0.52
965 27 0.13
969 18 0.73
978 4 0.61
997 1 0.46
1018 12 0.03
1032 23 0.66
1039 29 0.87
1045 3 0.8
1073 0 0.48
1075 19 0.22
1101 19 0.59
1123 29 0.54
1134 17 0.25
1142 20 0.19
1174 20 0.12
1175 0 0.06
1176 5 0.28
1199 26 0.15
1214 17 0.54
1229 5 0.16
1233 28 0.2
1236 14 0.74
1245 20 0.1
1248 24 0.3
1250 24 0.04
1251 9 0.95
1265 28 0.29
1267 6 0.63
1269 25 0.95
1273 17 0.77
1285 22 0.65
1295 7 0.62
1297 12 0.93
1312 20 0.62
1313 2 0.5
1314 22 0.19
1320 4 0.06
1321 20 0.69
1326 11 0.28
1333 23 0.4
1341 27 0.72
1346 18 0.51
1350 10 0.04
1366 5 0.2
1376 22 0.38
1429 8 0.68
1433 21 0.52
1438 27 0.83
1441 25 0.58
1456 5 0.75
1467 11 0.25
1482 0 0.95
1501 18 0.16
1512 13 0.87
1521 29 0.73
1522 10 0.97
1526 10 0.98
1534 1 0.65
1540 10 0.03
1550 15 0.52
1564 2 0.56
1568 2 0.72
1573 15 0.1
1575 25 0.53
1582 4 0.8
1586 10 0.53
1592 15 0.89
1604 0 0.5
1606 22 0.02
1620 27 0.34
1630 7 0.79
1641 11 0.68
1650 6 0.2
1670 20 0.82
1675 25 0.82
1678 17 0.59
1699 26 0.75
1701 5 0.44
1703 1 0.3
1712 18 0.63
1716 27 0.23
1719 18 0.4
1777 27 0.67
1789 24 0.93
1814 2 0.52
1819 15 0.98
1823 7 0.95
1830 8 0.2
1831 8 0.73
1838 12 0.94
1841 12 0.71
1847 3 0.39
1852 21 0.89
1885 3 0.38
1905 5 0.02
1922 5 0.52
1926 29 0.43
1928 22 0.65
1932 15 0.34
1933 25 0.09
1957 16 0.8
1962 14 0.76
1965 26 0.44
1968 27 0.6
1971 3 0.4
1987 19 0.92
1989 22 0.57
2015 7 0.41
2016 24 0.4
2021 17 0.39
2030 27 0.35
2039 7 0.51
2045 6 0.41
2051 6 0.56
2065 20 0.79
2073 26 0.32
2088 9 0.24
2089 17 0.19
2105 24 0.25
2111 10 0.02
2165 3 0.55
2172 17 0.32
2181 19 0.68
2184 8 0.01
2208 7 0.53
2209 25 0.53
2213 19 0.37
2227 6 0.05
2234 20 0.97
2247 1 0.1
2255 17 0.21
2257 23 0.18
2261 23 0.09
2267 11 0.69
2275 24 0.71
2279 2 0.67
2292 20 0.98
2294 4 0.73
2312 23 0.56
2313 20 0.06
2322 13 0.34
2338 8 0.09
2348 21 0.3
2355 16 0.28
2356 21 0.72
2358 2 0.14
2369 8 0.07
2374 29 0.61
2379 21 0.02
2386 23 0.25
2410 28 0.93
2429 25 0.98
2432 7 0.44
2434 22 0.18
2444 23 0.09
2449 22 0.83
2450 6 0.8
2451 0 0.86
2452 1 0.77
2465 15 0.88
2474 2 0.84
2478 4 0.62
2482 2 0.44
2494 23 0.35
2503 11 0.1
2508 27 0.71
2510 2 0.8
2515 14 0.25
2517 8 0.21
2541 4 0.23
2557 29 0.15
2563 23 0.03
2570 5 0.96
2574 20 0.46
2612 18 0.72
2617 22 0.73
2624 20 0.99
2626 13 0.81
2627 0 0.07
2630 3 0.51
2638 25 0.84
2647 27 0.99
2649 2 0.21
2670 14 0.36
2674 17 0.34
2689 17 0.04
2706 24 0.75
2746 22 0.79
2758 11 0.17
2760 19 0.99
2764 24 0.8
2765 17 0.53
2772 22 0.61
2785 11 0.41
2788 28 0.95
2789 14 0.24
2801 17 0.4
2803 8 0.94
2811 8 0.36
2821 8 0.57
2823 8 0.59
2832 6 0.72
2856 23 0.6
2857 1 0.9
2864 4 0.06
2865 2 0.6
2866 22 0.21
2887 6 0.7
2895 11 0.87
2900 24 0.78
2901 10 0.19
2920 23 0.82
2923 14 0.72
2942 22 0.76
2957 23 0.58
2975 12 0.29
2986 14 0.42
2989 16 0.26
3001 13 0.79
3005 10 0.31
3017 24 0.99
3024 29 0.32
3025 22 0.76
3048 16 0.68
3060 0 0.33
3080 15 0.98
3096 27 0.45
3100 6 0.44
3104 24 0.73
3121 5 0.62
3124 14 0.31
3125 25 0.68
3137 10 0.28
3139 20 0.37
3147 27 0.2
3151 17 0.0
3161 0 0.04
3163 24 0.04
3169 4 0.87
3174 21 0.99
3175 2 0.67
3195 22 0.75
3210 5 0.09
3211 26 0.82
3234 5 0.86
3239 9 0.83
3247 2 0.37
3260 27 0.76
3266 28 0.68
3268 5 0.14
3273 8 0.1
3313 3 0.11
3319 29 0.47
3335 11 0.23
3352 29 0.97
3357 3 0.6
3375 6 0.68
3382 6 0.72
3386 29 0.33
3405 27 0.05
3424 15 0.61
3442 25 0.49
3463 4 0.79
3486 23 0.35
3488 26 0.21
3501 9 0.35
3509 3 0.17
3517 5 0.91
3528 15 0.38
3549 5 0.1
3553 14 0.45
3554 6 0.65
3569 5 0.47
3570 28 0.04
3572 26 0.31
3575 10 0.28
3576 6 0.52
3584 6 0.34
3588 27 0.58
3589 9 0.48
3609 14 0.81
3612 15 0.46
3615 23 0.25
3625 9 0.51
3639 25 0.78
3647 22 0.64
3655 0 0.58
3660 21 0.07
3662 19 0.17
3663 19 0.91
3665 29 0.85
3668 28 0.48
3670 17 0.29
3682 13 0.47
3685 28 0.85
3688 28 0.93
3689 8 0.55
3693 7 0.42
3733 24 0.39
3734 11 0.57
3743 6 0.39
3747 13 0.86
3764 27 0.47
3766 19 0.35
3769 19 0.48
3797 9 0.53
3809 16 0.34
3813 28 0.82
3828 19 0.58
3833 15 0.72
3855 26 0.05
3871 17 0.3
3877 11 0.67
3886 19 0.05
3888 6 0.99
3927 27 0.6
3929 14 0.45
3932 28 0.83
3944 14 0.62
3950 20 0.81
3957 9 0.17
3961 1 0.81
3968 1 0.07
3978 9 0.81
3980 13 0.95
3984 5 0.11
3991 6 0.43
4008 17 0.64
4011 16 0.73
4031 21 0.76
4035 25 0.92
4040 0 0.76
4052 3 0.63
4053 15 0.42
4060 0 0.34
4065 24 0.15
4071 21 0.48
4089 26 0.01
4120 7 0.32
4132 20 0.02
4140 1 0.57
4155 25 0.84
4165 11 0.6
4166 2 0.99
4172 21 0.83
4180 19 0.9
4197 28 0.89
4198 19 0.81
4199 20 0.93
4212 26 0.23
4213 0 0.99
4216 18 0.89
4225 0 0.72
4240 19 0.84
4241 14 0.97
4248 26 0.5
4257 13 0.26
4265 22 0.34
4266 3 0.51
4272 8 0.43
4277 15 0.95
4289 5 0.61
4320 19 0.27
4321 21 0.46
4323 25 0.14
4335 7 0.27
4351 4 0.62
4354 22 0.29
4356 24 0.91
4369 22 0.43
4375 4 0.62
4393 0 0.97
4396 29 0.26
4403 26 0.08
4425 28 0.59
4442 6 0.32
4447 26 0.84
4467 16 0.92
4532 27 0.95
4535 25 0.39
4541 16 0.8
4542 5 0.4
4547 26 0.2
4560 19 0.83
4581 8 0.1
4592 21 0.95
4602 22 0.36
4618 20 0.75
4637 20 0.87
4644 5 0.73
4647 19 0.48
4653 11 0.03
4689 28 0.05
4691 27 0.97
4702 7 0.89
4720 5 0.0
4750 5 0.89
4755 1 0.18
4763 18 0.83
4764 22 0.78
4777 10 0.65
4783 15 0.25
4799 24 0.33
4802 12 0.86
4804 10 0.5
4826 0 0.84
4827 15 0.55
4829 8 0.99
4833 14 0.68
4838 9 0.86
4843 11 0.89
4850 25 0.98
4853 17 0.3
4869 29 0.11
4870 21 0.6
4880 8 0.8
4897 11 0.7
4919 24 0.24
4920 3 0.43
4921 27 0.45
4925 1 0.05
4938 17 0.72
4941 6 0.79
4943 6 0.05
4967 2 0.15
4980 15 0.11
4988 7 0.75
4989 6 0.37
5011 16 0.42
5015 1 0.31
5031 4 0.7
5037 5 0.77
5039 24 0.77
5051 21 0.95
5052 27 0.88
5065 3 0.49
5069 11 0.51
5071 25 0.65
5072 18 0.64
5089 4 0.7
5096 2 0.28
5098 21 0.35
5109 7 0.23
5113 18 0.36
5117 9 0.59
5118 16 0.1
5123 29 0.53
5126 11 0.73
5142 1 0.94
5152 11 0.55
5160 4 0.8
5161 22 0.4
5164 20 0.37
5191 17 0.55
5206 24 0.91
5223 14 0.69
5234 18 0.68
5235 18 0.58
5258 19 0.71
5270 24 0.5
5272 18 0.79
5287 17 0.7
5290 29 0.31
5293 3 0.85
5297 4 0.77
5298 13 0.45
5318 11 0.51
5328 10 0.38
5333 14 0.46
5337 12 0.49
5349 7 0.35
5360 1 0.02
5362 8 0.21
5363 23 0.35
5370 12 0.25
5373 8 0.75
5397 5 0.19
5426 10 0.19
5427 15 0.2
5436 2 0.52
5437 29 0.22
5438 1 0.54
5445 23 0.82
5452 26 0.1
5465 1 0.67
5472 16 0.55
5486 17 0.17
5499 29 0.4
5506 20 0.28
5511 19 0.61
5543 22 0.68
5548 20 0.08
5550 14 0.58
5587 6 0.83
5596 20 0.33
5597 4 0.85
5605 5 0.41
5610 3 0.54
5631 15 0.04
5636 23 0.38
5656 13 0.26
5660 22 0.35
5675 1 0.59
5706 16 0.75
5720 29 0.34
5725 3 0.05
5729 25 0.37
5748 13 0.57
5766 12 0.97
5787 7 0.33
5811 24 0.48
5848 6 0.48
5850 7 0.92
5853 0 0.4
5868 4 0.85
5896 9 0.09
5903 27 0.27
5906 25 0.47
5908 26 0.31
5924 9 0.5
5945 21 0.48
5959 28 0.96
5960 29 0.72
5968 6 0.06
5973 21 0.93
5974 4 0.23
5981 7 0.59
5988 27 0.33
6026 0 0.43
6035 10 0.57
6037 11 0.03
6038 23 0.95
6042 14 0.13
6046 6 0.62
6051 1 0.1
6061 28 0.58
6070 26 0.81
6071 29 0.51
6086 23 0.88
6126 14 0.52
6130 5 0.22
6139 1 0.5
6147 0 0.54
6162 25 0.9
6174 7 0.62
6190 25 0.54
6198 21 0.01
6199 29 0.07
6213 25 0.7
6234 1 0.1
6240 14 0.15
6244 3 0.07
6255 17 0.01
6263 22 0.9
6267 7 0.05
6295 12 0.61
6308 18 0.67
6311 0 0.1
6336 6 0.78
6347 17 1.0
6363 3 0.48
6369 20 0.32
6389 8 0.3
6407 9 0.79
6426 7 0.58
6429 9 0.95
6434 14 0.33
6446 15 0.77
6460 2 0.01
6479 21 0.29
6494 10 0.4
6497 24 0.54
6498 6 0.28
6501 28 0.7
6502 0 0.55
6515 18 0.94
6521 14 0.03
6524 7 0.68
6532 25 0.63
6534 18 0.92
6537 10 0.5
6538 1 0.4
6549 25 0.56
6561 9 0.94
6572 25 0.0
6577 25 0.96
6589 21 0.42
6603 2 0.58
6611 13 0.03
6613 21 0.42
6620 25 0.81
6636 12 0.07
6655 20 0.43
6658 0 0.01
6660 18 0.4
6662 22 0.57
6663 21 0.7
6677 19 0.11
6681 4 0.4
6682 19 0.8
6704 19 0.93
6723 19 0.42
6726 26 0.83
6730 4 0.68
6735 20 0.05
6736 18 0.99
6740 16 0.78
6741 7 0.31
6750 6 0.59
6771 1 0.26
6782 15 0.61
6794 18 0.82
6801 9 0.3
6804 0 0.99
6806 2 0.09
6808 10 0.48
6820 15 0.48
6830 23 0.76
6850 10 0.44
6857 29 0.26
6873 2 0.15
6876 7 0.97
6881 21 0.24
6892 18 0.54
6900 9 0.09
6904 12 0.57
6910 1 0.95
6919 24 0.08
6958 2 0.45
6959 3 0.34
6970 12 0.61
6975 15 0.04
6982 18 0.56
6984 3 0.6
6986 16 0.63
6996 4 0.71
7015 6 0.67
7017 26 0.78
7037 12 0.96
7045 3 0.95
7046 13 0.13
7066 12 0.76
7114 20 0.49
7120 22 0.46
7132 13 0.33
7145 5 0.28
7167 29 0.91
7203 28 0.98
7207 22 0.15
7235 0 0.98
7236 25 0.97
7248 20 0.67
7257 10 0.13
7259 22 0.51
7261 13 0.73
7267 26 0.83
7278 26 0.44
7283 21 0.03
7297 14 0.86
7298 6 0.67
7300 13 0.6
7304 2 0.41
7323 0 0.0
7356 24 0.42
7366 24 0.16
7387 14 0.2
7398 18 0.5
7417 2 0.18
7419 0 0.46
7430 18 0.72
7453 14 0.86
7454 27 0.78
7459 2 0.87
7469 14 0.1
7473 17 0.25
7487 0 0.08
7506 29 0.26
7509 3 0.9
7518 17 0.46
7528 15 0.31
7533 4 0.64
7539 8 0.78
7544 17 0.22
7546 15 0.51
7556 22 0.56
7557 29 0.67
7560 19 0.45
7562 3 0.93
7564 12 0.14
7581 19 0.3
7587 18 0.68
7588 13 0.17
7596 25 0.13
7598 26 0.87
7604 24 0.13
7608 19 0.9
7622 17 0.21
7633 9 0.93
7640 29 0.82
7642 6 0.03
7653 27 0.39
7658 13 0.66
7661 2 0.52
7664 17 0.05
7675 19 0.24
7677 3 0.06
7684 10 0.23
7689 23 0.66
7692 21 0.35
7705 23 0.64
7708 27 0.5
7711 12 0.86
7721 25 0.23
7723 8 0.99
7726 18 0.75
7728 15 0.85
7736 25 0.64
7750 14 0.29
7751 24 0.76
7762 13 0.55
7777 9 0.88
7784 7 0.1
7786 24 0.0
7794 8 0.21
7799 10 0.26
7805 8 0.78
7812 28 0.96
7815 1 0.59
7816 19 0.29
7818 13 0.54
7821 12 0.14
7828 15 0.12
7848 22 0.15
7849 27 0.67
7850 23 0.73
7868 8 0.31
7875 8 0.8
7893 16 0.53
7948 26 0.29
7949 13 0.31
7963 29 0.66
7982 23 0.15
7988 3 0.35
8002 5 0.32
8011 12 0.28
8018 16 0.27
8037 14 0.07
8058 18 0.92
8060 16 0.02
8070 5 0.89
8075 9 0.53
8085 4 0.62
8098 17 0.28
8108 1 0.38
8130 13 0.05
8132 8 0.42
8155 1 0.66
8163 6 0.64
8183 9 0.15
8195 2 0.1
8224 13 0.72
8234 3 0.57
8237 29 0.29
8253 8 0.88
8267 20 0.09
8277 26 0.77
8278 13 0.05
8279 17 0.02
8285 24 0.36
8292 27 0.56
8324 6 0.05
8343 7 0.84
8352 1 0.08
8356 23 0.76
8365 16 0.27
8369 22 0.51
8381 29 0.34
8382 7 0.62
8384 22 0.23
8389 20 0.87
8394 24 0.17
8398 21 0.3
8400 13 0.5
8404 29 0.87
8406 17 0.07
8419 20 0.85
8427 25 0.59
8440 12 0.73
8449 0 0.34
8458 5 0.07
8466 7 0.65
8467 2 0.65
8486 19 0.42
8493 17 0.73
8497 23 0.91
8499 15 0.87
8501 9 0.82
8517 22 0.89
8519 23 0.99
8525 9 0.46
8529 15 0.75
8530 27 0.87
8543 17 0.64
8547 5 0.09
8561 17 0.55
8563 21 0.99
8574 19 0.84
8586 3 0.9
8588 27 0.79
8592 29 0.09
8597 26 0.8
8625 9 0.74
8640 29 0.58
8658 18 0.68
8666 5 0.01
8674 0 0.16
8701 23 0.1
8703 8 0.8
8708 28 0.39
8714 12 0.45
8724 17 0.58
8738 6 0.17
8742 3 0.99
8765 7 0.62
8766 6 0.64
8778 18 0.88
8793 0 0.8
8810 15 0.06
8813 11 0.64
8821 21 0.61
8828 26 0.73
8839 6 0.65
8846 23 0.09
8862 17 0.19
8882 18 0.9
8883 13 0.45
8890 29 0.39
8908 14 0.53
8927 26 0.31
8935 21 0.81
8938 14 0.33
8945 3 0.97
8946 28 0.0
8948 24 0.95
8951 21 0.95
8954 7 0.31
8959 26 0.14
8994 22 0.59
8997 26 0.07
9005 26 0.37
9015 2 0.13
9021 4 0.48
9022 11 0.01
9028 4 0.47
9036 26 0.65
9042 4 0.19
9051 16 0.59
9053 29 0.43
9054 13 0.07
9055 6 0.18
9057 22 0.21
9071 29 0.99
9075 19 0.53
9076 15 0.77
9077 14 0.39
9084 17 0.8
9095 0 0.27
9099 0 0.6
9105 28 0.65
9106 10 0.79
9118 25 0.36
9133 29 0.34
9135 1 0.33
9137 11 0.92
9140 7 0.63
9165 29 0.35
9193 3 0.71
9194 18 0.16
9201 12 0.23
9224 13 0.01
9231 9 0.2
9241 11 0.81
9262 8 0.0
9270 23 0.45
9280 5 0.31
9293 25 0.71
9304 27 0.69
9309 19 0.12
9313 2 0.41
9323 2 0.52
9328 11 0.56
9334 20 0.82
9335 5 0.69
9336 16 0.7
9346 20 0.66
9348 29 0.44
9371 28 0.94
9372 10 0.26
9389 29 0.97
9395 18 0.8
9405 0 0.54
9409 1 0.73
9412 29 0.09
9421 13 0.85
9431 21 0.07
9449 16 0.79
9450 29 0.34
9457 18 0.75
9458 10 0.25
9460 19 0.26
9473 24 0.82
9480 27 0.08
9485 5 0.84
9490 6 0.6
9493 10 0.74
9494 21 0.67
9504 11 0.39
9540 28 0.59
9553 16 0.13
9557 7 0.86
9560 20 0.59
9563 5 0.61
9569 20 0.78
9571 22 0.68
9580 19 0.86
9581 20 0.62
9589 9 0.02
9590 6 0.44
9598 9 0.53
9604 13 0.6
9621 25 0.75
9622 24 0.33
9629 25 0.58
9637 25 0.18
9638 14 0.12
9647 9 1.0
9659 9 0.81
9668 1 0.82
9687 26 0.6
9695 14 0.9
9710 14 0.82
9713 25 0.86
9714 20 0.41
9724 3 0.31
9744 7 0.94
9768 4 0.55
9772 4 0.06
9805 2 0.69
9808 14 0.11
9809 5 0.76
9819 19 0.34
9826 21 0.7
9831 0 0.51
9833 7 0.98
9834 6 0.86
9838 12 0.79
9852 17 0.09
9855 22 0.04
9867 4 0.49
9877 22 0.78
9878 21 0.27
9888 10 0.49
9890 8 0.0
9897 9 0.06
9900 15 0.79
9910 2 0.29
9921 23 0.76
9923 19 0.81
9928 12 0.88
9969 1 0.96
