10 4 0.48
13 19 0.88
46 19 0.58
84 3 0.37
85 12 0.38
108 1 0.71
171 27 0.78
187 26 0.57
208 3 0.77
218 13 0.96
239 26 0.05
245 16 0.66
252 0 0.48
267 21 0.09
287 10 0.85
304 29 0.79
324 10 0.38
325 4 0.18
348 18 0.31
379 0 0.69
397 21 0.85
412 2 0.38
436 21 0.45
450 17 0.63
464 20 0.62
480 11 0.87
506 17 0.9
514 29 0.87
533 25 0.73
535 13 0.6
539 23 0.46
564 0 0.26
595 27 0.24
608 21 0.13
633 27 0.47
641 23 0.81
644 28 0.97
648 16 0.51
667 2 0.8
668 16 0.22
686 9 0.5
694 2 0.15
699 8 0.5
703 12 0.93
705 24 0.64
712 6 0.76
730 15 0.77
736 9 0.2
741 21 0.29
742 8 0.48
746 29 0.56
767 10 0.85
796 10 0.58
805 0 0.65
812 18 0.63
840 4 0.57
841 9 0.63
848 6 0.79
865 0 0.11
883 12 0.44
895 10 0.38
908 24 0.18
945 2 0.94
947 27 0.06
