6 15 0.58
8 14 0.93
16 12 0.26
17 11 0.88
18 0 0.81
23 9 0.88
28 17 0.15
29 0 0.91
33 27 0.18
42 0 0.38
44 27 0.66
50 25 0.05
52 28 0.93
54 3 0.7
58 1 0.33
59 24 0.96
64 21 0.25
65 26 0.51
71 9 0.26
73 2 0.51
74 25 0.71
77 25 0.01
78 15 0.89
86 7 0.59
88 27 0.41
89 8 0.69
93 21 0.33
97 26 0.5
105 17 0.71
106 13 0.44
109 18 0.58
110 22 0.01
115 21 0.38
117 10 0.57
118 22 0.82
120 1 0.93
123 10 0.15
127 24 0.52
149 15 0.41
152 28 0.01
153 16 0.95
160 29 0.53
163 29 0.64
164 23 0.43
178 24 0.76
188 19 0.21
189 23 0.05
194 0 0.44
198 26 0.78
204 3 0.57
208 19 0.4
220 12 0.43
222 20 0.51
223 8 0.42
224 20 0.72
226 10 0.18
234 18 0.57
237 20 0.72
238 14 0.97
239 0 0.66
241 10 0.95
243 8 0.72
249 21 0.21
251 24 0.97
255 8 0.6
261 9 0.49
266 17 0.54
267 20 0.01
274 24 0.77
283 20 0.88
286 17 0.3
288 14 0.71
295 21 0.53
296 26 0.38
297 27 0.65
302 29 0.29
306 7 0.52
310 16 0.35
311 6 0.6
316 18 0.45
317 25 0.46
339 1 0.1
342 25 0.3
348 19 0.75
352 20 0.82
355 12 0.53
358 21 0.24
368 2 0.39
373 13 0.97
377 27 0.32
380 28 0.14
387 16 0.67
390 15 0.73
392 8 0.67
393 20 0.78
394 7 0.3
395 27 0.81
400 9 0.14
405 5 0.13
406 5 0.37
409 6 0.83
413 11 0.36
415 0 0.83
420 24 0.72
425 13 0.44
428 28 0.01
437 26 0.49
438 1 0.96
446 16 1.0
450 3 0.65
460 23 0.34
462 18 0.66
464 12 0.01
471 29 0.33
472 27 0.36
473 12 1.0
479 1 0.08
482 25 0.73
485 13 0.4
488 17 0.82
490 2 0.39
494 8 0.41
495 6 0.67
496 3 0.28
497 29 0.01
498 14 0.74
501 25 0.76
511 26 0.29
514 20 0.8
518 7 0.74
519 4 0.43
522 22 0.05
525 5 0.72
527 16 0.32
537 9 0.25
540 16 0.58
548 24 0.82
551 3 0.43
560 14 0.38
561 6 0.98
568 3 0.91
570 1 0.54
576 22 0.99
581 24 0.21
587 5 0.15
589 10 0.78
591 9 0.49
594 2 0.01
597 22 0.11
600 24 0.51
603 12 0.57
607 8 0.42
609 0 0.17
610 8 0.54
614 18 0.4
620 0 0.62
626 18 0.19
628 4 0.35
630 15 0.04
632 9 0.5
637 20 0.68
639 19 0.25
640 19 0.32
647 27 0.38
649 4 0.14
651 1 0.1
654 13 0.93
655 8 0.9
656 9 0.9
666 22 0.2
671 13 0.8
674 28 0.54
682 28 0.59
683 28 0.42
684 11 0.35
688 29 0.64
690 13 0.73
691 15 0.55
699 23 0.61
704 0 0.31
705 17 0.35
713 1 0.0
719 19 0.23
721 26 0.56
724 3 0.09
726 5 0.81
733 4 0.64
736 3 0.86
737 3 0.19
739 14 0.04
742 23 0.07
748 5 0.56
751 1 0.59
756 19 0.26
763 20 0.88
764 5 0.15
773 9 0.94
779 13 0.47
780 8 0.47
786 3 0.35
787 16 0.63
788 13 0.49
791 22 0.16
798 6 0.55
799 16 0.33
802 17 0.85
803 1 0.83
804 13 0.81
813 18 0.38
830 14 0.83
834 2 0.23
841 8 0.28
846 14 0.3
848 28 0.83
854 10 0.83
855 25 0.88
860 1 0.84
865 12 0.65
867 20 0.45
872 8 0.12
873 14 0.66
876 7 0.41
880 26 0.09
884 8 0.08
885 10 0.86
887 24 0.81
891 21 0.8
903 21 0.23
911 24 0.63
914 2 0.29
917 12 0.38
920 26 0.52
923 1 0.46
930 6 0.08
937 1 0.74
941 29 0.64
943 19 0.82
949 4 0.61
959 14 0.47
964 22 0.93
970 23 0.51
975 23 0.58
980 11 0.93
995 4 0.16
996 8 0.75
999 15 0.34
