5 18 0.81
14 5 0.6
27 26 0.16
35 5 0.01
48 15 0.22
55 15 0.06
60 18 0.65
67 13 0.85
68 2 0.89
69 6 0.48
74 23 0.83
77 23 0.03
86 23 0.92
87 1 0.19
94 14 0.82
112 25 0.09
126 7 0.82
133 17 0.5
160 19 0.52
164 13 0.41
173 17 0.72
189 17 0.55
206 24 0.43
213 14 0.16
220 24 0.63
224 27 0.58
248 19 0.01
258 17 0.24
260 18 0.83
274 11 0.48
294 18 0.72
301 6 0.3
311 22 0.31
312 17 0.29
313 9 0.88
314 13 0.75
315 19 0.32
323 13 0.49
339 15 0.41
358 20 0.45
361 8 0.34
371 7 0.61
383 29 0.27
388 7 0.04
392 21 0.71
401 25 0.73
416 26 0.81
428 18 0.49
429 13 0.35
450 7 0.87
479 6 0.17
489 5 0.62
499 14 0.85
505 10 0.59
512 8 0.42
513 9 0.85
515 17 0.3
523 13 0.25
534 26 0.47
549 29 0.73
552 23 0.33
555 6 0.98
562 21 0.98
566 21 0.3
570 23 0.5
573 0 0.16
578 6 0.85
580 13 0.67
594 4 0.65
595 23 0.39
612 13 0.85
635 15 0.7
636 21 0.26
638 22 0.22
644 28 0.06
655 13 0.0
669 14 0.95
675 15 0.76
676 17 0.77
678 23 0.02
684 22 0.25
685 4 0.23
690 1 0.23
699 15 0.47
741 29 0.95
742 11 0.41
760 5 0.26
780 0 0.52
793 2 0.02
796 3 0.25
800 8 0.54
807 0 0.91
810 3 0.32
812 7 0.9
831 21 0.22
841 0 0.0
842 10 0.03
856 12 0.03
875 1 0.58
892 6 0.73
912 9 0.71
924 16 0.4
941 12 0.08
954 7 0.71
966 0 0.82
971 2 0.34
975 4 0.92
977 2 0.72
982 28 0.2
987 22 0.39
