0 11 0.23
3 23 0.23
4 5 0.08
5 27 0.48
6 24 0.45
9 19 0.53
12 13 0.95
13 21 0.96
14 24 0.37
16 14 0.71
19 20 0.95
22 23 0.08
24 22 0.4
29 20 0.01
30 12 0.99
31 29 0.11
33 10 0.69
35 12 0.06
37 24 0.3
39 2 0.13
41 23 0.95
42 7 0.88
44 27 0.88
46 24 0.37
48 4 0.93
50 8 0.43
51 12 0.62
55 4 0.2
58 14 0.31
59 16 0.17
63 21 0.57
65 23 0.99
68 22 0.46
70 25 0.47
72 16 0.18
74 22 0.44
76 20 0.13
78 14 0.67
80 15 0.44
82 0 0.92
83 19 0.74
88 19 0.42
90 8 0.42
91 25 0.44
93 15 0.59
99 15 0.43
106 15 0.77
114 7 0.9
117 19 0.86
119 25 0.11
120 23 0.07
125 3 0.27
127 23 0.0
129 13 0.25
130 19 0.83
131 18 0.32
132 1 0.55
133 8 0.31
134 4 0.47
135 0 0.8
137 22 0.02
140 28 0.73
141 4 0.63
144 4 0.14
147 15 0.24
149 9 0.3
150 0 0.4
152 16 0.49
155 9 0.1
158 7 0.59
159 4 0.32
160 11 0.68
161 29 0.58
162 15 0.57
163 19 0.84
164 4 0.1
165 11 0.19
168 16 0.13
169 23 0.61
171 28 0.73
172 9 0.68
174 14 0.68
176 29 0.29
177 24 0.76
178 28 0.55
179 12 0.33
180 15 0.26
181 7 0.73
182 12 0.16
184 18 0.02
186 12 0.99
187 11 0.68
188 3 0.76
190 26 0.02
193 12 0.96
194 22 0.38
195 25 0.55
201 15 0.47
205 12 0.45
206 25 0.35
208 27 0.29
209 6 0.27
210 5 0.14
211 4 0.73
213 28 0.86
214 0 0.21
216 16 0.58
217 16 0.19
220 19 0.79
222 25 0.43
223 4 0.56
224 2 0.74
226 8 0.82
227 9 0.34
228 20 0.49
230 5 0.07
231 22 0.83
232 16 0.68
233 17 0.88
237 17 0.24
239 24 0.79
240 0 0.02
241 0 0.83
242 26 0.62
247 19 1.0
