27 5 0.83
89 5 0.37
234 9 0.32
171 1 0.71
249 0 0.24
210 8 0.4
239 1 0.97
200 3 0.33
178 1 0.3
179 0 0.61
101 2 0.59
169 9 0.11
62 7 0.61
62 0 0.46
242 8 0.93
219 9 0.02
42 4 0.19
238 3 0.68
8 4 0.04
123 2 0.79
12 6 0.31
211 5 0.01
112 5 0.79
91 4 0.05
45 1 0.37
105 6 0.59
200 9 0.23
34 7 0.74
148 6 0.87
77 5 0.09
90 7 0.82
19 1 0.12
160 8 0.35
73 7 0.48
74 6 0.7
197 6 0.83
166 7 0.36
24 5 0.31
249 0 0.88
2 8 0.62
237 3 0.59
89 5 0.85
218 8 0.01
198 2 0.97
45 3 0.79
65 1 0.02
165 4 0.56
208 3 0.95
228 6 0.99
46 1 0.44
219 8 0.25
246 5 0.02
20 7 0.22
146 4 0.9
57 4 0.53
9 1 0.83
157 4 0.66
213 4 0.32
97 9 0.52
171 0 0.51
228 2 0.23
211 2 0.19
227 4 0.06
128 8 0.46
155 0 0.98
108 2 0.73
169 8 0.51
8 6 0.56
4 8 0.78
169 0 0.42
95 9 0.85
56 5 0.76
122 7 0.95
122 5 0.44
106 7 0.83
163 9 0.64
68 1 0.6
237 3 0.09
2 7 0.8
234 0 0.89
23 8 0.07
192 3 0.07
18 3 0.32
154 4 0.71
93 8 0.16
199 8 0.82
78 1 0.77
116 7 0.97
189 2 0.89
204 9 0.98
129 5 0.53
1 8 0.56
116 5 0.86
121 0 0.93
14 2 0.64
164 0 0.55
86 5 0.56
187 9 0.77
10 7 0.26
167 0 0.92
114 5 0.48
35 9 0.91
160 9 0.16
170 3 0.83
139 0 0.39
174 3 0.52
173 4 0.01
215 0 0.33
62 7 0.49
68 3 0.69
118 4 0.63
234 3 1.0
198 3 0.63
83 9 0.56
123 3 0.79
77 7 0.12
209 2 0.24
180 2 0.09
188 5 0.52
179 6 0.89
121 8 0.78
21 5 0.84
174 9 0.87
173 3 0.65
59 7 0.88
103 1 0.54
78 9 0.34
3 6 0.76
104 8 0.33
242 2 0.29
132 5 0.54
165 5 0.43
139 1 0.37
42 8 0.97
145 7 0.86
200 2 0.42
86 5 0.93
19 0 0.24
15 5 0.26
53 4 0.45
216 2 0.96
198 7 0.05
8 5 0.61
53 1 0.24
33 4 0.51
144 6 0.79
105 1 0.35
25 8 0.69
242 7 0.65
140 0 0.23
213 8 0.62
178 5 0.99
24 3 0.45
60 5 0.6
93 0 0.97
110 9 0.91
144 6 0.13
35 7 0.95
4 3 0.36
84 2 0.17
1 8 0.12
5 8 0.05
40 3 0.73
241 5 0.18
56 3 0.96
64 9 0.98
93 8 0.75
242 6 0.91
3 0 0.88
92 0 0.37
228 1 0.05
225 6 0.28
92 8 0.01
136 2 0.61
158 1 0.45
190 8 0.45
146 6 0.67
94 3 0.46
222 0 0.42
73 1 0.85
198 6 0.57
126 3 0.71
220 5 0.64
100 1 0.75
109 5 0.71
69 1 0.85
111 7 0.57
63 6 0.56
104 9 0.46
166 8 0.64
75 7 0.72
95 0 0.38
178 9 0.01
80 5 0.61
194 6 0.69
205 6 0.41
64 2 0.95
203 0 0.57
134 5 0.52
65 8 0.53
12 2 0.74
178 4 0.17
85 2 0.25
223 5 0.55
49 8 0.57
25 0 0.79
59 0 0.58
248 3 0.69
22 3 0.1
94 5 0.18
19 6 0.89
169 6 0.17
193 1 0.49
91 6 0.67
92 4 0.55
192 3 0.95
237 6 0.21
202 0 0.48
157 1 0.3
197 9 0.22
154 4 0.5
87 7 0.46
25 0 0.23
153 2 0.52
67 0 0.2
99 5 0.15
151 0 0.48
227 9 0.78
216 9 0.51
75 2 0.06
249 9 0.51
206 8 0.68
16 0 0.48
89 7 0.08
26 1 0.14
51 9 0.45
20 3 0.89
102 0 0.65
161 7 0.38
38 0 0.17
1 5 0.02
201 5 0.42
214 3 0.91
