0 0 0.31
1 12 0.25
2 24 0.59
8 5 0.23
9 0 0.26
12 10 0.7
17 8 0.08
21 18 0.9
25 4 0.21
26 27 0.1
28 1 0.59
39 1 0.93
41 25 0.61
42 10 0.71
44 27 0.26
51 3 0.32
53 14 0.96
58 19 0.27
68 17 0.37
71 26 0.85
72 16 0.62
76 19 0.46
80 28 0.45
85 2 0.67
86 10 0.65
87 8 0.72
88 19 0.99
94 11 0.75
97 0 0.1
106 29 0.69
107 18 0.92
116 22 0.35
120 3 0.87
123 28 0.61
124 17 0.41
125 26 0.12
132 8 0.57
134 11 0.38
136 20 0.03
138 9 0.65
144 1 0.31
145 15 0.34
150 9 0.52
157 9 0.76
164 16 0.15
166 14 0.79
167 28 0.98
168 13 0.26
174 29 0.98
177 15 0.77
179 0 0.28
180 21 0.34
183 20 0.38
185 2 0.42
187 14 0.89
189 20 0.48
190 16 0.91
191 17 0.54
203 3 0.77
204 21 0.37
206 5 0.29
209 13 0.82
210 9 0.06
213 22 0.3
218 25 0.54
226 20 0.73
228 25 0.77
240 13 0.45
242 13 0.69
243 3 0.5
245 10 0.62
