7 26 0.23
26 27 0.57
83 16 0.59
94 29 0.23
96 22 0.16
98 22 0.57
142 2 0.24
147 29 0.77
151 16 0.51
167 17 0.64
211 16 0.84
222 5 0.63
273 10 0.82
310 10 0.12
315 5 0.17
358 8 0.73
382 13 0.67
385 4 0.14
407 12 0.31
422 2 0.85
425 19 0.58
449 9 0.05
454 12 0.18
468 2 0.64
473 11 0.25
496 20 0.14
515 2 0.02
537 8 0.84
570 29 0.74
574 0 0.75
580 20 0.69
602 14 0.25
626 7 0.7
659 3 0.99
662 10 0.85
678 5 0.75
685 24 0.07
688 5 0.99
707 9 0.39
728 5 0.36
802 15 0.73
867 28 0.16
893 8 0.41
934 1 0.08
947 22 0.79
955 5 0.74
974 5 0.71
1001 9 0.82
1019 13 0.43
1048 19 0.65
1068 11 0.82
1081 18 0.68
1086 24 0.28
1089 7 0.64
1128 21 0.47
1140 5 0.09
1163 21 0.54
1164 6 0.73
1175 10 0.57
1208 18 0.21
1233 7 0.88
1257 7 0.65
1278 18 0.25
1307 17 0.16
1324 14 0.53
1334 18 0.33
1339 13 0.39
1357 10 0.82
1395 27 0.86
1398 9 0.53
1411 29 0.59
1418 20 0.27
1427 23 0.75
1440 22 0.98
1450 7 0.35
1457 29 0.18
1481 4 0.47
1487 5 0.26
1494 0 0.72
1528 22 0.4
1530 19 0.21
1555 24 0.98
1557 28 0.14
1591 7 0.5
1593 17 0.49
1608 24 0.63
1610 16 0.64
1644 6 0.32
1669 4 0.67
1685 21 0.32
1686 15 0.77
1726 28 0.57
1769 10 0.79
1806 24 0.82
1828 27 0.31
1861 3 0.61
1882 23 0.17
1965 14 0.68
2044 0 0.55
2052 3 0.89
2101 13 0.13
2110 11 0.47
2115 19 0.73
2121 13 0.34
2125 3 0.65
2150 22 0.81
2188 28 0.57
2234 6 0.17
2237 24 0.98
2271 19 0.14
2278 19 0.94
2298 23 0.6
2305 27 0.99
2309 8 0.27
2311 10 0.13
2338 1 0.45
2351 22 0.83
2377 15 0.91
2387 1 0.52
2404 20 0.73
2425 9 0.01
2428 23 0.99
2439 21 0.78
2445 24 1.0
2499 6 0.19
2515 13 0.69
2565 29 0.98
2579 18 0.45
2589 1 0.02
2596 7 0.49
2601 19 0.17
2612 2 0.34
2621 13 0.76
2632 16 0.37
2655 20 0.01
2670 3 0.1
2671 20 0.29
2703 25 0.98
2710 22 0.12
2725 28 0.35
2744 2 0.56
2765 24 0.89
2785 8 0.5
2797 22 0.24
2809 0 0.5
2828 4 0.69
2861 14 0.4
2870 20 0.74
2871 19 0.29
2898 29 0.07
2933 15 0.85
2939 11 0.32
2950 2 0.75
2968 17 0.92
2981 25 0.1
3002 16 0.54
3003 8 0.5
3009 18 0.7
3020 1 0.93
3029 25 0.2
3038 0 0.74
3092 9 0.15
3117 28 0.38
3122 6 0.19
3124 13 0.65
3143 21 0.39
3152 17 0.95
3162 25 0.32
3164 24 0.51
3170 22 0.9
3184 15 0.43
3201 4 0.01
3276 26 0.72
3309 10 0.33
3314 7 0.54
3324 13 0.5
3347 23 0.04
3352 14 0.95
3360 6 0.42
3372 5 0.51
3412 21 0.14
3418 24 0.94
3420 5 0.91
3442 27 0.37
3448 9 0.27
3473 6 0.87
3487 12 0.31
3514 17 0.04
3521 20 0.88
3528 7 0.65
3544 26 0.41
3577 14 0.22
3578 7 0.81
3580 1 0.08
3583 7 0.78
3586 24 0.24
3598 8 0.01
3654 9 0.07
3677 24 0.9
3684 9 0.16
3687 26 0.38
3703 4 0.61
3712 10 0.16
3726 12 0.54
3780 7 0.39
3795 1 0.61
3797 29 0.1
3800 8 0.18
3848 23 0.7
3860 15 0.55
3873 10 0.94
3888 20 0.35
3911 27 0.35
3918 28 0.5
3920 17 0.65
3946 22 0.07
3987 3 0.2
4038 10 0.85
4057 29 0.72
4063 26 0.32
4064 10 0.58
4076 2 0.06
4086 25 0.27
4096 29 0.49
4110 28 0.68
4113 14 0.19
4115 17 0.38
4132 6 0.89
4148 11 0.5
4167 20 0.88
4173 23 0.13
4190 13 0.02
4243 13 0.52
4263 1 0.32
4274 25 0.14
4294 6 0.62
4401 16 0.97
4443 8 0.41
4464 19 0.55
4465 8 0.52
4470 17 0.67
4494 16 0.75
4530 2 0.62
4551 22 0.18
4556 14 0.47
4565 9 0.09
4598 10 0.39
4664 5 0.79
4677 23 0.78
4697 19 0.45
4704 21 0.59
4715 21 0.96
4718 2 0.94
4746 5 0.28
4748 22 0.88
4779 22 0.47
4848 20 0.79
4861 12 0.42
4865 18 0.21
4884 8 0.51
4903 13 0.39
4908 8 0.05
4923 28 0.42
4992 24 0.2
4998 24 0.71
5025 6 0.39
5063 22 0.56
5080 1 0.77
5083 17 0.07
5093 8 0.54
5109 28 0.97
5111 9 0.47
5128 13 0.89
5139 10 0.09
5158 14 0.91
5166 1 0.87
5172 17 0.16
5177 15 0.48
5209 8 0.23
5233 0 0.72
5239 4 0.31
5264 9 0.05
5285 5 0.92
5315 23 0.01
5346 11 0.24
5354 19 0.45
5388 26 0.41
5395 9 0.16
5405 5 0.97
5413 8 0.34
5419 14 0.1
5431 5 0.41
5449 27 0.71
5451 0 0.74
5455 28 0.4
5492 29 0.76
5505 21 0.32
5554 20 0.77
5556 26 0.06
5576 21 0.78
5621 3 0.71
5633 14 0.17
5653 27 0.51
5704 20 0.97
5732 22 0.97
5748 28 0.41
5770 24 0.81
5803 10 0.49
5848 23 0.41
5856 26 0.65
5859 15 0.16
5873 9 0.0
5879 13 0.2
5881 8 0.55
5934 10 0.55
5935 18 0.77
5966 13 0.21
5967 5 0.69
5978 12 0.97
5998 21 0.84
6001 29 0.36
6025 15 0.85
6030 14 0.61
6071 6 0.38
6085 2 0.82
6107 7 0.64
6121 14 0.88
6123 25 0.45
6130 17 0.73
6131 6 0.22
6140 25 0.57
6141 29 0.99
6152 9 0.71
6199 9 0.41
6202 12 0.66
6204 25 0.09
6231 17 0.06
6242 24 0.36
6249 26 0.38
6268 18 0.87
6284 8 0.04
6325 7 0.04
6327 24 0.75
6336 13 0.43
6339 13 0.44
6370 12 0.05
6402 20 0.55
6478 1 0.23
6488 1 0.37
6505 25 0.7
6534 21 0.85
6537 7 0.8
6568 12 0.0
6580 29 0.86
6584 15 0.74
6604 0 0.21
6623 14 0.15
6635 23 0.96
6652 21 0.43
6678 29 0.49
6680 23 0.44
6687 9 0.48
6705 29 0.0
6738 10 0.41
6742 20 0.49
6751 6 0.3
6818 14 0.92
6827 9 0.85
6853 22 0.77
6854 3 0.13
6869 22 0.42
6922 23 0.82
6983 21 0.72
6986 23 0.05
7019 29 0.5
7020 6 0.55
7023 25 0.51
7048 1 0.54
7049 8 0.99
7101 29 0.69
7114 29 0.58
7137 4 0.82
7152 21 0.33
7164 0 0.25
7214 28 0.82
7224 27 0.26
7238 9 0.75
7245 28 0.88
7279 2 0.3
7286 5 0.12
7299 25 0.48
7335 8 0.68
7373 26 0.52
7406 15 0.55
7408 29 0.48
7418 2 0.32
7430 17 0.44
7434 10 0.01
7437 1 0.66
7438 13 0.49
7447 11 0.99
7453 11 0.51
7455 18 0.59
7481 2 0.7
7501 11 0.79
7504 29 0.06
7507 17 0.52
7512 29 0.26
7544 8 0.21
7557 2 0.8
7606 3 0.43
7622 26 0.32
7635 20 1.0
7662 12 0.59
7690 17 0.83
7693 15 0.17
7698 17 0.37
7706 20 0.16
7710 3 0.82
7718 24 0.09
7737 17 0.41
7745 20 0.58
7746 2 0.41
7750 26 0.9
7772 8 0.12
7827 27 0.22
7852 0 0.4
7863 22 0.25
7873 8 0.19
7893 27 0.57
7901 27 0.87
7905 7 0.81
7976 23 0.14
7988 7 0.05
7994 29 0.25
7996 19 0.47
8012 21 0.06
8054 1 0.39
8066 19 0.4
8082 8 0.26
8099 8 0.62
8124 20 0.15
8156 4 0.44
8210 23 0.19
8236 9 0.49
8254 9 0.88
8268 5 0.56
8271 15 0.37
8317 18 0.95
8359 12 0.18
8380 15 0.53
8403 20 0.83
8413 28 0.1
8420 20 0.82
8425 20 0.36
8452 4 0.83
8458 12 0.16
8461 18 0.99
8468 11 0.37
8469 22 0.97
8475 13 0.39
8478 2 0.73
8485 26 0.56
8494 6 0.91
8511 26 0.1
8520 5 0.32
8530 16 0.39
8533 20 0.82
8538 15 0.22
8539 24 0.33
8540 4 0.38
8557 17 0.17
8580 4 0.23
8592 14 0.28
8606 4 0.67
8612 26 0.22
8629 4 0.1
8679 17 0.33
8719 9 0.3
8724 2 0.21
8737 25 0.24
8772 15 0.46
8778 20 0.87
8783 22 0.33
8840 12 0.65
8842 0 0.47
8851 26 0.66
8880 28 0.66
8893 12 0.4
8896 11 0.9
8910 17 0.28
8940 18 0.59
8959 9 0.56
8960 22 0.25
8977 5 0.27
8978 4 0.31
9005 6 0.8
9033 11 0.94
9043 0 0.54
9056 23 0.24
9085 26 0.45
9119 8 0.62
9142 10 0.32
9169 22 0.39
9212 29 0.05
9213 1 0.94
9273 5 0.74
9293 3 0.52
9306 1 0.3
9312 28 0.47
9315 6 0.61
9319 18 0.19
9346 17 0.06
9349 0 0.69
9357 8 0.99
9362 25 0.57
9364 25 0.97
9377 29 0.47
9396 19 0.05
9398 16 0.85
9399 13 0.13
9405 28 0.59
9407 7 0.56
9493 28 0.08
9508 2 0.01
9543 18 0.64
9579 3 0.94
9596 10 0.47
9643 4 0.12
9647 0 0.66
9656 8 0.36
9689 6 0.68
9695 1 0.22
9716 4 0.13
9742 15 0.85
9760 19 0.53
9777 4 0.01
9866 13 0.97
9885 28 0.39
9905 10 0.97
9931 7 0.66
9937 25 0.52
9977 18 0.15
9997 18 0.4
10037 12 0.34
10050 9 0.94
10054 27 0.76
10055 15 0.78
10068 11 0.42
10077 13 0.28
10100 26 0.71
10113 25 0.4
10120 1 0.84
10125 18 0.55
10140 28 0.89
10188 1 0.06
10252 21 0.2
10270 6 0.33
10303 6 0.22
10306 7 0.77
10313 1 0.7
10340 21 0.43
10342 18 0.43
10372 26 0.62
10397 13 0.02
10412 6 0.39
10476 5 0.74
10489 14 0.28
10507 8 0.4
10522 6 0.4
10525 25 0.94
10542 19 0.95
10544 21 0.48
10552 14 0.11
10563 9 0.7
10570 1 0.25
10589 6 0.47
10594 12 0.68
10602 17 0.85
10642 2 0.92
10690 2 0.41
10701 26 0.18
10727 15 0.41
10752 29 0.41
10780 12 0.54
10797 18 0.33
10803 6 0.54
10834 0 1.0
10842 3 0.75
10862 9 0.9
10883 3 0.79
10896 10 0.7
10903 2 0.91
10924 20 0.1
10929 26 0.44
10947 29 0.68
10962 18 0.45
11029 23 0.11
11035 5 0.64
11046 19 0.54
11055 18 0.49
11072 5 0.81
11085 4 0.12
11110 6 0.63
11151 19 0.13
11222 19 0.23
11242 9 0.56
11248 15 0.19
11277 2 0.07
11336 0 0.35
11348 19 0.51
11461 7 0.38
11475 1 0.78
11485 21 0.12
11522 2 0.96
11529 28 0.47
11537 23 0.16
11542 1 0.14
11589 3 0.47
11601 28 0.6
11628 3 0.65
11635 4 0.12
11648 8 0.91
11652 8 0.68
11659 0 0.22
11691 5 0.27
11696 18 0.58
11698 13 0.49
11702 29 0.23
11721 5 0.0
11728 27 0.93
11734 26 0.21
11745 13 0.36
11759 23 0.26
11772 8 0.44
11780 21 0.57
11790 6 0.09
11800 20 0.16
11842 2 0.14
11850 5 0.43
11870 18 0.31
11887 26 0.47
11907 21 0.96
11927 19 0.79
11930 14 0.79
11949 12 0.19
11959 8 0.09
11960 0 0.75
11969 6 0.52
11986 9 0.12
11991 14 0.72
11996 17 0.28
12022 7 0.77
12032 11 0.35
12035 3 0.85
12063 21 0.81
12069 7 0.62
12074 5 0.38
12080 22 0.49
12088 23 0.68
12092 13 0.32
12103 20 0.58
12108 24 0.87
12113 20 0.28
12119 23 0.79
12158 5 0.03
12183 19 0.6
12184 22 0.84
12199 23 0.74
12208 17 0.75
12228 23 0.06
12232 28 0.79
12272 26 0.36
12278 27 0.96
12290 3 0.53
12301 2 0.39
12302 19 0.37
12316 16 0.15
12361 15 0.83
12381 3 0.66
12404 28 0.85
12434 7 0.79
12467 21 0.47
12527 25 0.83
12543 8 0.66
12563 11 0.53
12579 25 0.83
12580 23 0.7
12608 7 0.04
12610 1 0.32
12624 19 0.55
12637 13 0.8
12661 21 0.0
12688 28 0.63
12700 1 0.95
12718 16 0.1
12733 14 0.31
12739 24 0.02
12743 26 0.15
12751 13 0.73
12764 4 0.02
12773 16 0.18
12787 8 1.0
12795 6 0.46
12817 13 0.78
12835 6 0.11
12873 9 0.73
12877 13 0.32
12890 3 0.62
12908 0 0.49
12943 14 0.01
12972 18 0.64
12973 9 0.44
13006 3 0.03
13029 15 0.17
13035 14 0.08
13040 3 0.17
13049 5 0.6
13062 1 0.5
13079 16 0.05
13130 24 0.02
13133 9 0.21
13144 13 0.67
13166 20 0.71
13175 10 0.41
13198 7 0.33
13237 4 0.99
13257 15 0.33
13270 2 0.79
13282 7 0.44
13293 24 0.89
13302 24 0.48
13323 22 0.06
13372 7 0.83
13404 15 0.95
13406 12 0.33
13419 12 0.95
13447 12 0.64
13484 19 0.56
13490 11 0.04
13508 15 0.69
13542 10 0.79
13549 5 0.58
13559 19 0.88
13603 26 0.44
13621 27 0.57
13623 16 0.59
13624 14 0.06
13634 25 0.93
13679 24 0.91
13710 0 0.3
13716 27 0.61
13732 6 0.68
13767 7 0.12
13770 28 0.55
13801 25 0.26
13834 10 0.18
13839 28 0.36
13848 18 0.81
13874 27 0.32
13878 11 0.75
13885 24 0.2
13925 7 0.65
13931 2 0.16
13948 5 0.81
13959 28 0.77
13975 0 0.89
14014 5 0.37
14021 17 0.83
14043 16 0.29
14068 9 0.88
14105 4 0.04
14112 16 0.24
14161 27 0.23
14182 11 0.22
14190 3 0.99
14226 20 0.22
14231 11 0.11
14235 18 0.8
14239 1 0.99
14263 21 0.39
14282 19 0.56
14327 9 0.19
14362 17 0.51
14382 7 0.65
14455 18 0.15
14490 6 0.74
14506 14 0.47
14511 5 0.72
14523 23 0.19
14538 21 0.05
14551 24 0.79
14555 4 0.37
14613 24 0.37
14663 25 0.86
14679 16 0.87
14685 25 0.59
14736 22 0.26
14747 21 0.34
14776 9 0.46
14778 20 0.17
14806 23 0.66
14845 15 0.96
14896 17 0.9
14919 10 0.8
14929 26 0.91
14940 9 0.23
14944 26 0.71
14950 14 0.76
14965 22 0.94
14987 12 0.92
14998 11 0.71
15019 18 0.03
15023 21 0.85
15083 21 0.9
15086 3 0.78
15090 12 0.15
15096 4 0.83
15127 12 0.81
15133 3 0.36
15147 0 0.93
15148 23 0.06
15187 8 0.82
15195 16 0.72
15225 26 0.45
15226 4 0.38
15248 23 0.04
15249 13 0.43
15257 21 0.56
15287 4 0.71
15313 12 0.12
15328 3 0.05
15341 3 0.4
15385 3 0.99
15392 17 0.27
15413 8 0.36
15432 8 0.17
15450 25 0.82
15465 4 0.17
15467 1 0.17
15476 14 0.3
15519 3 0.63
15532 27 0.99
15536 22 0.09
15553 12 0.34
15557 16 0.6
15562 2 0.63
15576 19 0.91
15582 17 0.72
15614 17 0.07
15624 29 0.62
15635 21 0.87
15673 16 0.45
15674 12 0.87
15682 14 0.96
15692 6 0.56
15701 23 0.59
15703 24 0.04
15722 19 0.05
15751 17 0.32
15765 18 0.39
15785 7 0.53
15805 29 0.46
15852 4 0.39
15857 13 0.03
15872 24 0.78
15878 8 0.56
15890 29 0.51
15953 18 0.59
15965 18 0.97
16007 11 0.45
16054 16 0.7
16058 19 0.63
16083 1 0.09
16091 18 0.83
16125 27 0.94
16195 15 0.02
16204 7 0.08
16208 16 0.71
16247 13 0.65
16274 28 0.63
16283 23 0.4
16311 13 0.48
16322 9 0.8
16324 22 0.83
16328 4 0.31
16336 19 0.99
16358 17 0.91
16359 10 0.74
16364 5 0.88
16374 23 0.17
16428 24 0.68
16485 21 0.33
16534 24 0.4
16540 24 0.93
16546 25 0.67
16568 14 0.6
16578 0 0.91
16585 26 0.37
16605 7 0.71
16608 14 0.7
16622 13 0.98
16626 28 0.27
16669 16 0.5
16673 25 0.9
16681 17 0.23
16720 2 0.83
16738 5 0.48
16759 14 0.21
16768 24 0.46
16779 11 0.23
16787 2 0.28
16794 17 0.69
16797 19 0.64
16810 18 0.2
16817 19 0.62
16819 27 0.56
16828 24 0.07
16890 14 0.65
16922 17 0.69
16930 15 0.1
16933 21 0.08
16936 8 0.57
16952 3 0.66
16983 25 0.59
17014 7 0.69
17054 15 0.6
17057 4 0.41
17062 0 0.55
17073 7 0.63
17078 8 0.01
17084 4 0.56
17106 29 0.84
17131 16 0.17
17135 15 0.39
17169 29 0.62
17182 16 0.86
17205 29 0.39
17216 16 0.66
17234 24 0.08
17239 22 0.82
17257 4 0.8
17262 9 0.06
17313 29 0.45
17333 2 0.77
17346 25 0.18
17358 18 0.68
17361 13 0.15
17362 23 0.15
17368 26 0.25
17372 1 0.55
17397 5 0.03
17427 2 0.76
17433 22 0.29
17438 15 0.31
17442 17 0.27
17464 11 0.24
17471 25 0.83
17472 9 0.73
17479 15 0.14
17481 10 0.2
17483 14 0.11
17500 22 0.19
17501 27 0.77
17509 29 0.88
17516 28 0.94
17552 15 0.44
17566 5 0.48
17597 4 0.61
17605 15 0.73
17620 11 0.05
17625 6 0.53
17638 17 0.1
17653 1 0.04
17686 19 0.21
17687 24 0.52
17692 23 0.48
17704 24 0.63
17719 18 0.59
17731 21 0.73
17735 14 0.12
17741 22 0.75
17753 16 0.05
17755 6 0.81
17759 1 0.16
17776 21 0.48
17811 5 0.28
17826 23 0.92
17838 25 0.03
17851 2 0.09
17867 22 0.71
17870 16 0.13
17881 0 0.52
17891 5 0.66
17912 15 0.64
17937 20 0.57
17939 0 0.86
17940 8 0.8
17962 19 0.28
17982 26 0.67
18032 3 1.0
18035 7 0.85
18043 26 0.38
18054 19 0.27
18056 13 0.66
18084 8 0.87
18090 7 0.54
18093 29 0.83
18235 25 0.37
18239 14 0.89
18258 11 0.34
18309 15 0.75
18325 22 0.05
18344 20 0.79
18357 18 0.93
18373 2 0.55
18444 29 0.12
18515 0 0.21
18524 11 0.7
18530 0 0.11
18538 13 0.95
18558 11 0.14
18575 13 0.63
18582 10 0.72
18592 26 0.08
18619 19 0.95
18637 20 0.02
18639 11 0.98
18650 12 0.63
18706 28 0.4
18719 29 0.63
18720 13 0.17
18750 29 0.92
18761 10 0.93
18762 26 0.35
18764 11 0.66
18769 27 0.18
18783 25 0.57
18865 9 0.17
18871 24 0.26
18908 24 0.38
18910 18 0.57
18950 4 0.27
18960 0 0.85
19008 3 0.1
19109 7 0.82
19110 23 0.42
19120 15 0.54
19144 15 0.31
19155 22 0.97
19172 24 0.55
19181 20 0.1
19183 16 0.17
19206 16 0.41
19239 19 0.69
19307 7 0.91
19328 5 0.98
19406 1 0.45
19419 5 0.07
19498 25 0.77
19500 17 0.65
19522 10 0.26
19605 4 0.53
19614 26 0.12
19627 0 0.57
19706 29 0.29
19714 16 0.25
19730 27 0.84
19735 14 0.39
19749 26 0.08
19750 16 0.29
19761 10 0.04
19788 14 0.09
19847 14 0.02
19850 26 0.94
19871 4 0.07
19884 16 0.88
19894 21 0.66
19913 0 0.26
19939 14 0.47
19951 28 0.73
19978 29 0.02
20023 4 0.21
20024 26 0.97
20025 18 0.49
20030 22 0.41
20048 16 0.09
20073 2 0.0
20110 19 0.62
20128 14 0.33
20135 10 0.19
20153 20 0.59
20207 22 0.57
20247 15 0.92
20253 3 0.54
20261 4 0.68
20268 26 0.51
20362 2 0.58
20384 26 0.46
20391 21 0.1
20399 27 0.95
20407 9 0.4
20446 1 0.13
20460 3 0.87
20486 27 0.3
20494 29 0.85
20509 9 0.1
20519 2 0.35
20540 14 0.42
20547 4 0.44
20582 17 0.62
20599 15 0.86
20672 11 0.95
20677 18 0.87
20689 16 0.19
20701 8 0.96
20748 3 0.53
20781 26 0.62
20786 23 0.25
20805 5 0.64
20809 7 0.57
20811 6 0.52
20840 26 0.55
20886 21 0.38
20917 26 0.76
20936 23 0.31
21008 14 0.1
21009 27 0.24
21059 29 0.67
21063 8 0.67
21095 28 0.78
21103 16 0.83
21110 7 0.55
21125 24 0.47
21221 7 0.87
21240 19 0.58
21245 11 0.17
21247 13 0.41
21251 24 0.04
21271 3 0.76
21299 0 0.41
21301 13 0.56
21396 20 0.72
21427 8 0.06
21442 23 0.55
21453 10 0.37
21484 23 0.18
21494 23 0.63
21526 1 0.2
21544 1 0.79
21547 2 0.08
21566 1 0.91
21567 7 0.05
21601 18 0.34
21604 14 0.12
21612 26 0.83
21620 19 0.19
21622 1 0.89
21665 19 0.74
21686 4 0.54
21689 19 0.53
21708 18 0.73
21731 8 0.46
21756 20 0.06
21778 13 0.91
21780 11 0.36
21799 24 0.9
21835 28 0.66
21846 2 0.96
21847 18 0.3
21860 13 0.71
21870 0 0.17
21877 3 0.61
21883 17 1.0
21909 9 0.39
21916 28 0.66
21924 10 0.64
21938 16 0.1
21975 22 0.38
22045 9 0.13
22058 21 0.46
22059 24 0.2
22063 21 0.84
22102 8 0.41
22116 17 0.29
22129 14 0.91
22139 26 0.79
22146 3 0.31
22180 2 0.78
22189 5 0.33
22201 25 0.32
22238 21 0.65
22257 20 0.21
22310 2 0.71
22325 7 0.41
22330 26 0.74
22387 8 0.51
22389 4 0.68
22412 28 0.62
22430 16 0.08
22443 16 0.29
22444 13 0.88
22463 22 0.17
22476 22 0.86
22481 1 0.18
22568 11 0.62
22602 23 0.47
22622 25 0.37
22623 8 0.52
22657 18 0.32
22660 24 0.71
22661 26 1.0
22664 26 0.38
22672 6 0.79
22678 23 0.63
22681 22 0.29
22683 12 0.69
22696 17 0.77
22732 27 0.92
22747 15 0.08
22748 15 0.7
22755 5 0.9
22780 4 0.78
22791 6 0.67
22795 14 0.02
22802 28 0.54
22803 5 0.81
22838 27 0.31
22840 5 0.04
22852 6 0.01
22862 25 0.94
22927 21 0.98
22938 5 0.97
22939 6 0.06
22951 13 0.82
22953 22 0.07
22968 16 0.01
23018 16 0.13
23028 13 0.9
23080 12 0.8
23110 4 0.3
23122 4 0.77
23132 28 1.0
23163 26 0.53
23189 20 0.4
23192 3 0.83
23244 17 0.13
23262 6 0.58
23298 26 0.22
23305 10 0.17
23321 4 0.02
23329 22 0.25
23332 6 0.21
23338 26 0.22
23359 13 0.55
23392 5 0.88
23416 20 0.95
23443 2 0.98
23451 13 0.97
23460 3 0.38
23474 3 0.25
23481 10 0.54
23496 23 0.27
23533 5 0.76
23535 29 0.88
23583 6 0.05
23585 17 0.28
23587 16 0.62
23597 1 0.15
23607 13 0.65
23662 16 0.29
23689 0 0.86
23733 17 0.34
23750 21 0.1
23754 27 0.38
23776 4 0.24
23786 13 0.47
23800 26 0.59
23817 22 0.44
23848 24 0.87
23849 5 0.29
23872 24 0.59
23895 11 0.23
23897 26 0.67
23899 15 0.22
23913 9 0.5
23932 28 0.23
23954 18 0.2
23957 29 0.38
23963 1 0.41
23981 10 0.58
24040 24 0.82
24054 18 0.72
24078 9 0.31
24082 23 0.16
24144 15 0.13
24158 28 0.02
24189 25 0.46
24210 26 0.23
24244 3 0.14
24248 22 0.55
24303 14 0.82
24346 12 0.69
24348 23 0.49
24351 20 0.44
24352 6 0.65
24390 16 0.68
24391 29 0.98
24394 13 0.9
24397 15 0.87
24400 12 0.64
24403 21 0.38
24406 4 0.73
24437 2 0.41
24459 26 0.61
24480 21 0.02
24484 7 0.47
24497 2 0.19
24504 3 0.02
24560 26 0.17
24638 4 0.92
24644 25 0.15
24674 7 0.73
24676 1 0.56
24678 25 0.33
24757 26 0.29
24758 5 0.95
24777 21 0.19
24782 3 0.61
24793 18 0.56
24797 15 0.22
24802 0 0.95
24810 24 0.43
24812 15 0.17
24882 10 0.82
24883 14 0.27
24921 15 0.27
24929 18 0.53
24932 20 0.82
24945 9 0.6
24950 22 0.54
24981 23 0.39
24992 13 0.29
24997 20 0.45
