1 23 0.7
6 11 0.01
10 5 0.23
15 0 0.55
22 5 0.05
40 19 0.65
43 14 0.27
57 29 0.91
74 15 0.65
82 12 0.75
86 2 0.79
90 22 0.47
96 24 0.57
109 10 0.93
116 27 0.49
119 2 0.51
122 7 0.0
134 19 0.49
141 16 0.93
161 3 0.04
177 15 0.39
188 9 0.89
195 14 0.04
204 15 0.6
214 12 0.13
241 16 0.95
272 14 0.34
289 20 0.16
296 25 0.55
301 13 0.61
304 5 0.54
332 29 0.24
338 24 0.34
347 16 0.89
349 26 0.78
352 7 0.76
411 9 0.9
419 24 0.11
423 1 0.51
427 26 0.66
444 6 0.29
479 2 0.2
485 29 0.08
488 14 0.81
491 5 0.99
507 10 0.83
508 10 0.36
511 21 0.07
522 24 0.5
525 10 0.73
526 6 0.75
527 27 0.76
546 23 0.42
547 16 0.49
551 24 0.9
558 5 0.72
580 7 0.19
590 15 0.1
610 22 0.95
630 28 0.25
633 21 0.18
646 15 0.98
681 29 0.97
710 6 0.82
722 28 0.56
727 20 0.3
731 15 0.93
732 3 0.0
733 25 0.88
741 15 0.19
755 25 0.18
758 5 0.98
767 17 0.99
770 29 0.64
787 14 0.57
800 19 0.07
802 14 0.43
830 17 0.67
834 9 0.98
845 28 0.63
878 18 0.01
881 11 0.89
896 8 0.12
903 28 0.02
907 15 0.24
908 25 0.08
912 11 0.32
914 1 0.02
929 9 0.24
950 19 0.35
966 5 0.28
981 7 0.58
983 25 0.87
986 27 0.63
995 20 0.06
996 26 0.54
1006 23 0.76
1015 18 0.73
1030 17 0.71
1032 4 0.41
1033 28 0.99
1044 1 0.52
1049 3 0.32
1056 0 0.44
1058 26 0.14
1059 1 0.87
1064 28 0.62
1077 9 0.12
1103 19 0.93
1104 22 0.23
1112 28 0.38
1116 18 0.39
1121 0 0.03
1130 3 0.9
1140 17 0.01
1152 3 0.38
1155 25 0.08
1158 5 0.31
1166 22 0.25
1167 26 0.77
1172 12 0.08
1179 13 0.36
1185 26 0.07
1190 2 0.05
1196 22 0.86
1197 16 0.49
1211 8 0.93
1222 18 0.92
1237 1 0.3
1269 27 0.99
1301 1 0.77
1302 4 0.2
1311 22 0.98
1314 14 0.12
1315 26 0.44
1345 8 0.11
1350 22 0.65
1360 2 0.35
1371 14 0.21
1372 15 0.18
1381 9 0.62
1384 22 0.04
1401 9 0.1
1410 14 0.91
1425 10 0.2
1430 6 0.47
1457 24 0.15
1460 7 0.24
1461 19 0.96
1462 25 0.27
1471 18 0.62
1489 25 0.21
1501 16 0.88
1508 6 0.37
1512 19 0.51
1525 10 0.98
1539 6 0.15
1542 10 0.04
1544 29 0.23
1547 29 0.88
1558 1 0.89
1559 10 0.83
1566 27 0.6
1568 9 0.92
1604 24 0.62
1619 11 0.8
1637 12 0.8
1639 29 0.75
1642 25 0.62
1654 27 0.11
1656 24 0.05
1661 23 0.36
1670 19 0.24
1675 7 0.14
1682 9 0.02
1686 11 0.48
1700 24 0.93
1701 29 0.31
1708 18 0.16
1718 18 0.31
1744 8 0.66
1752 3 0.28
1754 20 0.1
1756 11 0.78
1758 16 0.07
1763 8 0.51
1776 3 0.19
1778 14 0.42
1799 4 0.04
1800 1 0.72
1809 5 0.79
1820 23 0.42
1824 18 0.93
1836 3 0.25
1838 0 0.33
1851 19 0.0
1877 9 0.27
1880 1 0.27
1885 26 0.67
1920 28 0.39
1923 17 0.93
1924 21 0.6
1926 23 0.96
1943 14 0.77
1948 6 0.34
1959 4 0.31
1978 23 0.58
1979 28 0.24
1986 23 0.2
1989 22 0.23
2014 5 0.19
2033 24 0.64
2038 15 0.58
2048 9 0.16
2077 5 0.38
2078 13 0.93
2079 29 0.46
2080 22 0.34
2081 12 0.82
2087 8 0.27
2091 12 0.05
2103 12 0.11
2107 28 0.79
2120 15 0.61
2122 25 0.09
2124 23 0.02
2150 0 0.53
2152 26 0.14
2153 9 0.93
2161 26 0.15
2165 3 0.27
2167 20 0.77
2220 20 0.96
2224 0 0.49
2225 9 0.33
2269 5 0.41
2290 8 0.46
2292 5 0.72
2293 13 0.57
2326 29 0.07
2328 19 0.22
2341 15 0.48
2366 29 0.62
2374 18 0.12
2375 27 0.52
2381 20 0.44
2391 11 0.63
2405 25 0.69
2413 24 0.53
2435 23 0.87
2448 11 0.23
2452 2 0.17
2482 16 0.27
2484 20 0.8
