5 18 0.09
7 5 0.88
16 19 0.75
20 22 0.46
25 10 0.3
26 21 0.31
32 2 0.67
35 16 0.98
39 24 0.56
43 27 0.69
48 17 0.91
52 21 0.44
54 28 0.63
57 8 0.9
59 3 0.04
60 17 0.8
73 6 0.63
76 11 0.43
78 28 0.86
79 24 0.33
81 16 0.85
82 24 0.66
86 25 0.26
87 10 0.95
88 17 0.07
93 4 0.89
97 21 0.86
98 6 0.48
99 15 0.95
105 15 0.07
113 18 0.47
114 24 0.96
115 0 0.36
118 9 0.44
120 22 0.36
122 23 0.83
124 7 0.63
129 20 0.18
135 25 0.45
136 22 0.06
138 22 0.83
144 8 0.39
146 25 0.14
148 6 0.74
150 8 0.6
151 19 0.57
155 13 0.05
160 13 0.72
165 0 0.95
172 25 0.79
173 10 0.27
184 3 0.14
187 25 0.19
200 9 0.71
201 5 0.75
209 24 0.42
211 13 0.73
216 11 0.71
217 17 0.79
219 21 0.25
221 1 0.3
228 27 0.61
233 2 0.32
235 28 0.22
240 19 0.38
243 20 0.38
256 23 0.12
259 21 0.41
261 8 0.15
265 19 0.66
266 12 0.09
268 10 0.63
271 21 0.59
281 9 0.75
285 26 0.65
288 21 0.66
289 28 0.84
290 29 0.4
292 11 0.47
293 2 0.44
297 27 0.75
300 29 0.69
301 14 0.74
303 5 0.71
304 7 0.8
307 18 0.39
309 7 0.04
311 15 0.32
314 9 0.5
320 23 0.7
322 2 0.52
335 23 0.91
338 18 0.26
339 24 0.61
341 22 0.77
349 29 0.01
351 11 0.89
354 2 0.69
367 26 0.89
370 26 0.45
377 1 0.7
378 8 0.67
383 10 0.19
387 15 0.61
388 26 0.55
394 27 0.25
395 27 0.46
404 16 0.86
406 7 0.84
407 16 0.16
413 8 0.24
416 23 0.99
418 10 0.55
422 18 0.49
424 8 0.07
427 25 0.7
440 1 0.47
442 14 0.9
461 12 0.7
462 22 0.76
464 20 0.95
471 12 0.0
481 13 0.57
486 27 0.29
488 17 0.15
490 1 0.8
493 10 0.35
497 9 0.66
499 17 0.74
500 18 0.45
505 21 0.46
507 18 0.65
511 4 0.56
520 11 0.08
525 8 0.12
538 15 0.5
539 3 0.68
543 28 0.83
548 19 0.06
551 10 0.41
553 7 0.95
557 15 0.49
561 12 0.71
563 23 0.35
565 3 0.56
569 7 0.06
571 7 0.97
572 24 0.87
573 4 0.7
576 26 0.65
583 29 0.8
586 12 0.45
589 23 0.38
593 13 0.52
599 29 0.9
600 1 0.79
602 11 0.14
605 17 0.1
608 1 0.94
614 9 0.74
615 18 0.63
617 17 0.66
620 6 0.97
621 4 0.79
622 21 0.36
624 17 0.49
628 21 0.27
632 23 0.62
636 2 0.33
638 25 0.76
640 3 0.2
645 28 0.16
647 5 0.7
649 26 0.7
650 5 0.1
655 15 0.74
662 0 0.02
666 5 0.81
673 5 0.88
678 26 0.07
681 5 0.7
694 15 0.53
697 2 0.05
703 15 0.37
704 24 0.86
711 29 0.85
713 18 0.18
719 4 0.51
721 6 0.57
724 7 0.48
725 1 0.11
730 24 0.56
736 16 0.11
742 21 0.4
745 3 0.29
757 27 0.4
765 17 0.65
766 26 0.21
769 25 0.71
771 28 0.97
772 15 0.83
777 11 0.92
778 20 0.52
783 14 0.9
789 24 1.0
797 29 0.75
799 1 0.1
807 28 0.11
810 27 0.86
815 20 0.36
822 29 0.71
823 9 0.49
826 3 0.56
827 0 0.83
837 5 0.87
838 17 0.8
840 23 0.01
842 2 0.19
845 11 0.47
855 12 0.36
856 16 0.76
858 29 0.06
861 17 0.49
866 24 0.25
873 21 0.13
875 6 0.28
878 28 0.02
881 2 0.72
885 20 0.55
886 4 0.24
889 27 0.89
892 9 0.42
904 5 0.99
905 13 0.91
911 21 0.54
912 6 0.3
922 10 0.51
932 26 0.43
939 5 0.88
940 25 0.1
945 5 0.75
947 22 0.5
953 21 0.4
958 19 0.81
961 9 0.28
964 8 0.08
967 21 0.51
981 18 0.83
984 13 0.21
987 2 0.32
996 13 0.13
999 22 0.4
1006 7 0.61
1008 18 0.4
1011 10 0.78
1013 6 0.21
1020 9 0.92
1024 15 0.96
1028 13 0.94
1034 25 0.32
1040 12 0.18
1041 1 0.36
1043 26 0.53
1044 19 0.2
1052 22 0.75
1054 19 0.4
1060 20 0.81
1072 28 0.75
1074 27 0.53
1075 15 0.04
1076 11 0.64
1077 29 0.66
1081 2 0.26
1083 14 0.45
1090 7 0.65
1097 17 0.14
1098 19 0.05
1101 7 0.6
1102 19 0.83
1103 2 0.55
1109 10 0.72
1119 14 0.63
1120 1 0.84
1125 3 0.34
1146 18 0.71
1150 12 0.35
1152 1 0.07
1157 17 0.65
1158 9 0.39
1161 29 0.06
1163 14 0.64
1164 5 0.63
1166 26 0.22
1167 18 0.09
1169 16 0.79
1176 7 0.86
1177 14 0.44
1181 22 0.06
1183 24 0.9
1188 16 0.71
1191 1 0.55
1193 16 0.7
1195 16 0.62
1196 6 0.5
1199 26 0.33
1202 17 0.87
1205 22 0.68
1208 29 0.46
1210 20 0.82
1211 16 0.82
1213 27 0.41
1216 29 0.9
1219 15 0.46
1225 12 0.3
1236 28 0.56
1240 22 0.63
1242 14 0.03
1244 20 0.24
1245 20 0.35
1253 16 0.22
1255 18 0.41
1256 29 0.02
1263 22 0.49
1265 28 0.31
1273 5 0.38
1276 10 0.99
1286 13 0.21
1287 8 0.02
1290 14 0.05
1291 2 0.74
1297 7 0.43
1300 24 0.18
1303 17 0.43
1305 27 0.54
1309 24 0.48
1311 15 0.52
1314 13 0.88
1315 17 0.3
1316 2 0.66
1322 25 0.83
1328 16 0.88
1330 14 0.11
1333 24 0.67
1334 27 0.26
1338 7 0.42
1340 15 0.44
1345 20 0.61
1346 10 0.02
1347 23 0.94
1352 23 0.21
1353 18 0.37
1356 18 0.17
1357 17 0.87
1360 5 0.85
1364 26 0.63
1373 26 0.02
1374 13 0.07
1377 26 0.11
1382 29 0.94
1383 0 0.83
1394 15 0.76
1397 7 0.16
1415 28 0.41
1422 20 0.29
1424 10 0.77
1425 0 0.08
1432 27 0.93
1444 9 0.65
1447 27 0.89
1451 14 0.57
1457 24 0.11
1468 16 0.92
1470 12 0.1
1473 13 0.59
1477 5 0.84
1478 21 0.98
1482 0 0.65
1483 15 0.15
1484 12 0.86
1491 21 0.93
1494 13 0.38
1496 8 0.1
1498 14 0.66
1500 16 0.84
1515 4 0.15
1520 3 0.53
1526 26 0.38
1529 29 0.38
1533 2 0.23
1535 18 0.66
1540 1 0.35
1542 19 0.03
1552 28 0.02
1561 25 0.36
1562 6 0.09
1564 21 0.49
1571 1 0.35
1572 0 0.59
1573 0 0.08
1575 17 0.55
1578 23 0.13
1600 2 0.85
1601 6 0.55
1606 16 0.85
1611 4 0.8
1618 18 0.71
1619 2 0.46
1620 18 0.97
1621 14 0.28
1624 21 0.0
1625 11 0.13
1630 7 0.16
1636 24 0.96
1641 25 0.82
1643 10 0.16
1646 25 0.47
1648 18 0.03
1650 16 0.04
1651 15 0.58
1652 24 0.62
1656 17 0.92
1662 7 0.23
1665 22 0.57
1671 22 0.13
1685 7 0.85
1690 6 0.49
1691 4 0.04
1699 18 0.36
1701 4 0.27
1710 7 0.38
1719 27 0.27
1725 11 0.22
1728 27 0.36
1729 5 0.47
1730 10 0.46
1735 2 0.87
1744 14 0.54
1745 14 0.06
1746 25 0.3
1751 23 0.25
1754 25 0.47
1759 8 0.49
1765 21 0.01
1766 27 0.82
1773 25 0.97
1774 26 0.03
1781 3 0.49
1795 6 0.08
1797 27 0.07
1798 22 0.31
1805 14 0.39
1808 22 0.39
1811 28 0.4
1820 21 0.8
1826 0 0.77
1829 28 0.3
1833 21 0.08
1834 22 0.64
1840 19 0.32
1843 5 0.92
1848 4 0.34
1849 3 0.77
1855 3 0.52
1856 8 0.31
1857 0 0.9
1859 20 0.24
1863 29 0.52
1873 19 0.87
1875 25 0.54
1881 5 0.47
1882 3 0.65
1888 1 0.93
1889 26 0.54
1891 26 0.41
1894 19 0.87
1897 1 0.82
1901 8 0.25
1902 21 0.6
1910 27 0.81
1911 29 0.27
1919 23 0.15
1922 12 0.71
1924 25 0.8
1931 15 0.8
1941 3 0.85
1942 17 0.23
1948 20 0.92
1952 10 0.89
1956 11 0.35
1957 26 0.1
1960 27 0.36
1961 10 0.61
1965 10 0.86
1981 4 0.79
1984 10 0.95
1988 4 0.5
1989 4 0.89
1992 24 0.2
2004 11 0.29
2006 25 0.24
2010 12 0.52
2013 28 0.14
2014 1 0.03
2015 27 0.78
2016 15 0.39
2017 16 0.43
2020 20 0.46
2025 2 0.8
2028 12 0.13
2031 0 0.97
2032 27 0.29
2035 6 0.99
2045 25 0.5
2049 18 0.21
2051 24 0.41
2052 15 0.17
2054 25 0.43
2055 15 0.82
2059 27 0.76
2062 12 0.74
2065 13 0.07
2068 17 0.7
2072 23 0.5
2075 18 0.65
2083 29 0.31
2085 26 0.68
2089 29 0.07
2092 25 0.59
2097 21 0.01
2105 22 0.57
2111 8 0.93
2113 16 0.95
2118 2 0.15
2121 2 0.12
2122 11 0.75
2123 21 0.38
2124 6 0.54
2128 29 0.73
2132 20 0.73
2136 20 0.3
2137 14 0.42
2138 10 0.61
2140 25 0.27
2141 29 0.81
2148 11 0.06
2151 29 0.88
2160 2 0.83
2162 20 0.07
2171 27 0.33
2174 22 0.51
2176 1 0.0
2181 9 0.37
2185 24 0.07
2186 21 0.39
2193 24 0.87
2197 21 0.0
2199 9 0.04
2201 13 0.43
2205 23 0.57
2207 21 0.65
2210 15 0.69
2215 3 0.48
2217 20 0.27
2225 6 0.65
2227 4 0.28
2233 22 0.84
2253 17 0.19
2259 3 0.06
2261 28 0.26
2262 21 0.11
2264 11 0.59
2265 8 0.66
2268 2 0.16
2272 26 0.06
2277 8 0.07
2279 15 0.3
2284 8 0.7
2285 24 0.34
2288 2 0.9
2290 17 0.77
2291 0 0.42
2294 18 0.57
2296 25 0.28
2298 6 0.09
2301 0 0.32
2309 16 0.44
2311 20 0.73
2313 7 0.29
2324 14 0.46
2329 11 0.35
2332 8 0.99
2336 20 0.44
2347 13 0.24
2349 18 0.27
2357 6 0.49
2360 15 0.55
2361 27 0.59
2362 15 0.48
2369 8 0.6
2372 10 0.3
2374 9 0.7
2375 5 0.75
2378 9 0.92
2379 10 0.51
2381 25 0.58
2384 24 0.57
2387 14 0.44
2395 7 0.18
2397 20 0.55
2410 26 0.27
2411 2 0.49
2413 1 0.04
2416 22 0.19
2432 27 0.79
2433 6 0.91
2437 5 0.98
2438 10 0.23
2440 22 0.45
2445 4 0.26
2448 2 0.34
2458 20 0.18
2461 28 0.04
2466 23 0.37
2468 5 0.84
2470 19 0.28
2481 14 0.12
2495 19 0.4
2497 12 0.04
2498 11 0.46
2500 4 0.76
2504 18 0.66
2506 29 0.86
2509 1 0.17
2520 1 0.63
2523 14 0.76
2527 26 0.48
2529 27 0.2
2537 22 0.27
2540 8 0.87
2542 0 0.18
2547 1 0.38
2556 4 0.46
2558 22 0.73
2560 13 0.47
2568 10 0.65
2569 13 0.38
2570 24 0.91
2573 4 0.1
2584 15 0.01
2585 9 0.43
2596 14 0.2
2597 10 0.84
2599 15 0.23
2606 20 0.31
2607 4 0.05
2610 17 0.09
2611 29 0.44
2613 28 0.0
2616 8 0.74
2617 22 0.48
2626 28 0.96
2633 11 0.51
2639 8 0.22
2641 20 0.4
2647 17 0.37
2650 15 0.96
2651 16 0.6
2656 27 0.15
2658 25 0.13
2661 3 0.71
2668 22 0.47
2669 26 0.05
2670 15 0.43
2674 22 0.42
2675 27 0.94
2676 2 0.68
2677 27 0.53
2684 8 0.23
2688 6 0.39
2690 27 0.08
2694 20 0.49
2695 27 0.25
2701 21 0.9
2702 10 0.18
2708 26 0.19
2709 29 0.04
2716 9 0.9
2721 9 0.29
2723 27 0.78
2724 29 0.99
2729 27 0.99
2731 19 0.6
2734 13 0.46
2739 5 0.73
2740 2 0.76
2743 24 0.51
2745 5 0.47
2750 10 0.38
2758 18 0.83
2771 20 0.15
2772 9 0.72
2776 17 0.29
2783 15 0.34
2786 25 0.24
2790 6 0.44
2792 21 0.28
2797 7 0.61
2798 12 0.52
2800 9 0.71
2803 16 0.93
2806 22 0.44
2807 16 0.15
2809 3 0.49
2810 27 0.95
2815 24 0.13
2816 9 0.19
2818 11 0.86
2823 28 0.54
2829 23 0.76
2838 17 0.94
2839 23 0.68
2840 23 0.09
2843 10 0.02
2844 4 0.92
2845 27 0.03
2853 19 0.64
2854 21 0.62
2855 24 0.73
2856 26 0.3
2859 8 0.61
2862 4 0.07
2871 9 0.83
2874 20 0.86
2876 22 0.97
2882 4 0.63
2903 24 0.7
2904 23 0.06
2908 28 0.56
2911 21 0.43
2913 17 0.68
2916 18 0.93
2919 28 0.19
2921 27 0.77
2925 2 0.37
2931 25 0.8
2934 19 1.0
2939 22 0.69
2940 19 0.98
2943 4 0.66
2945 26 0.41
2946 18 0.67
2949 21 0.22
2951 10 0.21
2953 6 0.41
2956 9 0.38
2962 21 0.99
2968 7 0.56
2972 0 0.98
2985 24 0.88
2987 27 0.09
2990 17 0.22
2991 25 0.15
2993 11 0.69
2995 5 0.61
2998 1 0.22
3002 29 0.35
3006 6 0.09
3007 4 0.99
3019 28 0.11
3022 29 0.03
3025 21 0.51
3037 14 0.74
3038 17 0.96
3041 14 0.63
3042 13 0.07
3046 27 0.71
3048 6 0.41
3051 3 0.48
3054 17 0.76
3055 6 0.92
3056 7 0.6
3062 10 0.16
3067 13 0.44
3071 14 1.0
3072 16 0.31
3073 15 0.33
3080 28 0.77
3082 17 0.35
3084 15 0.26
3088 23 0.14
3100 2 0.46
3101 14 0.73
3104 23 0.76
3105 7 0.09
3106 23 0.72
3110 8 0.85
3111 0 0.67
3114 21 0.0
3119 27 0.39
3120 17 0.59
3127 2 0.65
3130 7 0.24
3136 11 0.32
3141 9 0.57
3151 10 0.92
3152 25 0.45
3153 1 0.27
3159 18 0.72
3160 23 0.73
3161 27 0.49
3162 4 0.41
3165 12 0.31
3166 17 0.63
3167 15 0.36
3183 5 0.09
3187 23 0.13
3188 18 0.43
3192 7 0.92
3195 27 0.08
3197 4 0.87
3199 5 0.13
3201 4 0.84
3206 2 0.9
3207 28 0.15
3216 5 0.52
3219 29 0.84
3223 21 0.43
3224 24 0.37
3226 25 0.3
3231 3 0.97
3232 29 0.01
3240 27 0.94
3241 10 0.31
3252 10 0.27
3254 22 0.32
3268 2 0.16
3270 25 0.04
3280 7 0.21
3284 1 0.99
3288 7 0.39
3289 5 0.25
3292 18 0.1
3296 23 0.67
3298 19 0.81
3300 22 0.0
3302 11 0.73
3307 3 0.59
3313 9 0.51
3322 18 0.84
3324 12 0.06
3325 9 0.41
3326 11 0.02
3331 13 0.8
3335 12 0.83
3340 17 0.08
3342 7 0.17
3344 19 0.38
3351 22 0.17
3354 11 0.57
3355 28 0.38
3356 12 0.07
3359 21 0.63
3362 7 0.89
3363 12 0.22
3368 16 0.02
3372 18 0.8
3374 1 0.55
3383 20 0.61
3385 15 0.66
3393 22 0.28
3394 17 0.29
3397 0 0.11
3408 21 0.33
3413 16 0.46
3416 26 0.3
3417 4 0.9
3424 26 0.51
3429 4 0.13
3433 15 0.27
3437 27 0.92
3438 19 0.19
3439 17 0.41
3441 16 0.62
3443 29 0.41
3447 27 0.59
3451 29 0.34
3456 10 0.94
3457 18 0.48
3465 10 0.16
3466 28 0.42
3473 20 0.09
3474 1 0.73
3476 4 0.92
3477 14 0.52
3480 27 0.5
3482 4 0.94
3485 7 0.47
3514 10 0.63
3516 3 0.41
3519 2 0.5
3520 27 0.37
3522 24 0.77
3526 23 0.73
3529 1 0.64
3531 6 0.5
3533 14 0.67
3539 3 0.47
3543 0 0.38
3545 25 0.99
3556 12 0.84
3557 22 0.51
3560 22 0.51
3561 17 0.26
3563 8 0.01
3564 4 0.15
3569 23 0.72
3579 11 0.3
3583 2 0.45
3586 14 0.09
3592 21 0.79
3602 8 0.17
3611 16 0.57
3616 13 0.42
3617 28 0.25
3620 5 0.66
3627 23 0.97
3631 0 0.92
3648 9 0.1
3652 3 0.1
3660 14 0.07
3661 25 0.07
3664 22 0.29
3673 6 0.62
3678 14 0.28
3681 28 0.01
3683 14 0.1
3691 2 0.82
3693 25 0.86
3695 4 0.08
3698 9 0.02
3704 29 0.05
3709 25 0.24
3712 12 0.73
3723 1 0.99
3725 19 0.32
3736 22 0.42
3737 14 0.34
3740 2 0.31
3743 12 0.45
3747 3 0.52
3750 3 0.19
3760 27 0.96
3761 28 0.86
3766 14 0.58
3771 13 0.37
3773 13 0.76
3774 19 0.14
3775 29 0.22
3779 3 0.15
3786 19 0.15
3788 18 0.28
3791 19 0.39
3796 15 0.77
3798 15 0.52
3799 8 0.33
3809 6 0.35
3811 16 0.1
3819 14 0.67
3820 23 0.64
3823 27 0.57
3824 23 0.57
3830 25 0.92
3831 0 0.9
3841 20 0.82
3855 24 0.42
3864 14 0.31
3867 28 0.51
3869 16 0.59
3870 0 0.06
3871 1 0.91
3877 10 0.97
3878 20 0.56
3879 7 0.79
3882 24 0.77
3884 3 0.26
3899 20 0.09
3906 2 0.67
3909 27 0.12
3911 2 0.81
3915 27 0.94
3916 22 0.02
3920 19 0.86
3921 8 0.69
3922 15 0.22
3927 27 0.53
3933 13 0.9
3937 17 0.37
3955 1 0.2
3959 10 0.71
3964 18 0.14
3970 14 0.14
3972 15 0.92
3973 6 0.71
3977 11 0.74
3983 25 0.57
3986 6 0.19
3992 2 0.88
3994 9 0.89
3997 3 0.41
3998 3 0.41
4007 6 0.91
4011 19 0.51
4015 6 0.31
4016 21 0.68
4023 19 0.15
4024 26 0.62
4027 3 0.45
4031 14 0.08
4047 20 0.76
4049 0 0.36
4051 4 0.88
4053 3 0.47
4055 14 0.83
4057 13 0.64
4066 25 0.51
4068 9 0.82
4071 5 0.29
4077 13 0.47
4078 5 0.13
4079 23 0.28
4081 0 0.72
4082 14 0.17
4090 13 0.07
4097 5 0.08
4100 4 0.89
4101 14 0.78
4104 26 0.9
4108 9 0.89
4111 29 0.86
4116 15 0.37
4123 13 0.78
4131 28 0.55
4133 10 0.71
4147 17 0.13
4149 25 0.33
4152 15 0.13
4160 20 0.63
4162 22 0.31
4166 20 0.24
4167 11 0.48
4168 9 0.78
4169 12 0.98
4177 3 0.34
4186 18 0.5
4187 12 0.09
4188 6 0.83
4193 0 0.95
4194 3 0.35
4197 22 0.31
4214 18 0.76
4215 7 0.37
4217 6 0.31
4220 4 0.43
4225 12 0.63
4234 26 0.05
4237 12 0.88
4238 24 0.13
4241 4 0.51
4242 26 0.7
4245 20 0.89
4246 9 0.9
4255 3 0.87
4258 0 0.12
4260 23 0.93
4268 4 0.31
4274 23 0.81
4279 0 0.21
4281 11 0.48
4284 16 0.92
4289 17 0.78
4292 3 0.68
4298 14 0.91
4307 12 0.24
4308 0 0.26
4309 3 0.77
4311 23 0.28
4314 10 0.05
4320 28 0.55
4322 20 0.25
4324 2 0.85
4325 14 0.42
4329 7 0.55
4337 18 0.4
4339 15 0.27
4342 3 0.02
4345 16 0.04
4349 29 0.17
4350 16 0.97
4352 7 0.19
4353 18 0.86
4354 19 0.7
4358 9 0.67
4359 24 0.01
4364 23 0.26
4371 23 0.26
4377 26 0.86
4381 18 0.21
4384 25 0.78
4392 15 0.91
4397 23 0.58
4398 1 0.68
4401 18 0.67
4410 3 0.37
4412 15 0.09
4415 0 0.13
4416 27 0.08
4419 5 0.67
4421 22 0.93
4423 17 0.33
4426 28 0.41
4427 21 0.14
4435 7 0.09
4437 12 0.85
4442 19 0.1
4446 11 0.33
4455 15 0.0
4459 2 0.28
4478 12 0.49
4479 15 0.3
4484 19 0.58
4489 8 0.04
4490 27 0.73
4491 20 0.59
4494 13 0.07
4498 26 0.76
4504 20 0.44
4509 18 0.14
4513 26 0.38
4514 16 0.52
4516 28 0.1
4517 21 0.71
4518 15 0.35
4520 28 0.62
4522 5 0.84
4526 4 0.98
4529 7 0.38
4530 29 0.49
4533 0 0.24
4544 7 0.38
4545 9 0.87
4546 24 0.69
4548 18 0.36
4551 10 0.75
4554 26 0.28
4556 19 0.57
4567 8 0.31
4569 18 0.75
4574 29 0.69
4575 18 0.58
4577 14 0.12
4579 10 0.33
4581 6 0.04
4582 27 0.33
4583 14 0.65
4584 0 0.27
4586 25 0.82
4592 14 0.02
4598 25 0.11
4602 4 0.34
4606 12 0.21
4608 16 0.04
4609 29 0.03
4610 17 0.18
4616 23 0.84
4617 26 0.66
4620 21 0.61
4622 25 1.0
4625 0 0.75
4627 11 0.04
4628 17 1.0
4632 15 0.28
4637 0 0.84
4641 8 0.4
4642 0 0.4
4644 0 0.83
4647 8 0.81
4651 25 0.6
4655 8 0.42
4657 8 0.96
4660 27 0.33
4663 0 0.12
4671 3 0.24
4672 29 0.39
4673 14 0.69
4677 18 0.87
4679 7 0.61
4683 27 0.45
4692 25 0.3
4708 11 0.32
4710 22 0.84
4715 25 0.86
4716 7 0.16
4719 25 0.48
4722 16 0.31
4736 8 0.06
4738 6 0.96
4740 18 0.42
4742 9 0.76
4762 3 0.83
4765 1 0.77
4766 20 0.82
4769 27 0.37
4770 9 0.54
4772 6 0.48
4778 19 0.68
4780 10 0.27
4789 2 0.57
4794 20 0.69
4798 12 0.71
4800 13 0.72
4803 12 0.06
4804 11 0.83
4809 13 0.82
4814 1 0.55
4821 27 0.47
4823 1 0.94
4827 17 0.19
4833 2 0.59
4836 13 0.31
4846 6 0.25
4847 14 0.92
4853 10 0.05
4855 12 0.87
4862 28 0.93
4863 5 0.12
4864 23 0.21
4866 14 0.12
4867 20 0.84
4877 13 0.33
4878 15 0.39
4881 21 0.24
4886 13 0.15
4889 27 0.17
4892 23 0.12
4894 9 0.79
4895 1 0.88
4896 20 0.78
4903 23 0.52
4912 25 0.12
4913 15 0.07
4915 29 0.93
4919 0 0.05
4927 8 0.72
4931 9 0.17
4932 0 0.49
4933 17 0.5
4937 15 0.95
4938 6 0.7
4939 1 0.98
4943 0 0.68
4951 19 0.62
4956 23 0.96
4958 0 0.75
4966 11 0.82
4973 9 0.72
4974 26 0.48
4975 16 0.85
4976 22 0.52
4981 1 0.9
4989 22 0.99
5000 26 0.98
5002 2 0.59
5003 18 0.39
5007 14 0.29
5013 27 0.17
5023 1 0.44
5026 29 0.29
5028 10 0.55
5031 27 0.62
5033 22 0.14
5035 5 0.35
5037 11 0.03
5039 26 0.48
5041 22 0.66
5046 21 0.41
5048 24 0.12
5056 9 0.33
5058 22 0.45
5063 20 0.01
5064 10 0.65
5065 6 0.35
5066 21 0.94
5070 22 0.05
5076 11 0.76
5085 2 0.5
5090 23 0.21
5095 15 0.06
5097 25 0.25
5103 26 0.73
5110 13 0.8
5111 3 0.68
5115 19 0.25
5116 3 0.68
5120 23 0.36
5124 29 0.23
5134 12 0.41
5140 23 0.96
5146 25 0.48
5150 9 0.09
5153 8 0.2
5155 25 0.68
5157 5 0.03
5159 2 0.31
5161 15 0.78
5162 5 0.52
5165 13 0.65
5178 13 0.45
5179 23 0.26
5183 0 0.04
5186 7 0.53
5198 9 0.29
5201 17 0.09
5205 18 0.29
5207 26 0.94
5211 9 0.27
5218 5 0.68
5221 22 0.36
5222 2 0.26
5226 7 0.21
5230 15 0.29
5241 14 0.85
5254 12 0.59
5261 19 0.99
5265 23 0.96
5267 18 0.31
5270 26 0.19
5281 22 0.24
5282 11 0.1
5287 13 0.81
5291 11 0.41
5292 4 0.06
5293 4 0.34
5300 10 0.25
5305 21 0.86
5318 20 0.27
5324 9 0.49
5327 0 0.59
5330 3 0.71
5331 27 0.77
5332 29 0.89
5333 6 0.69
5336 11 0.82
5338 18 0.6
5339 19 0.79
5343 29 0.75
5344 10 0.05
5347 1 0.88
5351 16 0.4
5353 11 0.21
5363 22 0.84
5371 15 0.37
5372 22 0.72
5376 21 0.38
5379 0 0.83
5381 29 0.02
5382 17 0.71
5384 3 0.99
5388 29 0.39
5389 3 0.41
5392 22 0.04
5395 25 0.67
5397 11 0.55
5405 1 0.31
5406 21 0.7
5412 25 0.58
5413 15 0.26
5416 11 0.28
5426 24 0.42
5436 14 0.61
5444 0 0.88
5449 11 0.7
5452 15 0.53
5458 27 0.03
5462 5 0.42
5469 12 0.7
5470 6 0.44
5471 10 0.44
5474 13 0.84
5479 9 0.93
5481 27 0.32
5482 4 0.6
5485 25 0.07
5486 8 0.86
5489 13 0.95
5490 15 0.45
5492 20 0.17
5498 17 0.78
5506 26 0.12
5507 24 0.82
5510 0 0.47
5512 0 0.39
5516 15 0.6
5519 22 0.79
5520 6 0.13
5523 29 0.03
5525 0 0.24
5528 2 0.98
5532 5 0.41
5540 28 0.83
5544 18 0.96
5545 23 0.43
5546 13 0.36
5550 18 0.13
5562 13 0.81
5566 26 0.5
5573 2 0.3
5574 27 0.28
5578 25 0.15
5582 15 0.27
5584 6 0.51
5586 16 0.95
5587 27 0.05
5597 7 0.53
5600 29 0.09
5606 29 0.85
5609 10 0.95
5615 25 0.38
5618 25 0.53
5619 10 0.97
5628 26 0.5
5633 13 0.27
5636 7 0.97
5642 27 0.23
5643 1 0.75
5645 20 0.04
5646 14 0.55
5650 14 0.16
5660 4 0.68
5663 16 0.09
5664 29 0.65
5666 7 0.34
5670 5 0.65
5671 26 0.07
5682 10 0.96
5685 2 0.11
5697 24 0.86
5704 17 0.96
5710 23 0.54
5725 20 0.51
5726 15 0.96
5727 8 0.99
5731 25 0.31
5735 20 0.89
5738 14 0.38
5742 11 0.13
5744 19 0.26
5746 6 0.17
5748 4 0.26
5749 28 0.61
5750 7 0.62
5755 19 0.93
5756 10 0.69
5759 25 0.83
5761 14 0.4
5766 1 0.72
5768 3 0.98
5770 13 0.8
5773 13 0.07
5774 15 0.18
5776 2 0.09
5777 6 0.84
5778 17 0.34
5784 24 0.49
5787 14 0.04
5794 1 0.24
5795 10 0.94
5797 18 0.97
5806 18 0.88
5810 4 0.88
5812 17 0.03
5814 7 0.75
5815 25 0.61
5820 2 0.29
5824 11 0.46
5828 12 0.3
5833 15 0.8
5834 21 0.48
5846 1 0.33
5847 4 0.81
5849 29 0.26
5851 20 0.18
5862 7 0.5
5864 29 0.25
5868 15 0.41
5873 25 0.38
5875 12 0.73
5881 17 0.49
5885 9 0.4
5887 4 0.09
5892 19 0.13
5894 12 0.61
5899 3 0.25
5906 6 0.04
5915 11 0.96
5919 20 0.71
5925 16 0.93
5928 25 0.05
5934 10 0.51
5941 4 0.9
5948 28 0.98
5949 23 0.34
5950 26 0.16
5952 2 0.78
5953 20 0.23
5960 16 0.07
5961 22 0.2
5962 26 0.6
5964 4 0.23
5965 22 0.84
5981 7 0.75
5983 1 0.65
5988 14 0.21
5990 22 0.75
5994 22 0.98
5998 15 0.34
6007 2 0.4
6008 3 0.81
6009 26 0.16
6018 12 0.76
6025 25 0.09
6026 17 0.55
6030 13 0.79
6041 4 0.65
6045 24 0.17
6046 4 0.44
6049 16 0.67
6058 25 0.74
6061 26 0.38
6062 27 0.01
6063 2 0.01
6068 6 0.88
6071 26 0.23
6072 6 0.29
6073 23 0.59
6076 15 0.33
6085 22 0.69
6088 23 0.36
6091 23 0.69
6102 8 0.84
6107 12 0.28
6108 29 0.88
6109 25 0.94
6114 21 0.87
6117 29 0.34
6118 7 0.89
6121 24 0.04
6122 21 0.39
6131 5 0.11
6132 24 0.85
6142 22 0.66
6145 0 0.96
6147 26 0.89
6148 22 0.05
6151 18 0.1
6154 16 0.63
6155 11 0.65
6163 6 0.74
6168 20 0.59
6172 1 0.0
6176 15 0.58
6183 14 0.39
6185 8 0.27
6190 3 0.09
6191 13 0.42
6194 10 0.06
6199 24 0.8
6208 18 0.68
6211 5 0.96
6216 23 0.55
6217 15 0.04
6218 5 0.61
6227 9 0.52
6230 5 0.61
6232 13 0.88
6233 17 0.96
6234 16 0.09
6250 23 0.3
6253 13 0.12
6254 29 0.22
6255 15 0.03
6257 12 0.55
6258 16 1.0
6259 19 0.42
6260 9 0.67
6263 11 0.6
6271 12 0.8
6283 22 0.48
6288 13 0.64
6289 21 0.53
6290 12 0.63
6296 10 0.62
6297 11 0.06
6300 11 0.4
6301 13 0.41
6303 24 0.67
6306 13 0.41
6318 18 0.11
6326 14 0.54
6328 18 0.66
6335 16 0.24
6365 11 0.73
6371 27 0.28
6373 27 0.89
6383 23 0.04
6387 1 0.37
6388 29 0.87
6390 10 0.85
6396 11 0.91
6398 6 0.62
6400 14 0.74
6401 25 0.48
6403 0 0.66
6404 26 0.31
6407 2 0.6
6411 13 0.98
6413 7 0.58
6414 27 1.0
6416 12 0.94
6420 16 0.63
6421 19 0.65
6423 5 0.04
6424 26 0.58
6430 5 0.27
6435 12 0.41
6442 25 0.92
6445 23 0.2
6447 23 0.75
6448 18 0.82
6456 16 0.6
6463 3 0.18
6465 15 0.8
6469 24 0.09
6471 6 0.88
6472 2 0.7
6476 8 0.61
6483 8 0.89
6494 0 0.58
6502 7 0.42
6506 15 0.74
6507 1 0.67
6511 10 0.46
6522 7 0.17
6523 11 0.82
6525 12 0.93
6527 2 0.22
6528 4 0.07
6529 20 0.44
6537 14 0.21
6538 18 0.97
6539 9 0.69
6540 9 0.73
6545 24 0.33
6547 6 0.23
6549 22 0.35
6550 16 0.3
6563 18 0.62
6569 22 0.42
6570 2 0.54
6580 9 0.97
6583 28 0.04
6585 0 0.77
6588 0 0.61
6591 2 0.29
6593 10 0.32
6597 2 0.48
6604 21 0.45
6612 16 0.11
6623 25 0.97
6624 26 0.91
6632 25 0.89
6633 9 0.3
6634 12 0.65
6637 28 0.89
6639 5 0.56
6644 27 0.51
6649 23 0.05
6659 3 0.15
6662 25 0.4
6663 28 0.82
6665 21 0.64
6672 29 0.22
6680 21 0.23
6684 13 0.19
6689 25 0.9
6690 28 0.5
6692 12 0.85
6693 10 0.04
6696 29 0.25
6701 6 0.0
6703 27 0.3
6707 26 0.76
6713 9 0.83
6714 23 0.39
6716 12 0.34
6718 15 0.94
6725 11 0.83
6727 4 0.85
6733 17 0.86
6734 11 0.15
6735 11 0.92
6739 15 0.02
6741 6 0.53
6743 16 0.04
6749 16 0.71
6755 3 0.28
6756 21 0.48
6759 6 0.32
6760 5 0.61
6762 3 0.55
6769 1 0.99
6778 11 0.87
6780 8 0.45
6795 11 0.03
6799 6 0.12
6802 4 0.94
6809 3 0.1
6810 23 0.99
6818 2 0.89
6819 2 0.35
6823 15 0.4
6830 21 0.44
6837 25 0.78
6840 22 0.95
6841 19 0.67
6843 26 0.42
6844 15 0.63
6847 5 0.25
6848 9 0.76
6852 22 0.43
6857 26 0.44
6861 19 0.51
6865 5 0.2
6866 18 0.89
6887 15 0.23
6892 23 0.84
6894 9 0.13
6897 5 0.16
6898 21 0.09
6899 17 0.67
6900 16 0.3
6901 4 0.74
6906 4 0.67
6918 29 0.57
6919 20 0.51
6920 0 0.62
6923 28 0.15
6925 23 0.97
6941 15 0.51
6944 20 0.85
6953 12 0.41
6954 19 0.84
6956 26 0.7
6958 22 0.13
6960 28 0.82
6963 18 0.88
6966 12 0.6
6974 21 0.65
6979 25 0.91
6980 13 0.93
6983 9 0.59
7004 14 0.98
7007 17 0.67
7008 22 0.02
7009 26 0.87
7011 4 0.73
7012 2 0.02
7015 12 0.5
7016 13 0.36
7018 28 0.8
7020 7 0.98
7022 26 0.94
7031 29 0.03
7039 25 0.81
7040 20 0.33
7046 25 0.62
7058 11 0.1
7060 21 0.27
7063 16 0.22
7066 14 0.04
7071 12 0.82
7075 27 0.34
7080 18 0.4
7082 1 0.29
7085 11 0.78
7090 0 0.28
7091 7 0.04
7094 26 0.17
7097 19 0.14
7103 22 0.47
7105 9 0.82
7106 28 0.39
7112 23 0.78
7116 10 0.67
7120 25 0.23
7123 1 0.8
7130 17 0.75
7131 21 0.97
7133 4 0.72
7134 6 0.49
7154 19 0.97
7155 16 0.85
7158 16 0.37
7160 5 0.56
7162 19 0.57
7166 7 0.12
7168 15 0.68
7171 28 0.15
7174 12 0.79
7175 10 0.04
7180 18 0.86
7191 19 0.13
7192 20 0.57
7200 1 0.06
7205 23 0.22
7206 15 0.97
7208 23 0.61
7209 12 0.19
7211 26 0.08
7214 9 0.5
7216 12 0.53
7217 23 0.05
7220 10 0.32
7221 9 0.89
7228 22 0.28
7230 2 0.56
7235 7 0.61
7240 24 0.9
7243 24 0.85
7252 29 0.04
7254 8 0.58
7258 15 0.48
7259 4 0.35
7260 12 0.87
7263 23 0.96
7266 14 0.29
7268 8 0.31
7273 10 0.97
7274 28 0.32
7276 19 0.94
7277 29 0.29
7280 27 0.58
7281 4 0.34
7282 0 0.27
7288 10 0.7
7289 16 0.29
7298 22 0.05
7301 12 0.66
7306 7 0.1
7307 19 0.11
7311 27 0.54
7312 10 0.92
7313 17 0.13
7316 7 0.92
7317 22 0.11
7325 12 0.97
7326 21 0.99
7335 21 0.95
7338 24 0.68
7343 12 0.95
7346 7 0.65
7350 6 0.55
7355 21 0.14
7356 2 0.33
7357 26 0.92
7364 13 0.71
7365 7 0.46
7366 23 0.22
7372 3 0.2
7375 12 0.2
7377 4 0.42
7379 14 0.75
7383 25 0.11
7387 23 0.36
7392 25 0.16
7404 15 0.32
7409 3 0.42
7413 28 0.13
7423 14 0.34
7426 10 0.65
7428 29 0.31
7441 26 0.25
7447 12 0.29
7453 10 0.84
7454 6 0.07
7457 24 0.95
7461 11 0.5
7464 6 0.53
7468 28 0.07
7477 15 0.17
7479 12 0.33
7482 1 0.72
7488 9 0.7
7489 18 0.29
7494 23 0.07
7501 17 0.1
7509 11 0.62
7513 25 0.01
7525 26 0.47
7527 9 0.65
7528 11 0.83
7529 23 0.98
7537 5 0.83
7538 9 0.88
7543 5 0.03
7544 27 0.71
7545 6 0.41
7547 3 0.8
7554 24 0.41
7555 24 0.52
7559 28 0.21
7560 7 0.98
7561 11 0.71
7566 16 0.43
7568 13 0.93
7569 28 0.63
7574 0 0.76
7575 12 0.08
7578 2 0.79
7579 2 0.53
7583 19 0.88
7594 2 0.93
7604 12 0.35
7608 8 0.74
7609 11 0.77
7620 7 0.96
7621 4 0.04
7622 21 0.62
7624 5 0.25
7625 19 0.65
7629 28 0.9
7631 6 0.1
7637 21 0.21
7638 6 0.08
7647 20 0.61
7649 28 0.65
7650 24 0.22
7658 11 0.95
7661 18 0.87
7669 0 0.04
7670 22 0.41
7671 23 0.21
7677 24 0.62
7679 6 0.2
7681 18 0.04
7695 15 0.8
7698 28 0.94
7699 16 0.45
7709 16 0.73
7719 14 0.79
7724 29 0.85
7732 25 0.63
7733 29 0.01
7737 28 0.47
7739 28 0.81
7746 15 0.23
7748 25 0.81
7749 26 0.35
7751 23 0.05
7754 17 0.38
7755 4 0.81
7760 0 0.58
7762 14 0.52
7765 25 0.84
7769 17 0.95
7774 4 0.61
7775 11 0.59
7779 27 0.29
7785 4 0.52
7787 6 0.95
7789 24 0.95
7791 26 0.46
7792 14 0.12
7794 9 0.97
7797 13 0.59
7801 0 0.04
7802 13 0.03
7806 11 0.14
7815 3 0.76
7818 17 0.32
7822 14 0.59
7826 4 0.92
7830 10 0.47
7833 4 0.45
7839 25 0.81
7842 27 0.23
7854 22 0.59
7855 13 0.07
7862 2 0.79
7877 6 0.78
7879 12 0.51
7880 25 0.43
7881 27 0.4
7883 15 0.17
7896 1 0.18
7899 1 0.31
7900 16 0.09
7902 28 0.61
7904 13 0.17
7905 4 0.52
7908 4 0.82
7909 28 0.92
7913 18 0.01
7914 4 0.33
7918 27 0.3
7919 7 0.03
7926 25 0.73
7927 10 0.68
7936 25 0.55
7939 29 0.12
7943 26 0.75
7944 12 0.0
7949 6 0.27
7955 29 0.83
7956 4 0.08
7958 27 0.06
7961 23 0.06
7965 12 0.11
7968 27 0.27
7970 26 0.92
7971 19 0.72
7972 0 0.77
7974 13 0.05
7980 29 0.46
7983 0 0.36
7984 5 0.69
7995 12 0.72
7997 1 0.78
7998 4 0.97
7999 29 0.36
8002 11 0.86
8005 19 0.3
8012 3 0.55
8013 5 0.51
8019 0 0.27
8023 12 0.57
8024 14 0.2
8025 20 0.44
8028 22 0.44
8029 18 0.83
8037 12 0.34
8047 21 0.46
8052 12 0.3
8054 26 0.37
8055 14 0.09
8058 5 0.95
8065 26 0.2
8067 9 0.99
8069 26 0.63
8070 15 0.84
8071 2 0.87
8078 11 0.92
8079 9 0.02
8081 10 0.19
8082 2 0.07
8083 8 0.59
8086 5 0.15
8090 5 0.53
8096 24 0.95
8103 18 0.3
8108 24 0.17
8111 11 0.77
8117 28 0.09
8118 22 0.57
8119 28 0.93
8127 5 0.2
8135 13 0.82
8143 2 0.05
8147 5 0.65
8149 17 0.38
8151 4 0.71
8155 23 0.61
8157 25 0.15
8160 19 0.97
8162 3 0.74
8166 27 0.82
8167 14 0.03
8168 24 0.27
8169 25 0.51
8190 23 0.54
8194 24 0.42
8195 22 0.76
8196 18 0.81
8205 5 0.02
8213 27 0.03
8214 14 0.2
8217 22 0.32
8221 15 0.49
8225 4 0.59
8227 22 0.88
8230 14 0.92
8231 8 0.69
8234 2 0.93
8236 16 0.68
8239 13 0.35
8243 28 0.29
8247 19 0.35
8250 25 0.64
8251 20 0.1
8253 20 0.35
8254 2 0.42
8257 29 0.44
8259 25 0.49
8261 1 0.45
8267 29 0.97
8269 13 0.17
8272 25 0.15
8273 17 0.02
8276 15 0.57
8280 23 0.99
8286 8 0.03
8288 24 0.01
8290 22 0.36
8292 12 0.4
8297 15 0.6
8299 26 0.76
8305 27 0.69
8308 20 0.13
8316 16 0.93
8321 28 0.48
8326 3 0.52
8327 12 0.2
8329 12 0.8
8339 11 0.2
8345 18 0.39
8346 17 0.38
8348 6 0.77
8349 1 0.17
8353 21 0.55
8356 3 0.08
8361 17 0.72
8365 20 0.28
8369 11 0.94
8375 13 0.28
8376 16 0.24
8378 29 0.21
8381 20 0.8
8390 16 0.58
8392 1 0.61
8395 1 0.22
8397 22 0.49
8400 21 0.21
8407 13 0.93
8411 25 0.58
8418 5 0.42
8422 22 0.28
8426 5 0.5
8430 11 0.33
8438 28 0.81
8439 29 0.82
8442 4 0.14
8449 14 0.93
8451 1 0.8
8455 11 0.6
8457 5 0.02
8470 22 0.96
8471 21 0.55
8478 13 0.46
8479 7 0.12
8480 25 0.86
8487 6 0.81
8490 17 0.81
8495 1 0.84
8496 23 0.09
8497 7 0.11
8498 20 0.2
8500 20 0.46
8505 4 0.46
8511 8 0.19
8518 11 0.84
8520 15 0.31
8522 25 0.59
8524 28 0.49
8540 6 0.16
8541 17 0.98
8546 28 0.93
8547 6 0.33
8552 0 0.54
8554 7 0.27
8555 20 0.59
8568 19 0.31
8574 27 0.2
8578 16 0.86
8579 27 0.96
8580 6 0.67
8581 27 0.32
8583 7 0.57
8584 15 0.43
8588 23 0.2
8592 9 0.89
8593 12 0.76
8598 19 0.89
8600 2 0.59
8603 24 0.45
8604 13 0.12
8607 5 0.83
8614 3 0.53
8616 24 0.62
8617 26 0.25
8621 2 0.79
8625 29 0.51
8629 1 0.12
8631 17 0.62
8634 28 0.96
8639 8 0.67
8640 15 0.54
8648 27 0.57
8654 20 0.11
8656 5 0.59
8661 22 0.78
8662 15 0.43
8670 3 0.68
8674 18 0.25
8675 27 0.77
8682 6 0.05
8683 25 0.41
8685 11 0.53
8692 0 0.54
8698 29 0.39
8702 15 0.76
8706 22 0.87
8708 1 0.34
8716 12 0.37
8721 3 0.59
8722 10 0.43
8724 19 0.17
8727 1 0.67
8729 22 0.58
8731 18 0.61
8733 14 0.29
8734 26 0.32
8741 12 0.33
8748 3 0.27
8752 10 0.35
8755 6 0.39
8763 20 0.58
8764 8 0.82
8768 0 0.96
8775 11 0.28
8777 25 0.07
8782 6 0.18
8783 19 0.52
8788 9 0.86
8791 11 0.52
8793 24 0.44
8794 28 0.93
8796 28 0.32
8803 15 0.02
8807 27 0.86
8811 24 0.32
8812 16 0.12
8814 9 0.92
8816 23 0.99
8819 2 0.96
8823 25 0.29
8824 28 0.58
8825 22 0.26
8835 11 0.75
8836 16 0.78
8839 12 0.83
8854 27 0.23
8860 29 0.58
8868 17 0.69
8869 12 0.68
8871 1 0.83
8873 29 0.08
8874 23 0.46
8883 23 0.47
8897 12 0.62
8913 29 0.58
8914 24 0.02
8916 4 0.54
8918 14 0.09
8920 15 0.2
8935 5 0.63
8939 20 0.24
8942 6 0.96
8943 11 0.31
8944 28 0.2
8947 3 0.77
8948 4 0.32
8950 14 0.58
8961 4 0.87
8968 16 0.22
8978 22 0.19
8979 1 0.17
8981 15 0.73
8983 27 0.61
8985 2 0.04
8986 6 0.15
8992 6 0.82
8999 3 0.16
9002 22 0.36
9003 7 0.38
9007 5 0.42
9011 29 0.77
9015 2 0.08
9024 2 0.76
9026 15 0.34
9031 24 0.14
9035 2 0.55
9036 11 0.61
9037 17 0.65
9038 20 0.5
9040 3 0.82
9054 4 0.12
9056 28 0.38
9062 10 0.19
9073 10 0.45
9075 10 0.06
9076 4 0.74
9079 29 0.77
9080 8 0.08
9084 14 0.79
9089 18 0.54
9090 5 0.89
9093 19 0.73
9096 2 0.98
9100 17 0.75
9110 26 0.25
9114 26 0.27
9115 7 0.15
9117 12 0.48
9119 12 0.7
9120 18 0.95
9123 19 0.05
9125 27 0.66
9127 3 0.32
9138 12 0.91
9141 24 0.46
9143 21 0.51
9145 20 0.13
9152 12 0.62
9153 24 0.07
9158 25 0.2
9164 19 0.03
9170 24 0.91
9172 15 0.19
9178 17 0.64
9179 8 0.36
9181 12 0.54
9186 4 0.52
9189 4 0.17
9200 0 0.8
9201 18 0.79
9202 15 0.26
9204 10 0.53
9208 20 0.94
9209 0 0.84
9210 0 0.53
9213 26 0.49
9219 18 0.71
9220 19 0.89
9222 12 0.37
9225 19 0.41
9226 19 0.52
9229 8 0.14
9241 0 0.13
9244 21 0.85
9245 11 0.29
9247 1 0.57
9249 23 0.88
9251 10 0.99
9255 21 0.69
9260 0 0.6
9261 28 0.12
9274 15 0.51
9280 23 0.67
9288 5 0.68
9290 7 0.69
9291 14 0.92
9293 1 0.67
9297 24 0.03
9300 11 0.08
9301 7 0.75
9303 4 0.75
9310 27 0.06
9311 23 0.86
9312 13 0.26
9319 9 0.61
9321 25 0.96
9324 9 0.06
9329 22 0.08
9330 27 0.56
9333 28 0.91
9346 3 0.95
9350 13 0.01
9356 20 0.22
9357 1 0.31
9361 16 0.85
9369 13 0.86
9370 29 0.41
9381 28 0.46
9388 19 0.87
9393 19 0.84
9394 8 0.2
9396 25 0.64
9398 11 0.22
9399 27 0.84
9404 2 0.64
9409 26 1.0
9411 13 0.84
9418 18 0.88
9419 23 0.76
9421 16 0.74
9423 8 0.1
9442 1 0.02
9444 12 0.6
9447 6 0.13
9448 10 0.49
9449 2 0.47
9453 24 0.09
9456 3 0.56
9463 0 0.2
9464 10 0.69
9466 17 0.21
9471 18 0.34
9475 2 0.84
9477 9 0.09
9478 19 0.9
9480 2 0.79
9484 17 0.51
9485 28 0.58
9487 17 0.01
9489 11 0.81
9493 14 0.92
9494 8 0.91
9498 21 0.69
9503 9 0.57
9506 24 0.73
9508 3 0.21
9514 13 0.03
9516 3 0.24
9517 14 0.55
9520 4 0.61
9525 26 0.49
9526 4 0.9
9528 23 0.36
9530 15 0.86
9531 15 0.37
9536 16 0.55
9548 12 0.65
9561 1 0.99
9563 1 0.31
9570 24 0.88
9575 11 0.85
9576 5 0.09
9578 18 0.29
9581 12 0.16
9583 22 0.75
9586 2 0.8
9593 1 0.75
9595 6 0.41
9604 8 1.0
9606 21 0.77
9610 15 0.48
9615 14 0.22
9618 26 0.89
9619 8 0.37
9629 13 0.67
9635 21 0.64
9649 11 0.98
9650 4 0.26
9656 5 0.64
9658 24 0.92
9674 12 0.95
9675 3 0.45
9680 16 0.09
9681 20 0.17
9685 23 0.82
9687 28 0.45
9688 18 0.65
9689 9 0.59
9696 7 0.82
9700 5 0.97
9707 25 0.92
9713 14 0.79
9715 12 0.02
9716 12 0.36
9717 27 0.75
9722 1 0.72
9730 28 0.82
9732 3 0.63
9736 25 0.33
9740 25 0.41
9742 25 0.32
9746 10 0.46
9755 21 0.06
9756 29 0.42
9757 22 0.15
9763 7 0.09
9773 14 0.67
9774 28 0.83
9783 28 0.15
9790 27 0.64
9792 10 0.12
9796 13 0.94
9797 11 0.21
9799 23 0.99
9807 19 0.54
9812 6 0.03
9815 13 0.38
9819 28 0.31
9820 11 0.64
9824 2 0.66
9827 8 0.86
9830 18 0.82
9832 20 0.63
9847 23 0.02
9862 6 0.65
9864 10 0.01
9867 10 0.15
9873 16 0.8
9877 13 0.6
9885 1 0.11
9886 14 0.32
9890 3 0.93
9896 9 0.29
9898 24 0.69
9899 15 0.8
9901 26 0.27
9903 5 0.99
9908 3 0.62
9916 25 0.79
9921 25 0.97
9926 21 0.34
9929 10 0.82
9931 9 0.74
9937 4 0.58
9938 16 0.99
9944 9 0.81
9945 25 0.89
9948 25 0.56
9949 4 0.68
9953 19 0.18
9958 11 0.67
9964 16 0.75
9966 9 0.96
9976 2 0.6
9981 10 0.31
9986 15 0.75
9992 12 0.34
9995 6 0.67
10001 4 0.36
10003 15 0.73
10004 25 0.49
10010 6 0.73
10011 22 0.39
10012 25 0.35
10018 24 0.29
10020 24 0.73
10021 29 0.57
10026 9 0.03
10037 15 0.02
10040 23 0.79
10043 27 0.38
10049 6 0.37
10060 24 0.79
10067 2 0.95
10075 25 0.25
10078 11 0.03
10082 3 0.86
10083 13 0.98
10096 17 0.22
10097 10 0.38
10105 6 0.53
10115 20 0.99
10134 2 0.88
10135 11 0.17
10136 11 0.07
10139 17 0.55
10143 13 0.52
10148 21 0.38
10150 13 0.91
10155 27 0.97
10161 24 0.39
10164 4 0.74
10170 13 0.56
10173 17 0.11
10175 0 0.15
10184 17 0.53
10185 4 0.84
10188 6 0.72
10190 20 0.95
10192 9 0.39
10194 29 0.81
10198 29 0.74
10204 0 0.29
10205 9 0.43
10206 5 0.47
10207 5 0.74
10209 14 0.76
10212 3 0.22
10215 8 0.82
10220 6 0.02
10226 7 0.64
10227 9 0.37
10236 14 0.46
10243 2 0.97
10253 15 0.55
10257 20 0.06
10261 26 0.57
10263 0 0.72
10265 3 0.53
10267 21 0.05
10269 10 0.4
10270 20 0.69
10279 9 0.04
10280 18 0.63
10286 23 0.16
10301 11 0.69
10303 2 0.07
10306 18 0.36
10308 12 0.96
10313 8 0.97
10315 6 0.5
10326 17 0.84
10328 26 0.29
10332 3 0.2
10341 25 0.83
10342 6 0.08
10349 28 0.46
10352 14 0.84
10354 4 0.13
10361 13 0.91
10373 22 0.93
10374 5 0.94
10378 29 0.92
10382 8 0.71
10383 17 0.31
10390 19 0.33
10391 29 0.48
10403 24 0.3
10406 4 0.11
10415 28 0.57
10416 17 0.6
10419 5 0.64
10423 25 0.45
10427 4 0.63
10443 24 0.52
10446 23 0.34
10447 0 0.32
10448 19 0.88
10458 24 0.72
10462 4 0.76
10463 9 0.72
10472 23 0.01
10474 2 0.49
10476 23 0.36
10477 24 0.03
10478 10 0.74
10480 5 0.91
10481 25 0.3
10482 6 0.29
10484 3 0.68
10489 1 0.06
10490 8 0.49
10491 23 0.69
10493 5 0.23
10500 29 0.66
10505 22 0.73
10510 10 0.57
10515 23 0.53
10519 10 0.84
10524 5 0.89
10536 20 0.75
10539 14 0.62
10543 18 0.68
10551 27 0.93
10553 21 0.97
10560 29 0.05
10561 14 0.63
10566 23 0.26
10571 20 0.51
10577 23 0.72
10578 28 0.02
10580 0 0.8
10582 9 0.02
10584 21 0.67
10590 26 0.24
10598 22 0.8
10600 2 0.27
10601 25 0.9
10603 17 0.72
10605 24 0.44
10613 1 0.71
10619 20 0.76
10622 4 0.71
10625 13 0.08
10626 7 0.44
10627 26 0.45
10629 18 0.44
10631 19 0.88
10633 21 0.03
10643 7 0.08
10651 13 0.37
10652 23 0.91
10660 22 0.22
10661 2 0.6
10666 13 0.63
10670 10 0.09
10675 21 0.8
10678 0 0.34
10679 12 0.91
10682 3 0.19
10698 18 0.53
10700 3 0.63
10712 5 0.25
10717 20 0.88
10718 26 0.73
10722 26 0.3
10728 2 0.99
10729 15 0.96
10733 29 0.5
10749 3 0.2
10756 27 0.18
10758 6 0.27
10761 28 0.2
10763 8 0.42
10772 22 0.93
10773 16 0.02
10778 27 0.96
10783 21 0.65
10790 18 0.06
10793 23 0.7
10795 1 0.02
10796 11 0.45
10801 22 0.19
10804 18 0.34
10809 25 0.96
10810 10 0.76
10811 23 0.99
10813 8 0.04
10819 3 0.3
10822 11 0.71
10823 10 0.54
10827 5 0.44
10835 10 0.22
10836 11 0.04
10838 2 0.13
10843 27 0.37
10845 11 0.33
10853 25 1.0
10854 5 0.46
10859 6 0.83
10867 6 0.41
10870 15 0.73
10876 15 0.57
10877 1 0.22
10880 6 0.59
10881 7 0.06
10886 20 0.5
10888 5 0.72
10892 2 0.72
10897 25 0.3
10898 7 0.88
10911 14 0.9
10914 0 0.49
10915 4 0.49
10916 8 0.84
10917 8 0.52
10923 23 0.33
10928 17 0.97
10937 10 0.95
10948 18 0.4
10949 2 0.24
10959 15 0.96
10962 11 0.19
10963 13 0.72
10969 21 0.92
10970 11 0.85
10978 13 0.22
10988 6 0.03
10990 20 0.61
10991 18 0.46
11001 15 0.95
11002 26 0.32
11015 7 0.04
11019 25 0.94
11024 25 0.96
11025 21 0.54
11026 9 0.46
11032 25 0.48
11034 14 0.15
11035 27 0.55
11037 14 0.7
11039 7 0.97
11042 8 0.65
11052 25 0.03
11053 0 0.62
11057 15 0.89
11058 22 0.43
11060 16 0.11
11067 26 0.33
11070 6 1.0
11072 13 0.14
11074 21 0.26
11078 18 0.26
11079 18 0.37
11082 26 0.01
11083 21 0.79
11085 10 0.5
11088 9 0.94
11090 27 0.81
11093 28 0.17
11095 14 0.4
11098 22 0.68
11099 5 0.38
11103 10 0.51
11104 15 0.98
11107 15 0.25
11109 14 0.84
11110 10 0.02
11113 14 0.61
11114 22 0.68
11119 16 0.02
11122 17 0.11
11127 14 0.43
11131 4 0.19
11132 19 0.1
11146 24 0.89
11152 2 0.02
11153 13 0.85
11157 28 0.28
11158 28 0.63
11164 0 0.76
11165 13 0.08
11176 7 0.31
11179 2 0.21
11191 0 0.9
11195 20 0.05
11198 7 0.93
11199 18 0.69
11202 9 0.79
11204 25 0.03
11211 22 0.87
11212 27 0.51
11213 11 0.09
11245 10 0.22
11246 9 0.72
11248 24 0.7
11255 1 0.17
11258 5 0.35
11264 19 0.84
11266 8 0.05
11271 7 0.1
11272 21 0.06
11279 18 0.82
11281 23 0.61
11289 1 0.82
11291 11 0.71
11296 15 0.96
11300 18 0.68
11301 10 0.46
11302 18 0.68
11304 13 0.74
11305 22 0.71
11307 22 0.46
11308 7 0.33
11312 13 0.05
11316 21 0.54
11317 14 0.68
11322 17 0.84
11326 6 0.68
11334 26 0.77
11342 7 0.31
11344 8 0.84
11345 6 0.68
11349 6 0.3
11350 14 0.71
11351 8 0.6
11357 13 0.04
11358 14 0.33
11359 0 0.13
11366 13 0.93
11367 13 0.74
11373 21 0.56
11376 8 0.58
11377 3 0.83
11380 5 0.19
11390 4 0.2
11395 20 0.45
11403 18 0.51
11408 18 0.67
11410 2 0.52
11411 20 0.43
11412 25 0.97
11416 23 0.41
11428 6 0.59
11430 13 0.22
11431 10 0.75
11435 22 0.73
11436 28 0.54
11439 26 0.61
11440 5 0.96
11441 20 0.23
11442 15 0.48
11448 27 0.59
11454 22 0.23
11455 23 0.66
11461 10 0.89
11464 0 0.54
11466 23 0.86
11470 13 0.04
11474 12 0.23
11475 18 0.01
11479 18 0.93
11483 22 0.69
11486 20 0.02
11491 17 0.45
11492 11 0.12
11502 2 0.64
11507 20 0.49
11511 4 0.64
11513 17 0.75
11517 23 0.15
11522 12 0.42
11526 2 0.18
11533 14 0.85
11534 10 0.03
11536 27 0.75
11545 8 0.66
11549 10 0.28
11551 7 0.3
11558 25 0.73
11563 7 0.3
11571 27 0.31
11575 3 0.47
11585 0 0.49
11586 22 0.26
11587 17 0.26
11594 4 0.84
11610 13 0.61
11614 9 0.05
11620 26 0.59
11621 1 0.38
11633 11 0.27
11636 11 0.21
11640 22 0.37
11641 13 0.03
11643 3 0.97
11645 26 0.51
11649 12 0.85
11653 28 0.77
11658 26 0.66
11665 26 0.07
11680 7 0.42
11685 10 0.82
11690 28 0.01
11694 20 0.49
11700 29 0.96
11702 25 0.11
11703 9 0.92
11706 25 0.44
11708 7 0.34
11716 16 0.36
11721 13 0.7
11723 25 0.23
11725 9 0.44
11735 18 0.33
11738 26 0.01
11742 23 0.95
11744 2 0.58
11749 20 0.27
11754 29 0.17
11755 9 0.41
11758 23 0.31
11762 9 0.77
11765 8 0.46
11766 14 0.02
11776 24 0.79
11782 0 0.18
11785 16 0.49
11786 29 0.28
11787 7 0.67
11788 6 0.54
11789 11 0.31
11792 24 0.46
11799 7 0.38
11801 24 0.05
11804 25 0.84
11805 10 0.01
11807 0 0.64
11815 3 0.03
11819 25 0.5
11820 6 0.64
11823 1 0.82
11826 23 0.47
11829 10 0.88
11833 23 0.07
11837 0 0.72
11841 3 0.26
11842 19 0.62
11844 1 0.54
11848 6 0.4
11857 15 0.7
11864 1 0.49
11866 25 0.06
11869 11 0.94
11870 19 0.41
11871 15 0.69
11875 29 0.92
11876 24 0.68
11877 18 0.72
11879 8 0.63
11885 25 0.47
11898 19 0.44
11903 27 0.63
11906 14 0.55
11907 25 0.77
11915 4 0.18
11920 23 0.02
11927 29 0.89
11928 17 0.19
11937 23 0.59
11939 12 0.52
11942 29 0.06
11943 13 0.72
11944 23 0.64
11956 16 0.72
11957 25 0.77
11958 3 0.36
11965 9 0.26
11969 8 0.03
11972 19 0.25
11978 6 0.34
11979 18 0.29
11980 15 0.5
11981 1 0.46
11986 3 0.71
11994 1 0.99
11996 11 0.2
12016 8 0.02
12027 21 0.78
12032 17 0.32
12036 27 0.67
12040 15 0.11
12042 3 0.28
12046 2 0.63
12047 21 0.83
12058 22 0.56
12060 12 0.46
12068 15 0.05
12070 13 0.47
12071 19 0.2
12076 27 0.04
12084 12 0.68
12090 0 0.89
12093 19 0.92
12096 16 0.71
12098 14 0.72
12100 14 0.97
12102 23 0.16
12103 6 0.72
12105 10 0.63
12106 2 0.7
12121 0 0.17
12131 0 0.96
12133 7 0.34
12138 25 0.7
12139 2 0.03
12143 29 0.6
12145 12 0.97
12147 18 0.48
12150 29 0.42
12152 12 0.58
12157 13 0.11
12159 8 0.05
12160 0 0.34
12161 21 0.78
12164 25 0.45
12167 9 0.62
12169 12 0.55
12180 11 0.96
12184 7 0.05
12185 21 0.59
12186 26 0.85
12189 27 0.62
12190 23 0.66
12191 23 0.4
12193 13 0.74
12202 17 0.63
12208 29 0.39
12209 23 0.24
12211 19 0.14
12214 27 0.12
12221 19 0.5
12224 22 0.32
12235 16 0.86
12240 15 0.2
12246 15 0.27
12247 2 0.41
12250 8 0.07
12251 5 0.1
12263 2 0.35
12264 21 0.93
12270 3 0.61
12274 9 0.82
12282 9 0.75
12292 21 0.22
12293 19 0.35
12294 15 0.9
12295 22 0.04
12296 7 0.45
12305 1 0.68
12317 19 0.83
12319 12 0.45
12328 16 0.21
12329 26 0.92
12330 13 0.78
12341 8 0.42
12344 26 0.97
12356 17 0.09
12363 26 0.35
12368 14 0.36
12374 9 0.96
12375 11 0.61
12377 13 0.18
12384 15 0.51
12388 21 0.95
12390 0 0.99
12395 20 0.06
12396 17 0.47
12399 14 0.09
12401 18 0.86
12402 15 0.65
12408 0 0.9
12409 16 0.97
12410 13 0.72
12415 8 0.89
12416 14 0.28
12418 22 0.19
12419 13 0.44
12424 21 0.66
12426 25 0.89
12430 9 0.43
12443 18 0.35
12445 5 0.77
12446 17 0.47
12448 10 0.65
12450 21 0.28
12452 27 0.01
12460 11 0.34
12462 24 0.03
12465 0 0.56
12470 25 0.8
12475 22 0.68
12499 28 0.77
12500 29 0.9
12502 16 0.05
12503 23 0.43
12506 13 0.71
12518 29 0.44
12525 10 0.96
12526 19 0.51
12532 3 0.23
12537 13 0.25
12540 21 0.41
12541 17 0.83
12542 11 0.76
12543 19 0.95
12548 21 0.05
12549 10 0.23
12551 13 0.66
12552 1 0.91
12564 23 0.37
12565 1 0.71
12571 3 0.64
12575 21 0.45
12577 15 0.85
12579 13 0.76
12582 23 0.43
12588 1 0.17
12590 20 0.32
12591 19 0.16
12592 20 0.35
12594 11 0.65
12596 13 0.92
12600 15 0.34
12602 22 0.99
12604 17 0.27
12607 5 0.52
12608 3 0.48
12610 20 0.04
12611 27 0.17
12616 19 0.48
12624 19 0.66
12636 5 0.42
12637 13 0.94
12645 19 0.06
12649 17 0.97
12658 25 0.5
12659 4 0.27
12663 20 0.62
12667 21 0.14
12670 0 0.97
12675 19 0.72
12676 12 0.75
12679 7 0.68
12685 7 0.04
12690 7 0.26
12698 8 0.36
12702 10 0.59
12703 23 0.09
12704 14 0.37
12705 26 0.77
12707 6 0.02
12710 26 0.43
12716 28 0.25
12718 3 0.1
12719 19 0.53
12720 24 0.91
12727 7 0.6
12731 0 0.32
12741 14 0.25
12742 4 0.99
12743 22 0.25
12748 14 0.89
12750 14 0.78
12754 14 0.3
12761 9 0.07
12775 16 0.19
12776 7 0.11
12782 13 0.51
12787 0 0.18
12794 1 0.52
12795 28 0.06
12798 12 0.87
12799 23 0.45
12800 4 0.87
12804 4 0.17
12810 26 0.12
12816 4 0.24
12827 16 0.72
12829 3 0.17
12833 28 0.62
12836 5 0.17
12839 24 0.04
12843 8 0.23
12847 8 0.86
12852 25 0.56
12854 1 0.8
12858 2 0.16
12860 0 0.7
12864 6 0.9
12866 16 0.85
12868 10 0.34
12869 28 0.71
12872 11 0.84
12877 5 0.34
12878 5 0.29
12880 4 0.86
12881 2 0.25
12884 24 0.96
12885 16 0.98
12888 22 0.39
12902 15 0.95
12905 8 0.78
12909 29 0.48
12917 28 0.59
12921 20 0.4
12929 27 0.6
12930 14 0.85
12935 28 0.69
12938 10 0.88
12940 24 0.79
12944 27 0.98
12946 7 0.08
12948 5 0.53
12949 17 0.83
12956 10 0.69
12959 15 0.22
12972 17 0.15
12974 6 0.91
12975 17 0.87
12977 3 0.12
12978 21 0.22
12980 9 0.54
12982 29 0.6
12998 10 0.39
13000 13 0.56
13004 29 0.99
13012 13 0.79
13013 9 0.3
13015 11 0.94
13032 29 0.22
13033 17 0.12
13043 26 0.57
13045 6 0.63
13048 20 0.31
13049 2 0.13
13053 7 0.93
13059 19 0.89
13075 2 0.76
13077 6 0.73
13080 22 0.86
13081 5 0.33
13085 7 0.83
13087 9 0.08
13088 28 0.82
13092 19 0.1
13093 2 0.25
13095 10 0.37
13099 7 0.61
13100 18 0.22
13101 7 0.82
13114 14 0.6
13120 15 0.38
13126 10 0.44
13127 9 0.56
13129 5 0.95
13134 0 0.68
13137 5 0.57
13138 5 0.26
13139 3 0.17
13142 15 0.08
13143 12 0.94
13145 13 0.27
13150 17 0.98
13155 6 0.51
13156 5 0.46
13159 11 0.58
13160 12 0.13
13161 20 0.23
13164 27 0.68
13168 16 0.28
13169 23 0.36
13178 3 0.71
13179 15 0.02
13180 22 0.36
13189 2 0.88
13190 28 0.61
13191 29 0.82
13195 10 0.97
13204 26 0.23
13206 26 0.87
13211 8 0.05
13213 6 0.71
13217 17 0.97
13226 23 0.07
13232 27 0.54
13233 1 0.54
13234 17 0.4
13240 8 0.72
13241 10 0.46
13242 9 0.48
13247 6 0.02
13253 27 0.35
13255 16 0.52
13257 4 0.2
13259 5 0.58
13268 29 0.77
13272 17 0.52
13275 5 0.46
13276 12 0.44
13278 5 0.45
13281 20 0.8
13289 14 0.12
13299 17 0.9
13310 23 0.27
13311 21 0.66
13312 2 0.33
13313 21 0.48
13318 5 0.45
13321 21 0.61
13324 23 0.38
13325 7 0.64
13327 17 0.51
13332 11 0.57
13333 6 0.16
13336 20 0.59
13344 9 0.09
13347 28 0.67
13355 3 0.21
13356 2 0.2
13359 3 0.23
13364 0 0.59
13367 15 0.08
13369 14 0.48
13370 29 0.06
13378 10 0.61
13380 23 0.37
13384 16 0.26
13387 17 0.49
13396 20 0.81
13398 25 0.74
13413 15 0.92
13419 13 0.71
13426 3 0.87
13431 12 0.71
13433 8 0.42
13436 22 0.23
13437 16 0.58
13441 23 0.44
13442 28 0.33
13452 27 0.16
13453 20 0.5
13454 20 0.28
13457 9 0.42
13458 9 0.6
13459 1 0.5
13462 17 0.13
13465 16 0.26
13468 13 0.29
13472 5 0.14
13479 26 0.72
13481 23 0.14
13490 18 0.99
13494 17 0.59
13495 6 0.04
13498 17 0.76
13500 0 0.23
13507 26 0.13
13508 13 0.36
13514 4 0.88
13517 21 0.93
13523 16 0.66
13526 6 0.05
13528 2 1.0
13531 14 0.54
13532 3 0.93
13533 13 0.17
13535 10 0.89
13541 17 0.5
13542 24 0.85
13552 27 0.36
13553 21 0.04
13556 16 0.08
13559 29 0.56
13561 26 0.09
13562 26 0.53
13568 0 0.82
13575 20 0.01
13580 1 0.42
13583 23 0.59
13585 20 0.96
13593 29 0.86
13594 9 0.72
13596 1 0.91
13605 24 0.84
13609 27 0.99
13613 23 0.3
13618 27 0.97
13624 3 0.06
13631 1 0.58
13637 2 0.72
13639 17 0.26
13653 28 0.65
13656 1 0.13
13658 16 0.92
13660 1 0.04
13662 1 0.82
13665 20 0.52
13666 17 0.04
13670 16 0.96
13673 29 0.87
13675 9 0.85
13677 22 0.48
13690 24 0.27
13697 21 0.1
13699 3 0.81
13700 11 0.35
13705 8 0.66
13707 24 0.94
13708 29 0.84
13711 9 0.46
13714 28 0.67
13719 1 0.75
13720 28 0.26
13724 22 0.54
13728 2 0.64
13729 4 0.26
13734 27 0.82
13742 1 0.25
13748 19 0.06
13749 10 0.52
13750 0 0.93
13751 1 0.88
13754 27 0.2
13755 26 0.8
13757 24 0.54
13758 25 0.41
13767 16 0.07
13768 28 0.2
13774 5 0.23
13779 22 0.49
13781 0 0.42
13782 22 0.83
13783 25 0.61
13784 7 0.4
13785 15 0.2
13788 27 0.47
13789 28 0.99
13796 4 0.31
13804 1 0.59
13805 14 0.42
13806 17 0.8
13807 22 0.75
13811 0 0.31
13815 29 0.83
13825 18 0.4
13829 20 0.36
13841 17 0.66
13842 28 0.33
13849 23 0.36
13855 15 0.58
13856 26 0.36
13862 13 0.11
13863 16 0.17
13864 0 0.43
13873 21 0.65
13880 6 0.57
13884 23 0.54
13890 24 0.92
13900 21 1.0
13909 6 0.53
13915 27 0.25
13925 16 0.26
13930 17 0.43
13942 9 0.59
13948 13 0.08
13949 19 0.31
13950 4 0.7
13957 14 0.5
13961 28 0.23
13963 29 0.27
13965 16 0.32
13971 3 0.94
13974 24 0.71
13976 10 0.93
13977 7 0.57
13978 7 0.39
13982 4 0.74
13988 4 0.29
13991 24 0.17
14002 25 0.63
14003 8 0.45
14004 0 0.33
14014 21 0.77
14017 27 0.56
14019 29 0.09
14036 10 0.98
14037 7 0.41
14039 3 0.25
14040 29 0.03
14048 16 0.67
14049 26 0.37
14056 12 0.76
14057 11 0.74
14058 14 0.27
14063 8 0.08
14064 6 0.21
14067 2 0.24
14070 18 0.34
14071 13 0.77
14079 14 0.92
14080 25 0.05
14082 5 0.81
14090 8 0.13
14091 20 0.39
14093 13 0.95
14095 0 0.02
14096 10 0.41
14104 3 0.19
14105 27 0.25
14109 19 0.19
14112 11 0.74
14115 20 0.09
14117 6 0.86
14118 5 0.43
14125 15 0.31
14133 16 0.89
14134 18 0.71
14137 26 0.12
14144 9 0.44
14154 17 0.13
14155 27 0.08
14156 0 0.26
14157 29 0.93
14164 6 0.72
14170 23 0.93
14171 13 0.74
14173 27 0.2
14176 28 0.84
14180 21 0.57
14184 6 0.81
14188 10 0.86
14189 21 0.15
14190 12 0.41
14193 0 0.2
14194 26 0.24
14199 23 0.83
14202 23 0.74
14203 26 0.45
14206 19 0.09
14208 0 0.49
14209 17 0.32
14213 8 0.29
14214 6 0.44
14218 18 0.8
14227 18 0.02
14231 27 0.87
14235 25 0.8
14237 11 0.48
14242 4 0.59
14253 15 0.24
14254 15 0.24
14283 2 0.48
14285 23 0.43
14290 27 0.92
14291 10 0.47
14305 8 0.9
14308 24 0.51
14309 0 0.51
14319 20 0.07
14320 25 0.31
14323 27 0.83
14326 0 0.97
14329 24 0.1
14335 2 0.5
14338 14 0.39
14339 26 0.52
14341 10 0.05
14345 24 0.12
14348 14 0.98
14349 12 0.28
14356 21 0.45
14358 21 0.98
14360 2 0.73
14361 24 0.72
14362 2 0.58
14363 13 0.82
14370 3 0.31
14372 26 0.35
14375 11 0.21
14377 13 0.67
14379 7 0.3
14381 29 0.92
14385 19 0.26
14388 8 0.01
14398 19 0.77
14402 0 0.72
14404 8 0.13
14407 11 0.49
14411 21 0.11
14415 26 0.57
14429 10 0.27
14430 23 0.77
14436 12 0.48
14437 18 0.62
14441 25 0.5
14450 2 0.1
14452 24 0.1
14455 0 0.77
14465 10 0.45
14470 21 0.54
14475 26 0.55
14476 3 0.65
14484 28 0.03
14485 19 0.13
14487 19 0.35
14488 23 0.93
14495 11 0.96
14496 22 0.69
14497 6 0.92
14501 0 0.68
14509 17 0.85
14510 0 0.71
14514 28 0.49
14515 16 0.23
14520 1 0.8
14521 14 0.17
14530 29 0.81
14537 5 0.98
14545 17 0.69
14547 7 0.97
14552 17 0.38
14553 1 0.75
14558 7 0.17
14559 10 0.08
14563 27 0.59
14566 22 0.56
14569 5 0.32
14572 25 0.52
14573 11 0.51
14576 20 0.13
14579 17 0.14
14588 3 0.89
14593 27 0.72
14594 5 0.43
14595 11 0.71
14599 16 0.82
14600 5 0.11
14601 6 0.43
14602 10 0.55
14608 28 0.6
14610 26 0.9
14616 14 0.36
14617 10 0.54
14623 22 0.09
14630 10 0.24
14632 22 0.81
14634 27 0.95
14635 9 0.12
14636 25 0.36
14643 24 0.21
14650 8 0.56
14665 29 0.63
14666 26 0.22
14667 9 0.14
14668 22 0.54
14671 9 0.85
14674 3 0.37
14678 2 0.08
14686 14 0.24
14691 16 0.45
14693 10 0.89
14694 23 0.5
14696 0 0.7
14697 0 0.34
14698 27 0.98
14701 0 0.26
14706 20 0.31
14714 9 0.77
14717 18 0.51
14720 15 0.97
14725 24 0.93
14728 21 0.61
14735 13 0.6
14762 14 0.33
14763 21 0.73
14769 27 0.09
14771 17 0.3
14776 2 0.73
14778 23 0.64
14780 28 0.07
14782 18 0.27
14785 29 0.59
14791 0 0.85
14792 9 0.81
14793 15 0.87
14794 22 0.2
14795 10 0.46
14797 25 0.64
14801 27 0.41
14804 20 0.93
14823 11 0.83
14824 14 0.86
14825 25 0.31
14829 11 0.93
14832 17 0.86
14835 18 0.06
14838 25 0.75
14842 27 0.47
14843 5 0.92
14847 10 0.53
14848 20 0.15
14849 18 0.8
14850 7 0.68
14852 0 0.58
14854 18 0.84
14855 16 0.21
14857 10 0.02
14858 11 0.21
14859 13 0.99
14867 26 0.02
14869 2 0.39
14870 10 0.81
14877 18 0.3
14883 4 0.42
14885 22 0.81
14886 13 0.33
14893 14 0.6
14903 29 0.6
14910 20 0.77
14912 15 0.54
14921 17 0.57
14923 19 0.27
14934 21 0.66
14937 6 0.24
14940 20 0.74
14941 20 0.37
14942 29 0.21
14944 26 0.96
14945 22 0.58
14950 11 0.9
14953 6 0.05
14954 9 0.73
14959 5 0.26
14965 8 0.21
14967 1 0.7
14968 16 0.82
14972 2 0.34
14973 17 0.13
14974 21 0.02
14977 10 0.7
14979 3 0.62
14986 9 0.2
14991 4 0.15
14999 8 0.63
15000 27 0.53
15002 14 0.24
15005 7 0.0
15016 29 0.88
15019 11 0.66
15024 20 0.51
15025 19 0.75
15026 29 0.77
15027 8 0.25
15034 19 0.25
15037 21 0.02
15042 29 0.92
15045 7 0.3
15047 21 0.93
15060 16 0.63
15061 1 0.75
15064 18 0.58
15069 14 0.58
15076 24 0.83
15082 26 0.06
15084 19 0.81
15097 3 0.89
15104 6 0.31
15107 14 0.37
15109 17 0.62
15110 13 0.77
15114 12 0.94
15115 5 0.64
15117 23 0.38
15119 1 0.72
15123 29 0.54
15132 6 0.88
15138 13 0.27
15142 0 0.1
15145 9 0.37
15146 8 0.45
15148 4 0.74
15153 1 0.54
15162 22 0.71
15164 2 0.92
15167 21 0.49
15168 1 0.16
15174 0 0.77
15180 10 0.22
15182 15 0.2
15184 10 0.66
15185 10 0.31
15191 25 0.82
15196 6 0.25
15204 8 0.25
15214 9 0.94
15216 19 0.31
15231 26 0.12
15236 2 0.76
15242 28 0.42
15245 12 0.23
15251 11 0.43
15252 5 0.77
15260 22 0.94
15261 13 0.47
15264 5 0.37
15265 29 0.62
15266 10 0.33
15269 20 0.36
15271 16 0.55
15272 15 0.08
15275 0 0.02
15279 14 0.97
15281 8 0.95
15283 26 0.9
15284 11 0.56
15285 12 0.87
15289 24 0.65
15294 10 0.03
15300 0 0.95
15301 2 0.02
15302 3 0.39
15321 10 0.08
15324 1 0.28
15325 9 0.78
15328 18 0.33
15335 3 0.38
15342 6 0.95
15348 17 0.68
15361 3 0.47
15369 2 0.04
15376 24 0.25
15379 4 0.51
15380 12 0.39
15383 9 0.51
15385 12 0.36
15387 22 0.36
15388 16 0.36
15396 13 0.52
15399 23 0.88
15400 13 0.94
15405 16 0.36
15424 8 0.79
15428 0 0.09
15436 25 0.73
15441 20 0.31
15442 28 0.01
15453 1 0.32
15454 24 0.07
15455 26 0.17
15462 17 0.2
15474 8 0.77
15477 4 0.02
15480 21 0.6
15482 12 0.74
15483 9 0.01
15489 28 0.05
15492 3 0.95
15494 17 0.54
15496 11 0.5
15498 23 0.82
15510 15 0.55
15517 15 0.81
15518 11 1.0
15519 13 0.4
15520 25 0.04
15530 29 0.69
15531 1 0.73
15539 25 0.64
15546 8 0.17
15563 15 1.0
15565 3 0.76
15571 19 0.92
15583 8 0.82
15589 24 0.92
15590 25 0.66
15596 0 0.98
15607 5 0.59
15608 12 0.01
15616 13 0.67
15620 26 0.4
15624 16 0.31
15627 29 0.07
15631 17 0.3
15639 22 0.04
15641 2 0.5
15642 11 0.6
15644 29 0.07
15650 28 0.94
15659 10 0.61
15661 3 0.84
15663 13 0.26
15673 12 0.76
15681 25 0.4
15683 24 0.1
15685 25 0.28
15689 19 0.37
15697 29 0.3
15701 21 0.57
15704 13 0.76
15706 23 0.72
15708 24 0.94
15711 0 0.06
15712 26 0.31
15713 7 0.75
15716 22 0.35
15724 2 0.18
15725 14 0.79
15729 24 0.5
15732 7 0.18
15733 4 0.2
15735 9 0.81
15737 6 0.76
15740 0 0.21
15749 6 0.59
15752 21 0.39
15754 26 0.77
15756 8 0.52
15774 8 0.17
15785 13 0.12
15787 7 0.99
15792 23 0.44
15802 16 0.72
15805 26 0.82
15807 3 0.24
15808 0 0.3
15810 15 0.08
15816 7 0.95
15818 14 0.23
15825 28 0.46
15830 18 0.2
15831 15 0.78
15833 10 0.93
15835 5 0.81
15836 9 0.08
15837 19 0.83
15838 18 0.4
15840 5 0.12
15842 10 0.99
15844 2 0.23
15848 9 0.23
15851 5 0.94
15858 3 0.85
15861 18 0.2
15862 11 0.82
15864 13 0.09
15869 12 0.85
15870 9 0.88
15872 24 0.76
15877 18 0.2
15881 22 0.61
15894 8 0.53
15896 13 0.36
15897 24 0.67
15901 12 0.0
15903 24 0.99
15910 15 0.1
15915 2 0.71
15918 28 0.96
15921 20 0.38
15924 8 0.14
15925 4 0.23
15927 24 0.2
15932 0 0.2
15935 3 0.69
15936 29 0.05
15938 12 0.47
15939 11 0.21
15941 26 0.13
15943 4 0.17
15944 4 0.29
15951 2 0.31
15956 27 0.73
15958 5 0.93
15959 23 0.22
15966 18 0.51
15969 9 0.49
15970 2 0.32
15973 19 0.52
15976 7 0.3
15981 21 0.4
15983 2 0.17
15987 20 0.6
15988 19 0.19
15990 20 0.61
15997 17 0.16
16001 8 0.76
16002 2 0.99
16003 20 0.38
16007 8 0.66
16008 8 0.98
16016 15 0.62
16020 16 0.92
16021 28 0.22
16022 21 0.66
16024 19 0.26
16026 0 0.77
16029 22 0.05
16031 29 0.29
16044 28 0.73
16045 7 0.0
16049 2 0.3
16050 19 0.37
16051 13 0.96
16056 19 0.62
16061 18 0.94
16062 1 0.95
16067 5 0.05
16068 15 0.9
16069 2 0.45
16072 18 0.06
16073 20 0.55
16079 25 0.18
16080 0 0.48
16094 6 0.67
16098 3 0.55
16099 23 0.29
16100 1 0.56
16104 7 0.01
16105 7 0.77
16110 18 0.16
16112 6 0.46
16113 15 0.18
16119 1 0.96
16122 28 0.2
16123 28 0.02
16127 11 0.66
16130 3 0.08
16145 23 0.11
16150 20 0.48
16158 26 0.51
16159 15 0.91
16170 13 0.9
16175 24 0.88
16179 29 0.84
16181 3 0.17
16183 2 0.77
16185 15 0.78
16192 2 0.12
16193 5 0.75
16197 11 0.52
16198 15 0.35
16200 8 0.5
16204 13 0.73
16214 7 0.54
16223 25 0.2
16230 17 0.23
16231 10 0.69
16234 25 0.69
16238 16 0.21
16240 12 0.68
16243 14 0.3
16248 12 0.6
16250 18 0.44
16262 21 0.81
16265 0 0.35
16269 13 0.34
16270 28 0.26
16274 9 0.7
16276 12 0.77
16279 6 0.83
16282 1 0.75
16285 7 0.89
16287 14 0.19
16291 11 0.75
16293 9 0.54
16294 17 0.32
16301 16 0.6
16302 29 0.37
16303 19 0.99
16311 12 0.33
16312 23 0.4
16316 8 0.06
16318 27 0.14
16321 5 0.53
16322 18 0.16
16324 23 0.54
16329 5 0.35
16330 13 0.32
16332 10 0.67
16340 27 0.42
16341 6 0.32
16345 13 0.05
16346 18 0.63
16350 17 0.85
16361 9 0.12
16362 26 0.84
16364 25 0.45
16367 19 0.26
16373 0 0.86
16374 24 0.51
16379 22 0.39
16384 19 0.72
16387 21 0.38
16390 15 0.21
16396 0 0.98
16397 6 0.47
16399 0 0.68
16400 5 0.42
16407 6 0.69
16409 19 0.48
16411 29 0.41
16413 21 0.8
16414 19 0.46
16428 15 0.74
16429 28 0.84
16431 18 0.66
16434 11 0.46
16435 23 0.05
16436 26 0.19
16440 8 0.2
16442 22 0.35
16446 16 0.7
16449 21 0.19
16450 1 0.57
16453 24 0.93
16454 27 0.65
16458 17 0.45
16460 10 1.0
16462 16 0.6
16464 7 0.84
16465 7 0.83
16466 6 0.68
16470 14 0.26
16474 16 0.65
16477 16 0.17
16485 3 0.28
16491 18 0.49
16492 11 0.31
16495 13 1.0
16498 9 0.13
16501 22 0.88
16503 24 0.93
16508 15 0.44
16514 7 0.35
16519 19 0.67
16523 28 0.69
16527 9 0.55
16528 16 0.54
16531 14 0.79
16534 16 0.98
16537 9 0.25
16540 9 0.6
16541 20 0.71
16542 0 0.09
16543 9 0.79
16550 9 0.57
16553 5 0.19
16556 9 0.44
16562 11 0.96
16567 16 0.71
16568 10 0.14
16580 13 0.72
16587 18 0.81
16591 14 0.41
16592 8 0.08
16594 1 0.26
16595 4 0.86
16598 28 0.86
16602 21 0.22
16609 18 0.31
16619 28 0.08
16621 8 0.55
16622 23 0.86
16630 22 0.1
16631 13 0.36
16636 16 0.53
16640 11 0.04
16650 22 0.55
16654 22 0.42
16655 11 0.73
16664 22 0.12
16666 17 0.4
16671 9 0.06
16674 19 0.65
16678 26 0.69
16683 10 0.68
16690 1 0.75
16699 9 0.22
16704 20 0.06
16709 19 0.07
16714 27 0.41
16723 23 0.11
16726 11 0.02
16740 23 0.17
16744 17 0.25
16745 7 0.31
16746 3 0.53
16760 0 0.18
16767 18 0.34
16769 3 0.22
16770 7 0.68
16782 20 0.23
16786 22 0.76
16787 20 0.7
16790 26 0.75
16793 15 0.54
16795 24 0.24
16797 18 0.65
16798 20 0.39
16799 11 0.61
16803 6 0.03
16806 26 0.98
16809 15 0.59
16815 24 0.89
16816 14 0.6
16817 24 0.45
16818 22 0.07
16819 15 0.0
16820 7 0.14
16824 5 0.26
16826 4 0.69
16831 10 0.32
16834 19 0.73
16835 8 0.13
16840 2 0.55
16848 4 0.1
16853 2 0.4
16860 1 0.1
16861 13 0.16
16862 8 0.52
16867 29 0.24
16871 1 0.53
16872 25 0.4
16873 1 0.31
16875 13 0.81
16876 27 0.83
16877 21 0.13
16879 4 0.27
16881 27 0.16
16889 5 0.49
16890 20 0.55
16894 24 0.35
16896 3 0.62
16901 6 0.58
16906 14 0.0
16911 14 0.13
16920 20 0.48
16921 15 0.53
16931 20 0.08
16937 28 0.55
16941 9 0.96
16943 25 0.3
16945 5 0.21
16948 19 0.57
16949 12 0.05
16952 21 0.72
16958 22 0.62
16959 9 0.61
16960 21 0.45
16966 5 0.37
16969 15 0.08
16971 7 0.95
16972 20 0.83
16975 4 0.52
16977 16 0.86
16979 4 0.15
16987 10 0.64
16988 0 0.61
16992 5 0.2
16994 20 0.45
16997 19 0.1
17000 4 0.58
17004 22 0.97
17010 8 0.23
17011 4 0.84
17013 11 0.59
17017 24 0.08
17025 1 0.89
17027 2 0.35
17029 3 0.66
17035 2 0.84
17046 1 0.81
17057 9 0.0
17059 16 0.94
17062 7 0.33
17065 20 0.88
17071 24 0.97
17073 14 0.08
17074 0 0.98
17083 1 0.75
17084 18 0.76
17092 15 0.5
17096 4 0.24
17097 18 0.7
17100 21 0.64
17106 4 0.32
17109 6 0.03
17110 0 0.26
17112 3 0.97
17122 14 0.34
17131 7 0.69
17132 13 0.56
17141 8 0.53
17143 6 0.44
17144 7 0.76
17146 16 0.26
17152 15 0.91
17154 22 0.92
17160 23 0.19
17171 6 0.77
17177 1 0.27
17182 23 0.83
17185 28 0.39
17188 23 0.73
17190 14 0.75
17192 12 0.42
17195 15 0.17
17198 21 0.04
17202 28 0.15
17204 26 0.55
17206 19 0.38
17207 0 0.46
17208 7 0.8
17209 11 0.89
17213 4 0.35
17218 5 0.48
17220 20 0.84
17228 26 0.42
17233 14 0.61
17236 2 0.86
17243 26 0.06
17244 18 0.02
17246 23 0.6
17255 29 0.36
17260 3 0.41
17264 1 0.52
17275 0 0.76
17277 9 0.1
17284 7 0.35
17288 7 0.68
17291 24 0.05
17292 6 0.31
17294 17 0.94
17299 14 0.69
17301 6 0.23
17304 19 0.21
17317 6 0.36
17321 2 0.79
17324 17 0.05
17333 1 0.06
17335 11 0.84
17338 4 0.39
17342 0 0.45
17352 24 0.49
17357 16 0.58
17362 13 0.76
17370 19 0.99
17372 27 0.33
17374 8 0.47
17390 15 0.28
17391 13 0.19
17392 2 0.73
17394 26 0.22
17398 11 0.11
17405 13 0.18
17407 3 0.77
17411 16 0.48
17417 29 0.1
17418 12 0.73
17419 9 0.36
17423 21 0.62
17429 16 0.32
17439 14 0.49
17440 17 0.81
17447 23 0.88
17455 7 0.73
17457 27 0.92
17460 7 0.16
17463 11 0.71
17465 6 0.85
17470 4 0.46
17474 24 0.34
17483 11 0.92
17492 11 1.0
17495 0 0.32
17502 9 0.16
17505 27 0.77
17508 26 0.79
17510 10 0.11
17512 4 0.31
17513 14 0.69
17516 12 0.2
17518 5 0.97
17522 12 0.45
17523 7 0.31
17528 26 0.32
17529 14 0.69
17530 20 0.71
17532 9 0.16
17533 3 0.71
17534 4 0.97
17538 22 0.59
17548 8 0.69
17556 26 0.5
17558 29 0.24
17559 5 0.27
17563 14 0.41
17565 20 0.88
17571 19 0.9
17573 4 0.07
17575 0 0.47
17577 8 0.4
17580 20 0.44
17581 20 0.68
17583 28 0.27
17602 25 0.81
17603 24 0.56
17605 4 0.45
17607 1 0.32
17608 18 0.05
17621 23 0.34
17622 26 0.52
17625 29 0.66
17627 1 0.42
17632 15 0.35
17635 28 0.76
17637 28 0.66
17640 19 0.81
17642 28 0.71
17643 23 0.76
17647 0 0.37
17648 20 0.13
17654 10 0.81
17655 8 0.29
17657 18 0.25
17660 3 0.29
17662 19 0.22
17663 26 0.7
17665 28 0.88
17666 11 0.92
17667 0 0.35
17680 22 0.11
17683 21 0.56
17684 14 0.22
17689 20 0.4
17691 24 0.01
17717 0 0.76
17721 25 0.81
17722 0 0.5
17725 21 0.29
17727 2 0.77
17728 1 0.87
17729 22 0.1
17730 26 0.54
17737 27 0.33
17738 10 0.2
17739 10 0.71
17743 4 0.26
17747 22 0.18
17749 25 0.37
17751 1 0.75
17753 24 0.36
17754 9 0.07
17771 15 0.95
17772 11 0.19
17773 29 0.23
17775 26 0.66
17776 11 0.67
17779 14 0.02
17784 6 0.06
17788 20 0.87
17790 14 0.11
17797 27 0.24
17799 13 0.52
17806 18 0.2
17809 9 0.08
17815 15 0.38
17816 1 0.34
17817 16 0.21
17824 5 0.51
17827 16 0.75
17833 6 0.86
17838 23 0.02
17841 10 0.76
17845 2 0.02
17852 5 0.25
17856 20 0.33
17859 24 0.42
17866 13 0.06
17867 20 0.55
17870 2 0.2
17871 26 0.8
17876 12 0.44
17885 19 0.34
17889 18 0.99
17893 28 0.72
17894 9 0.77
17896 12 0.55
17898 9 0.83
17899 2 0.12
17900 19 0.17
17901 7 0.74
17903 19 0.65
17907 14 0.22
17913 7 0.35
17918 13 0.5
17921 24 0.23
17926 12 0.24
17931 22 0.7
17932 5 0.99
17933 3 0.26
17934 27 0.73
17936 29 0.46
17939 23 0.57
17943 19 0.23
17944 9 0.48
17945 29 0.92
17946 21 0.97
17955 23 0.04
17962 2 0.5
17964 6 0.36
17965 27 0.89
17975 21 0.99
17979 13 0.24
17980 11 1.0
17988 3 0.54
17989 25 0.43
17990 29 0.55
17999 2 0.58
18004 2 0.37
18005 23 0.19
18008 14 0.44
18010 6 0.7
18022 9 0.92
18029 18 0.99
18034 1 0.89
18036 27 0.09
18044 16 0.25
18046 15 0.35
18050 23 0.44
18052 12 0.35
18053 25 0.55
18059 22 0.07
18061 10 0.9
18066 7 0.96
18067 15 0.05
18068 28 0.3
18071 23 0.19
18074 6 0.87
18081 10 0.7
18089 28 0.39
18090 26 0.69
18091 3 0.42
18099 26 0.3
18100 11 0.56
18103 22 0.96
18112 3 0.77
18116 9 0.65
18117 17 0.18
18124 23 0.64
18126 25 0.38
18128 25 0.65
18131 12 0.51
18149 9 0.07
18151 21 0.02
18154 25 0.81
18155 11 0.91
18156 2 0.62
18165 13 0.99
18166 29 0.12
18168 24 0.85
18169 2 0.45
18171 27 0.51
18186 24 0.13
18194 28 0.12
18195 29 0.76
18196 25 0.58
18205 10 0.13
18213 9 0.05
18219 10 0.93
18222 6 0.29
18232 7 0.06
18234 27 0.1
18249 17 0.02
18257 7 0.85
18265 23 0.03
18267 6 0.43
18275 2 0.62
18287 0 0.72
18292 4 0.65
18295 18 0.75
18301 1 0.16
18303 25 0.25
18307 18 0.14
18310 21 0.16
18323 7 0.98
18326 14 0.84
18329 10 0.74
18332 29 0.73
18337 6 0.83
18338 28 1.0
18345 19 0.4
18350 23 0.51
18357 1 0.6
18359 21 0.77
18361 21 0.48
18364 16 0.54
18369 22 0.23
18371 2 0.89
18372 2 0.96
18373 20 0.79
18390 3 0.57
18392 1 0.81
18393 28 0.22
18399 13 0.47
18415 5 0.61
18418 3 0.77
18431 28 0.19
18432 19 0.73
18439 13 0.05
18440 16 0.61
18442 24 0.02
18443 27 0.87
18449 2 0.55
18450 26 0.5
18455 14 0.67
18457 9 0.87
18464 16 0.49
18472 7 0.57
18473 28 0.32
18485 9 0.77
18489 19 0.42
18491 14 0.01
18492 22 0.61
18495 21 0.56
18498 21 0.82
18501 9 0.46
18503 13 0.72
18510 3 0.45
18513 4 0.08
18515 25 0.35
18517 3 0.62
18518 4 0.01
18521 7 0.9
18528 26 0.44
18532 0 0.61
18536 17 0.63
18541 12 0.34
18542 3 0.69
18543 20 0.73
18545 25 0.4
18546 10 0.06
18554 8 0.47
18558 13 0.84
18561 19 0.34
18564 22 0.17
18566 10 0.7
18573 12 0.04
18580 6 0.93
18582 3 0.08
18588 29 0.96
18595 3 0.37
18600 21 0.09
18602 29 0.87
18603 4 0.25
18622 29 0.87
18626 3 0.61
18627 4 0.9
18628 7 0.61
18629 17 0.06
18633 5 0.78
18639 11 0.7
18644 14 0.1
18648 3 0.18
18649 8 0.2
18650 13 0.24
18651 24 0.75
18652 15 0.56
18655 6 0.34
18662 8 0.95
18663 17 0.55
18665 4 0.71
18666 25 0.1
18671 24 0.69
18683 29 0.07
18684 7 0.99
18690 8 0.15
18691 10 0.66
18701 17 0.63
18711 7 0.44
18712 1 0.18
18716 11 0.95
18719 14 0.4
18721 0 0.32
18722 3 0.38
18724 27 0.77
18728 1 0.15
18729 3 0.21
18735 29 0.9
18736 19 0.0
18740 18 0.62
18743 0 0.22
18745 24 0.64
18750 20 0.69
18752 1 0.33
18756 7 0.52
18757 22 0.93
18761 0 0.86
18765 23 0.66
18766 14 0.27
18770 6 0.39
18780 25 0.38
18786 27 0.3
18789 21 0.31
18791 26 0.83
18792 21 0.68
18795 10 0.52
18797 29 0.09
18799 19 0.25
18800 12 0.94
18803 29 0.3
18809 22 0.36
18810 3 0.86
18818 20 0.35
18828 23 0.45
18833 16 0.82
18843 16 0.51
18846 2 0.43
18848 28 0.45
18850 16 0.81
18857 11 0.96
18859 17 0.28
18864 13 0.2
18867 20 0.56
18870 21 0.97
18872 2 0.18
18873 29 0.99
18874 2 0.79
18877 10 0.83
18880 3 0.82
18881 4 0.46
18882 21 0.37
18889 12 0.77
18893 18 0.32
18894 27 0.85
18899 22 0.03
18909 14 0.4
18910 13 0.19
18915 13 0.65
18916 9 0.76
18918 13 0.79
18926 29 0.73
18929 28 0.26
18930 14 0.18
18932 23 0.14
18934 20 0.37
18935 26 0.55
18941 28 0.16
18949 22 0.24
18951 1 0.02
18967 23 0.19
18971 15 0.64
18974 24 0.55
18976 28 0.14
18980 26 0.09
18982 23 0.05
19001 15 0.27
19002 26 0.59
19008 16 0.82
19009 12 0.64
19010 17 0.62
19016 20 0.36
19026 17 0.97
19032 3 0.61
19036 18 0.4
19037 5 0.74
19039 7 0.26
19040 22 0.69
19054 11 0.01
19055 27 0.47
19061 7 0.97
19068 3 0.98
19071 2 0.27
19075 19 0.17
19080 21 0.44
19085 7 0.58
19086 21 0.45
19091 26 0.34
19094 19 0.37
19102 23 0.14
19105 13 0.12
19108 5 0.49
19110 28 0.48
19116 25 0.98
19117 24 0.36
19123 2 0.32
19126 13 0.06
19127 25 0.39
19130 29 0.01
19131 9 0.06
19143 22 0.1
19146 20 0.09
19147 23 0.45
19154 13 0.99
19155 1 0.26
19157 9 0.43
19158 29 0.59
19159 19 0.48
19160 18 0.36
19161 15 0.35
19166 13 0.5
19169 23 0.01
19171 14 0.38
19173 24 0.57
19178 28 0.02
19183 2 0.7
19185 4 0.41
19186 13 0.9
19188 0 0.2
19191 6 0.18
19199 19 0.63
19201 7 0.47
19207 17 0.92
19210 26 0.58
19212 1 0.09
19216 25 0.3
19217 28 0.16
19221 22 0.46
19224 20 0.01
19234 14 0.41
19235 28 0.53
19237 21 0.91
19240 4 0.22
19241 0 0.04
19245 12 0.44
19249 1 0.6
19252 6 0.11
19258 3 0.33
19259 11 0.85
19260 17 0.99
19264 8 0.93
19278 14 0.13
19284 19 0.99
19288 11 0.41
19290 3 0.34
19297 27 0.87
19303 3 0.31
19313 19 0.63
19314 13 0.89
19322 5 0.57
19339 8 0.61
19346 11 0.28
19354 2 0.28
19355 26 0.95
19356 4 0.54
19357 27 0.61
19365 1 0.51
19372 8 0.68
19376 28 0.43
19382 9 0.06
19385 6 0.9
19388 29 0.42
19397 15 0.28
19404 6 0.47
19405 22 0.63
19410 0 0.51
19411 29 0.67
19415 3 0.27
19423 27 0.24
19424 19 0.54
19425 17 0.91
19430 26 0.68
19431 29 0.69
19432 18 0.92
19434 20 0.68
19443 17 0.18
19447 3 0.33
19453 11 0.38
19454 10 0.1
19456 8 0.19
19458 16 0.87
19461 17 0.75
19467 24 0.08
19469 16 0.45
19471 14 0.54
19474 12 0.71
19479 14 0.48
19486 24 0.39
19488 3 0.74
19489 18 0.55
19491 13 0.28
19492 25 0.93
19499 24 0.8
19501 7 0.88
19502 12 0.35
19505 16 0.66
19508 25 0.13
19513 6 0.36
19524 25 0.06
19525 29 0.37
19526 24 0.29
19530 3 0.99
19533 0 0.97
19540 3 0.5
19542 4 0.29
19543 25 0.48
19544 6 0.87
19545 19 0.17
19549 3 1.0
19550 17 0.32
19551 17 0.2
19561 15 0.19
19563 3 0.87
19569 22 0.56
19573 9 0.46
19580 3 0.99
19585 18 0.1
19587 1 0.93
19588 10 0.42
19592 11 0.54
19596 8 0.18
19597 4 0.26
19603 2 0.92
19606 8 0.12
19607 25 0.38
19608 27 0.49
19609 18 0.78
19611 16 0.54
19612 3 0.95
19614 9 0.98
19619 13 0.65
19637 15 0.57
19643 4 0.67
19646 10 0.6
19647 4 0.78
19649 22 0.56
19654 3 0.39
19656 7 0.0
19657 29 0.73
19667 26 0.27
19668 7 0.24
19673 25 0.98
19675 27 0.4
19681 5 0.27
19685 15 0.41
19690 28 0.16
19694 23 0.21
19696 14 0.3
19698 18 0.9
19699 29 0.67
19700 5 0.56
19701 0 0.45
19707 21 0.58
19710 2 0.31
19713 20 0.26
19718 19 0.63
19722 29 0.58
19725 14 0.25
19727 27 0.07
19728 28 0.59
19729 17 0.93
19730 10 0.9
19734 19 0.44
19741 20 0.55
19744 14 0.35
19770 26 0.38
19771 16 0.58
19773 18 0.48
19776 12 0.22
19778 22 0.8
19784 2 0.35
19788 19 0.15
19792 8 0.29
19794 6 0.89
19796 0 0.11
19801 27 0.53
19802 9 0.48
19818 13 0.55
19820 29 0.27
19821 16 0.76
19822 18 0.63
19824 19 0.9
19826 4 0.23
19829 15 0.71
19841 18 0.89
19852 10 0.1
19856 9 0.97
19857 12 0.19
19866 9 0.42
19870 23 0.39
19876 14 0.71
19895 12 0.01
19905 16 0.25
19906 4 0.98
19912 3 0.93
19913 17 0.87
19916 12 0.75
19923 26 0.76
19924 2 0.87
19930 3 0.55
19939 8 0.53
19942 16 0.24
19943 16 0.47
19944 22 0.88
19955 29 0.12
19973 25 0.34
19977 8 0.21
19979 16 0.35
19980 2 0.85
19981 25 0.38
19982 10 0.28
19983 15 0.8
19993 15 0.67
19997 0 0.53
20006 28 0.78
20008 11 0.84
20016 1 0.88
20022 26 0.3
20026 6 0.63
20030 8 0.98
20034 11 0.62
20039 9 0.07
20044 22 0.83
20045 5 0.55
20048 6 0.83
20051 0 0.68
20054 23 0.96
20057 5 0.12
20060 11 0.02
20067 28 0.68
20072 11 1.0
20078 14 0.78
20080 11 0.87
20081 11 0.99
20082 2 0.47
20085 26 0.6
20088 3 0.72
20091 0 1.0
20093 11 0.05
20094 7 0.33
20098 9 0.53
20099 27 0.86
20100 29 0.63
20102 8 0.52
20103 26 0.81
20113 9 0.53
20119 26 0.91
20121 6 0.52
20123 28 0.46
20124 26 0.17
20136 6 0.89
20137 8 0.67
20139 28 0.24
20146 25 0.32
20150 2 0.41
20151 28 0.03
20155 28 0.65
20160 23 0.3
20161 26 0.31
20163 8 0.32
20166 10 0.07
20170 29 0.16
20176 13 0.43
20178 21 0.23
20179 16 0.49
20182 8 0.69
20186 19 0.91
20187 22 0.21
20195 10 0.47
20197 25 0.96
20198 15 0.95
20205 26 0.78
20213 10 0.03
20217 7 0.24
20223 13 0.69
20225 9 0.66
20231 13 0.14
20233 4 0.09
20239 19 0.24
20245 10 0.08
20246 3 0.28
20251 9 0.79
20252 10 0.44
20254 8 0.35
20256 20 0.02
20265 21 0.93
20267 8 0.26
20272 1 0.61
20273 16 0.57
20274 29 0.79
20282 9 0.46
20284 10 0.75
20287 0 0.73
20291 22 0.24
20296 6 0.38
20311 17 0.4
20313 24 0.07
20319 3 0.93
20320 22 0.17
20333 15 0.37
20342 0 0.44
20344 9 0.54
20348 10 0.15
20349 4 0.04
20350 14 0.53
20368 9 0.76
20373 11 0.48
20374 25 0.37
20378 21 0.14
20384 2 0.33
20386 14 0.21
20387 24 0.05
20388 19 0.11
20389 25 0.98
20390 25 0.94
20391 18 0.92
20395 25 0.07
20396 20 0.71
20397 16 0.73
20398 0 0.73
20400 7 0.11
20402 9 0.89
20406 24 0.92
20407 9 0.9
20416 2 0.33
20418 23 0.94
20423 7 0.65
20427 17 0.88
20428 23 0.35
20433 29 0.6
20434 6 0.14
20435 16 0.18
20440 14 0.73
20441 21 0.67
20442 1 0.3
20448 23 0.49
20450 9 0.27
20456 25 0.02
20459 13 0.18
20461 25 0.73
20476 14 0.7
20480 21 0.14
20482 11 0.51
20488 21 0.02
20489 12 0.22
20494 25 0.53
20498 24 0.21
20499 24 0.22
20502 7 0.07
20505 8 0.06
20511 28 0.56
20512 5 0.48
20513 7 0.88
20516 15 0.9
20521 20 0.56
20524 22 0.6
20525 26 0.68
20527 14 0.02
20529 3 0.39
20536 5 0.79
20538 4 0.02
20540 20 1.0
20545 29 0.24
20546 25 0.01
20550 21 0.02
20552 27 0.66
20556 28 0.3
20557 2 0.01
20560 19 0.35
20562 8 0.51
20563 15 0.52
20570 13 0.83
20580 4 0.91
20582 29 0.66
20586 26 0.5
20587 16 0.49
20591 25 0.08
20594 22 0.89
20597 22 0.59
20598 19 0.56
20605 7 0.93
20608 5 0.97
20611 27 0.46
20615 18 0.07
20624 2 0.69
20628 18 0.71
20630 2 0.53
20634 7 0.78
20641 22 0.37
20643 5 0.37
20645 21 0.31
20647 20 0.2
20663 21 0.34
20668 10 0.15
20669 12 0.77
20671 20 0.47
20672 14 0.84
20681 25 0.02
20686 16 0.79
20689 10 0.32
20696 21 0.94
20708 17 0.13
20712 16 0.67
20714 2 0.2
20723 19 0.11
20725 22 0.93
20729 18 0.63
20732 18 0.73
20733 22 0.78
20735 9 0.36
20736 8 0.95
20741 0 0.47
20742 21 0.76
20749 22 0.84
20751 26 0.98
20757 23 0.17
20762 5 0.19
20765 10 0.42
20766 7 0.19
20776 11 0.38
20778 18 0.24
20779 7 0.04
20781 5 0.72
20782 7 0.14
20786 8 0.07
20792 0 0.87
20794 11 0.82
20802 27 0.94
20806 27 0.83
20807 15 0.18
20817 12 0.82
20820 22 0.53
20821 0 0.37
20822 3 0.89
20823 16 0.94
20830 7 0.23
20834 6 0.55
20844 5 0.18
20845 2 0.79
20856 16 0.53
20860 20 0.14
20862 28 0.24
20870 11 0.83
20871 16 0.22
20873 19 0.21
20877 14 0.85
20878 14 0.48
20885 1 0.87
20886 0 0.06
20892 14 0.76
20898 7 0.65
20899 6 0.55
20900 7 0.03
20908 21 0.79
20912 28 0.83
20914 14 0.85
20916 21 0.26
20921 8 0.12
20922 6 0.67
20923 24 0.98
20928 19 0.67
20933 8 0.0
20934 0 0.47
20946 28 0.91
20947 21 0.1
20950 0 0.63
20953 22 0.23
20956 11 0.66
20958 21 0.59
20965 21 0.55
20968 26 0.85
20970 21 0.65
20980 1 0.22
20981 14 0.72
20983 10 0.52
20984 23 0.46
20988 2 0.65
20997 28 0.62
20999 6 0.5
21003 24 0.36
21010 25 0.43
21011 12 0.07
21016 28 0.1
21021 5 0.8
21022 21 0.93
21023 17 0.61
21026 19 0.89
21032 14 0.93
21033 13 0.1
21035 0 0.02
21038 25 0.04
21039 27 0.74
21041 2 0.43
21042 2 0.19
21048 24 0.32
21055 29 0.84
21061 25 0.63
21062 10 0.7
21065 27 0.92
21066 14 0.73
21069 26 0.69
21074 23 0.53
21082 18 0.62
21086 6 0.18
21089 22 0.38
21090 16 0.81
21095 22 0.13
21098 12 0.62
21109 15 0.54
21113 19 0.64
21116 3 0.61
21120 11 0.2
21123 26 0.79
21124 11 0.85
21127 17 0.56
21129 27 0.44
21130 26 0.25
21132 10 0.13
21138 16 0.74
21140 14 0.87
21147 2 0.17
21154 27 0.12
21160 8 0.19
21163 10 0.79
21164 6 0.01
21165 7 0.5
21166 7 0.05
21168 9 0.82
21169 17 0.19
21170 15 0.24
21175 12 0.85
21185 28 0.21
21193 13 0.17
21198 10 0.07
21206 7 0.65
21231 0 0.09
21245 7 0.86
21248 14 0.83
21252 12 0.92
21254 13 0.93
21257 3 0.25
21266 19 0.51
21272 3 0.35
21277 10 0.55
21282 5 0.5
21284 29 0.72
21289 16 0.57
21290 16 0.91
21297 1 0.9
21298 12 0.56
21302 11 0.75
21305 27 0.27
21310 4 0.3
21316 16 0.75
21320 19 0.11
21327 16 0.38
21338 25 0.21
21343 20 0.25
21346 25 0.39
21349 29 0.7
21350 20 0.26
21352 16 0.14
21353 5 0.52
21355 26 0.19
21358 23 0.92
21360 16 0.89
21366 5 0.89
21376 1 0.56
21377 22 0.33
21382 10 0.49
21387 28 1.0
21389 2 0.96
21391 9 0.71
21394 24 0.4
21400 23 0.33
21402 16 0.26
21409 16 0.84
21411 13 0.66
21417 12 0.92
21418 2 0.44
21419 27 0.13
21422 20 0.28
21425 10 0.21
21428 7 0.74
21431 13 0.06
21432 2 0.16
21440 13 0.36
21442 20 0.96
21449 26 0.41
21451 17 0.96
21456 24 0.72
21462 17 0.54
21466 8 0.72
21469 3 0.66
21475 22 0.37
21481 22 0.73
21484 15 0.11
21495 0 0.83
21498 3 0.15
21502 1 0.99
21506 25 0.09
21507 7 0.05
21515 5 0.95
21522 6 0.32
21526 13 0.54
21530 25 0.74
21543 28 0.62
21548 1 0.43
21560 27 0.56
21562 26 0.74
21565 12 0.63
21566 25 0.85
21570 3 0.23
21572 0 0.92
21575 7 0.37
21578 12 0.86
21579 5 0.69
21582 22 0.31
21584 6 0.82
21588 10 0.54
21590 2 0.94
21594 23 0.65
21595 10 0.19
21597 6 0.53
21601 13 0.89
21604 10 0.55
21605 4 0.29
21609 5 0.92
21611 13 0.73
21617 17 0.14
21618 3 0.47
21619 18 0.07
21623 7 0.17
21626 4 0.67
21627 5 0.7
21634 9 0.65
21635 23 0.67
21636 11 0.48
21638 8 0.22
21640 16 0.87
21643 16 0.18
21645 5 0.33
21647 17 0.51
21650 0 0.25
21653 23 0.0
21654 25 0.4
21660 1 0.43
21676 18 0.31
21677 22 0.54
21681 6 0.6
21682 26 0.62
21686 22 0.35
21688 4 0.43
21694 19 0.86
21701 9 0.73
21702 28 0.85
21706 24 0.55
21707 29 0.9
21716 14 0.14
21718 14 0.81
21720 28 0.43
21723 8 0.13
21733 3 0.33
21734 27 0.56
21735 11 0.02
21749 5 0.69
21754 14 0.05
21761 17 0.03
21768 8 0.55
21774 1 0.43
21775 27 0.4
21779 29 0.52
21782 14 0.29
21783 24 0.41
21786 16 0.71
21788 12 0.84
21792 15 0.58
21799 15 0.37
21803 20 0.25
21809 17 0.5
21810 7 0.27
21811 11 0.18
21815 14 0.41
21820 8 0.17
21830 11 0.49
21834 24 0.81
21839 18 0.08
21841 1 0.07
21845 29 0.63
21849 1 0.86
21853 27 0.22
21855 6 0.59
21860 4 0.4
21865 25 0.14
21872 24 0.61
21874 25 0.72
21875 19 0.33
21884 19 0.52
21888 20 0.17
21894 28 0.79
21898 29 0.07
21900 4 0.88
21902 3 0.42
21906 21 0.22
21915 5 0.78
21916 13 0.54
21921 7 0.26
21922 2 0.51
21924 26 0.14
21931 11 0.45
21934 2 0.92
21935 7 0.74
21936 21 0.32
21940 24 0.86
21944 23 0.75
21945 2 0.42
21950 12 0.44
21951 2 0.67
21957 24 0.86
21958 26 0.06
21960 28 0.54
21962 13 0.26
21965 0 0.14
21968 29 0.67
21974 14 0.84
21975 14 0.65
21976 25 0.91
21977 17 0.45
21979 28 0.01
21981 28 0.31
21985 19 0.84
21989 0 0.67
21991 23 1.0
21999 22 0.12
22007 10 0.91
22015 10 0.99
22017 1 0.39
22018 8 0.68
22020 23 0.99
22022 10 0.83
22031 19 0.71
22036 5 0.95
22039 14 0.2
22061 14 0.97
22063 14 0.42
22064 7 0.37
22068 18 0.18
22069 1 0.41
22071 9 0.21
22078 21 0.71
22080 24 0.7
22091 5 0.08
22099 2 0.15
22100 18 0.57
22101 14 0.41
22103 14 0.59
22107 27 0.8
22111 19 0.72
22112 13 0.14
22120 27 0.55
22127 7 0.61
22128 1 0.25
22130 4 0.01
22131 23 0.37
22133 16 0.4
22134 24 0.34
22145 3 0.1
22146 18 0.54
22147 25 0.9
22153 19 0.51
22158 10 0.97
22160 22 0.19
22163 3 0.72
22164 27 0.4
22174 21 0.96
22178 26 0.03
22181 9 0.69
22193 4 0.51
22195 20 0.88
22197 4 0.23
22201 28 0.62
22204 25 0.72
22217 14 0.24
22221 6 0.58
22222 14 0.06
22223 17 0.52
22224 10 0.27
22226 25 0.09
22231 15 0.53
22234 20 0.37
22241 23 0.82
22250 8 0.2
22255 25 0.19
22259 2 0.17
22270 22 0.9
22272 28 0.67
22277 2 0.86
22281 17 0.32
22282 4 0.62
22290 27 0.15
22293 29 0.01
22294 19 0.45
22300 17 0.45
22302 21 0.55
22308 12 0.91
22312 9 0.01
22324 6 0.57
22333 10 0.54
22339 7 0.42
22340 9 0.91
22343 7 0.83
22344 14 0.98
22346 6 0.98
22353 26 0.4
22354 6 0.81
22359 28 0.68
22360 1 0.95
22361 20 0.22
22363 1 0.78
22368 21 0.08
22381 11 0.21
22385 22 0.54
22392 26 0.91
22397 22 0.99
22403 4 0.83
22411 22 0.99
22412 8 0.15
22413 8 0.69
22418 28 0.31
22421 25 0.96
22422 17 0.46
22425 18 0.62
22441 15 0.66
22442 10 0.91
22447 24 0.2
22448 4 0.34
22455 20 0.35
22458 2 0.57
22459 15 0.43
22462 9 0.71
22470 12 0.7
22476 20 0.53
22481 9 0.73
22483 2 0.58
22488 23 0.4
22489 3 0.95
22490 22 0.93
22491 18 0.36
22494 17 0.6
22495 22 0.53
22496 18 0.4
22497 18 0.54
22500 1 0.56
22505 7 0.16
22506 11 0.13
22511 19 0.32
22512 6 0.79
22513 3 0.69
22514 15 0.68
22518 18 0.49
22520 28 0.25
22532 1 0.03
22534 16 0.45
22546 7 0.95
22549 24 0.94
22552 24 0.27
22554 1 0.61
22555 24 0.92
22559 5 0.08
22560 13 0.4
22561 3 0.81
22563 16 0.47
22564 0 0.31
22566 7 0.36
22571 5 0.28
22574 9 0.82
22590 18 0.9
22597 28 0.56
22600 9 0.6
22601 9 0.57
22604 17 0.45
22611 21 0.31
22613 19 0.72
22622 23 0.29
22625 24 0.32
22634 21 0.12
22635 22 0.04
22639 10 0.62
22648 24 0.74
22650 16 0.52
22652 1 0.19
22654 18 0.75
22655 21 0.37
22656 29 0.79
22664 23 0.62
22667 0 0.98
22675 6 0.71
22682 11 0.67
22684 18 0.66
22687 20 0.14
22690 22 0.02
22692 0 0.37
22695 2 0.95
22705 2 0.34
22708 4 0.13
22713 16 0.03
22714 7 0.36
22716 24 0.41
22717 17 0.12
22723 5 0.4
22727 15 0.31
22730 11 0.89
22731 3 0.92
22732 13 0.33
22735 11 0.34
22740 15 0.72
22741 8 0.71
22744 4 0.74
22746 23 0.26
22752 10 0.4
22768 4 0.33
22773 16 0.44
22776 10 0.3
22777 6 0.14
22778 0 0.16
22784 23 0.57
22786 20 0.7
22794 25 0.6
22799 21 0.4
22804 10 0.79
22806 8 0.85
22807 3 0.42
22810 15 0.08
22812 8 0.13
22816 2 0.7
22817 15 0.04
22818 12 0.22
22824 22 0.51
22825 10 0.6
22834 21 0.76
22859 21 0.58
22860 2 0.97
22861 11 0.83
22879 18 0.45
22880 26 0.96
22888 6 0.16
22890 21 0.46
22896 18 0.07
22901 11 0.92
22908 27 0.5
22911 11 0.1
22921 23 0.9
22923 24 0.21
22930 8 0.13
22937 21 0.01
22938 22 0.04
22939 29 0.63
22951 7 0.76
22959 27 0.61
22963 21 0.32
22964 19 0.29
22967 1 0.39
22979 2 0.65
22980 12 0.86
22984 24 0.91
22989 18 0.28
22991 7 0.71
22998 15 0.18
23001 0 0.93
23002 16 0.86
23007 7 0.45
23009 16 0.68
23013 25 0.53
23015 24 0.54
23017 17 0.13
23019 12 0.66
23024 6 0.13
23030 14 0.9
23032 15 0.23
23034 12 0.92
23039 16 0.9
23045 25 0.23
23046 28 0.88
23047 8 0.8
23048 14 0.12
23053 21 0.47
23056 8 0.18
23057 17 0.03
23060 2 0.19
23075 2 0.56
23083 24 0.74
23084 6 0.43
23085 5 0.07
23088 1 0.17
23092 13 0.29
23093 14 0.21
23096 22 0.58
23100 3 0.16
23103 26 0.87
23104 19 0.05
23105 19 0.52
23106 19 0.71
23108 12 0.3
23121 12 0.9
23122 8 0.27
23128 26 0.46
23130 16 0.67
23133 8 0.81
23137 25 0.93
23140 15 0.51
23144 23 0.52
23146 9 0.1
23150 6 0.66
23158 9 0.38
23163 6 0.04
23164 2 0.14
23168 2 0.62
23169 15 0.09
23171 3 0.87
23174 21 0.57
23176 3 0.54
23180 2 0.22
23191 27 0.41
23202 24 0.21
23204 15 0.24
23212 20 0.96
23216 6 0.95
23219 24 0.06
23220 28 0.12
23225 16 0.63
23226 8 0.86
23228 24 0.49
23233 19 0.27
23239 25 0.23
23245 26 0.07
23246 14 0.92
23250 11 0.51
23251 7 0.33
23252 3 0.06
23257 3 0.01
23261 2 0.74
23266 26 0.08
23278 19 0.87
23280 8 0.42
23282 13 0.72
23291 13 0.66
23297 25 0.36
23301 13 0.54
23302 18 0.44
23317 19 0.35
23323 20 0.47
23333 24 0.98
23334 5 0.01
23338 5 0.91
23344 13 0.83
23349 24 0.87
23351 0 0.15
23352 8 0.79
23375 8 0.34
23376 16 0.55
23379 24 0.3
23382 22 0.05
23383 5 0.66
23384 1 0.47
23391 5 0.55
23395 11 0.69
23397 8 0.13
23398 29 0.76
23400 0 0.02
23404 17 0.86
23406 15 0.36
23411 20 0.92
23413 29 0.01
23416 28 0.43
23424 6 0.34
23428 7 0.47
23430 13 0.32
23444 14 0.32
23448 25 0.5
23451 29 0.21
23454 11 0.03
23456 10 0.29
23460 13 0.4
23463 14 0.29
23468 2 0.15
23475 3 0.93
23477 9 0.16
23481 24 0.69
23484 19 0.13
23488 9 0.53
23491 2 0.01
23492 1 0.3
23495 12 0.64
23496 26 0.12
23507 10 0.78
23509 7 0.08
23516 25 0.42
23517 24 0.81
23520 12 0.34
23524 1 0.84
23534 16 0.33
23550 23 0.0
23562 4 0.5
23565 5 0.24
23570 8 0.74
23573 0 0.19
23578 20 0.35
23579 15 0.88
23582 4 0.42
23593 16 0.7
23598 4 0.77
23599 6 0.95
23601 27 0.0
23606 23 0.92
23608 14 0.39
23632 22 0.83
23633 15 0.37
23635 5 0.98
23638 11 0.28
23640 3 0.67
23641 28 0.42
23642 11 0.35
23644 29 0.62
23645 10 0.6
23649 22 0.1
23651 23 0.79
23654 21 0.31
23655 23 0.86
23657 13 0.85
23661 12 0.04
23663 18 0.43
23664 1 0.11
23669 9 0.11
23673 16 0.59
23674 29 0.07
23680 19 0.46
23684 1 0.05
23687 27 0.2
23688 17 0.71
23691 19 0.89
23692 2 0.0
23695 17 0.63
23696 6 0.17
23701 29 0.89
23705 23 0.27
23707 10 0.12
23709 17 0.36
23711 5 0.94
23712 18 0.27
23713 12 0.64
23714 27 0.06
23719 0 0.1
23721 19 0.6
23738 10 0.78
23747 28 0.21
23749 4 0.79
23752 11 0.04
23753 1 0.3
23755 9 0.48
23767 0 0.32
23769 3 0.08
23770 27 0.2
23777 12 0.78
23779 17 0.83
23781 7 0.18
23785 8 0.77
23787 6 0.31
23817 25 0.34
23827 8 0.37
23837 14 0.44
23841 26 0.23
23842 13 0.79
23848 16 0.33
23854 23 0.86
23855 20 0.58
23857 27 0.96
23859 13 0.48
23860 0 0.76
23863 5 0.64
23864 29 0.29
23867 15 0.37
23873 21 0.42
23876 7 0.1
23896 9 0.54
23897 7 0.82
23906 6 0.52
23914 19 0.66
23917 3 0.46
23918 6 0.58
23921 10 0.81
23924 17 0.87
23925 3 0.79
23932 27 0.89
23935 22 0.6
23938 18 0.02
23941 19 0.53
23942 13 0.59
23943 14 0.72
23947 5 0.13
23955 8 0.46
23956 25 0.24
23966 22 0.79
23969 7 0.13
23970 15 0.44
23972 0 0.41
23973 0 0.76
23975 10 0.68
23977 12 0.86
23979 7 0.5
23983 27 0.96
24004 29 0.59
24005 9 0.78
24009 24 0.69
24020 10 0.93
24021 14 0.62
24023 3 0.15
24024 20 0.37
24035 23 0.63
24036 26 0.84
24037 10 0.68
24038 25 0.62
24040 21 0.67
24043 4 0.05
24046 7 0.45
24051 14 0.26
24053 20 0.59
24054 29 0.75
24060 18 0.69
24061 8 0.44
24069 21 0.68
24079 19 0.73
24080 28 0.24
24083 27 0.97
24090 26 0.45
24096 2 0.63
24097 15 0.47
24100 8 0.02
24102 17 1.0
24104 5 0.02
24113 28 0.76
24119 21 0.32
24122 4 0.69
24123 21 0.79
24130 4 0.65
24131 8 0.18
24132 29 0.39
24136 13 0.37
24139 10 0.68
24142 23 0.82
24146 22 0.34
24147 17 0.49
24151 12 0.57
24158 1 0.4
24159 11 0.54
24163 4 0.71
24183 11 0.39
24184 29 0.34
24186 3 0.01
24189 19 0.72
24192 1 0.05
24194 2 0.25
24195 21 0.17
24197 23 0.01
24199 8 0.92
24205 23 0.65
24208 11 0.54
24210 8 0.36
24211 29 0.34
24214 4 0.67
24218 5 0.59
24228 24 0.4
24229 24 0.91
24235 2 0.02
24238 20 0.51
24247 11 0.43
24248 4 0.6
24270 29 0.83
24280 12 0.44
24281 10 0.81
24285 2 0.29
24286 10 1.0
24291 15 0.09
24299 15 0.5
24300 28 0.73
24302 25 0.13
24314 25 0.37
24317 25 0.63
24321 24 0.59
24322 28 0.06
24325 7 0.32
24326 2 0.33
24332 7 0.48
24333 25 0.98
24334 20 0.78
24335 18 0.86
24338 1 0.75
24339 23 0.56
24341 23 0.23
24352 21 0.87
24354 1 0.06
24357 2 0.45
24359 23 0.23
24369 1 0.7
24373 12 0.84
24374 3 0.3
24380 2 0.78
24384 12 0.78
24385 17 0.77
24386 26 0.78
24391 0 0.36
24400 19 0.52
24410 18 0.1
24413 18 0.41
24415 13 0.84
24421 12 0.46
24427 26 0.02
24428 26 0.27
24429 26 0.81
24431 3 0.98
24433 13 0.71
24434 17 0.79
24435 9 0.08
24436 0 0.13
24441 26 0.18
24445 8 0.85
24451 21 0.46
24452 0 0.46
24458 18 0.85
24459 2 0.66
24462 16 0.64
24467 6 0.27
24472 18 0.39
24473 7 0.3
24477 9 0.81
24480 21 0.01
24488 28 0.88
24499 3 0.75
24501 7 0.35
24502 2 0.66
24503 26 0.86
24504 16 0.23
24508 20 0.61
24510 26 0.44
24512 14 0.58
24513 26 0.73
24515 0 0.34
24517 9 0.21
24526 0 0.92
24529 8 0.3
24531 6 0.73
24535 17 0.03
24536 0 0.14
24540 13 0.01
24543 8 0.95
24546 10 0.53
24549 7 0.34
24550 11 0.96
24552 25 0.07
24554 23 0.95
24557 13 0.46
24558 0 0.87
24559 5 0.84
24566 23 0.03
24572 17 0.3
24573 8 0.98
24581 20 0.34
24582 22 0.03
24592 11 0.65
24598 11 0.83
24601 29 0.05
24602 8 0.1
24603 27 0.18
24604 20 0.99
24611 15 0.14
24620 15 0.3
24621 20 0.45
24624 12 0.04
24629 20 0.28
24631 3 0.4
24633 20 0.31
24638 3 0.15
24639 17 0.98
24642 22 0.33
24646 29 0.32
24650 26 0.77
24659 27 0.24
24670 26 0.27
24673 6 0.19
24674 2 0.13
24692 2 0.71
24694 4 0.77
24695 25 0.72
24696 11 0.08
24698 13 0.59
24700 17 0.08
24704 0 0.28
24705 15 0.16
24706 14 0.71
24718 7 0.81
24720 19 0.08
24721 20 0.25
24723 0 0.77
24724 3 0.39
24736 13 0.17
24737 18 0.94
24738 8 0.37
24739 20 0.02
24743 2 0.74
24747 3 0.38
24751 19 0.34
24752 2 0.04
24759 0 0.7
24760 24 0.7
24762 16 0.43
24767 27 0.15
24769 19 0.75
24773 27 0.18
24774 16 0.4
24775 11 0.55
24781 9 0.91
24783 15 0.56
24784 25 0.01
24785 15 0.37
24798 24 0.54
24801 25 0.96
24810 25 1.0
24814 17 0.3
24822 3 0.8
24823 22 0.99
24825 14 0.05
24828 23 0.53
24837 3 0.19
24838 18 0.87
24839 13 0.12
24846 26 0.96
24850 19 0.79
24853 9 0.03
24858 13 1.0
24864 21 0.34
24866 1 0.42
24869 17 0.34
24871 11 0.61
24878 12 0.46
24880 6 0.28
24882 17 0.77
24888 0 0.44
24889 3 0.43
24894 27 0.18
24897 23 0.09
24901 10 0.92
24905 0 0.01
24906 12 1.0
24910 15 0.94
24915 17 0.1
24917 0 0.79
24918 22 1.0
24919 29 0.49
24921 2 0.49
24923 25 0.19
24924 6 1.0
24926 4 0.93
24928 25 0.5
24929 6 0.09
24935 28 0.31
24936 9 0.94
24943 5 0.13
24946 25 0.47
24947 9 0.26
24948 8 0.8
24951 18 0.85
24956 20 0.48
24957 12 0.89
24962 0 0.89
24966 15 0.43
24968 21 0.31
24979 27 0.22
24986 0 0.16
24989 14 0.19
24991 15 0.43
24995 26 0.57
24997 2 0.97
