11 1 0.23
29 11 0.6
30 2 0.93
46 29 0.45
48 25 0.41
76 22 1.0
81 21 0.45
107 10 0.66
118 2 0.7
119 29 0.01
133 11 0.33
136 16 0.65
141 16 0.76
168 25 0.59
172 1 0.63
176 26 0.29
178 21 0.75
207 16 0.76
213 16 0.58
225 25 0.09
232 21 0.64
255 25 0.51
260 28 0.72
272 28 0.32
276 4 0.53
290 28 0.83
311 21 0.21
320 17 0.59
338 21 0.08
339 17 0.62
347 27 0.72
351 5 0.06
355 17 0.59
373 11 0.25
377 11 0.96
390 2 0.4
409 11 0.72
414 4 0.99
424 17 0.98
453 6 0.23
455 19 0.49
456 29 0.46
478 26 0.63
482 18 0.67
485 13 0.92
490 27 0.59
492 3 0.51
523 25 0.65
524 28 0.9
527 11 0.59
540 9 0.11
552 8 0.74
559 2 0.76
562 25 0.51
579 23 0.5
581 13 0.36
585 13 0.48
588 3 0.6
589 23 0.59
592 1 0.29
605 26 0.25
614 18 0.53
644 1 0.71
647 7 0.56
649 8 0.81
655 29 0.7
667 3 0.5
682 26 0.07
700 1 0.9
722 12 0.85
731 10 0.62
737 8 0.49
740 23 0.59
756 16 0.96
761 23 0.14
765 5 0.63
806 25 0.92
808 23 0.38
843 28 0.27
849 11 0.43
850 17 0.13
856 13 0.36
857 8 0.25
874 4 0.5
878 24 0.96
887 13 0.09
895 3 0.66
916 22 0.44
917 5 0.56
926 21 0.76
965 25 0.72
986 16 0.1
992 4 0.24
1028 1 0.48
1031 4 0.04
1034 25 0.98
1049 23 0.54
1050 12 0.42
1055 29 0.37
1069 29 0.96
1072 18 0.14
1079 16 0.45
1082 28 0.63
1083 25 0.59
1085 21 0.73
1086 16 0.01
1110 21 0.52
1125 18 0.06
1159 8 0.61
1165 23 0.9
1170 12 0.38
1194 11 0.56
1195 15 0.54
1198 29 0.87
1200 2 0.99
1221 27 0.5
1237 8 0.51
1245 21 0.77
1265 14 0.11
1284 29 0.23
1302 9 0.18
1303 28 0.03
1327 2 0.7
1333 27 0.66
1341 28 0.79
1342 11 0.93
1345 9 0.82
1354 15 0.04
1371 0 0.38
1382 7 0.68
1389 29 0.59
1397 1 0.59
1412 23 0.5
1427 15 0.07
1429 0 0.75
1466 6 0.44
1471 22 0.4
1475 13 0.73
1486 23 0.38
1489 25 0.35
1494 22 0.66
1504 8 0.38
1508 4 0.39
1524 24 0.12
1545 2 0.07
1555 14 0.69
1567 25 0.43
1574 9 0.85
1581 12 0.6
1598 22 0.75
1602 18 0.64
1604 11 0.99
1607 5 0.6
1609 27 0.51
1630 24 0.72
1661 5 0.16
1667 11 0.23
1688 28 0.71
1689 19 0.0
1723 11 0.9
1729 7 0.18
1739 24 0.83
1754 27 0.68
1762 16 0.83
1765 15 0.29
1780 28 0.17
1782 11 0.27
1789 18 0.55
1793 17 0.71
1794 21 0.37
1799 20 0.44
1800 27 0.81
1803 1 0.42
1806 8 0.12
1809 13 0.95
1816 22 0.88
1819 15 0.06
1838 2 0.79
1839 21 0.43
1841 26 0.5
1845 26 0.01
1849 13 0.83
1852 2 0.06
1876 1 0.08
1887 2 0.32
1902 1 0.25
1915 20 0.97
1930 10 0.56
1931 9 0.15
1947 16 0.95
1951 3 0.8
1963 19 0.59
2004 1 0.68
2008 16 0.65
2030 13 0.13
2036 7 0.2
2042 8 0.3
2049 26 0.64
2051 13 0.3
2058 26 0.9
2060 27 0.15
2064 5 0.15
2067 21 0.15
2073 29 0.26
2079 7 0.91
2087 1 0.54
2094 15 0.13
2113 28 0.11
2130 15 0.9
2132 14 0.52
2142 9 0.57
2146 28 0.2
2148 3 0.83
2168 3 0.59
2169 26 0.18
2170 13 0.39
2190 25 0.82
2193 21 0.54
2206 1 0.4
2225 22 0.21
2230 16 0.56
2238 7 0.68
2244 22 0.83
2253 16 0.47
2256 2 0.69
2266 11 0.97
2271 12 0.05
2276 22 0.61
2280 1 0.32
2281 13 0.99
2286 15 0.07
2288 22 0.91
2299 25 0.58
2308 14 0.09
2315 13 0.74
2327 9 0.95
2340 17 0.95
2354 7 0.63
2360 23 0.49
2363 17 0.4
2364 11 0.35
2368 12 0.75
2369 10 0.13
2397 4 0.43
2399 1 0.96
2402 23 0.23
2405 18 0.05
2409 15 0.08
2410 26 0.36
2428 9 0.72
2436 12 0.31
2521 3 0.55
2525 24 0.98
2526 27 0.37
2537 25 0.18
2543 2 0.76
2544 9 0.85
2550 4 0.63
2557 27 0.71
2562 2 0.69
2564 18 0.84
2581 17 0.69
2583 7 0.75
2594 13 0.42
2616 15 0.65
2626 27 0.31
2630 15 0.77
2631 4 0.75
2678 27 0.05
2701 17 0.67
2707 0 0.2
2710 4 0.84
2718 26 0.82
2729 28 0.67
2740 26 0.6
2742 16 0.41
2749 11 0.3
2750 2 0.84
2754 10 0.14
2761 6 0.67
2770 6 0.29
2782 19 0.29
2791 25 0.95
2797 12 0.3
2801 10 0.63
2804 18 0.07
2808 15 0.75
2818 21 0.21
2821 0 0.9
2834 14 0.23
2847 14 0.52
2870 0 0.69
2871 3 0.96
2881 5 0.2
2885 2 0.63
2935 16 0.36
2936 2 0.92
2939 11 0.27
2943 1 0.48
2944 11 0.51
2973 14 0.24
2975 25 0.17
2976 16 0.2
2997 18 0.39
3023 14 0.59
3025 13 0.19
3030 12 0.36
3033 3 0.13
3039 3 0.28
3044 20 0.19
3052 19 0.74
3054 6 0.82
3073 24 0.4
3082 22 0.05
3115 24 0.62
3118 25 0.52
3141 17 0.16
3146 17 0.92
3147 6 0.38
3156 24 0.76
3158 27 0.49
3172 24 0.51
3180 19 0.21
3185 15 0.04
3193 17 0.8
3200 21 0.67
3242 11 0.04
3261 19 0.86
3283 17 0.53
3291 1 0.62
3295 5 0.98
3300 25 0.96
3310 24 0.97
3312 0 0.13
3327 21 0.45
3349 25 0.95
3363 17 0.22
3374 13 0.77
3375 8 0.95
3376 13 0.53
3385 22 0.19
3409 5 0.69
3411 2 0.99
3415 20 0.4
3418 12 0.76
3427 12 0.39
3429 23 0.14
3436 9 0.65
3443 9 1.0
3458 7 0.09
3465 4 0.4
3474 7 0.11
3481 22 0.92
3483 28 0.47
3485 13 0.38
3488 8 0.47
3492 13 0.61
3510 27 0.91
3513 0 0.17
3514 16 0.23
3516 24 0.99
3519 11 0.55
3539 3 0.71
3541 0 0.99
3545 14 0.55
3553 12 0.6
3566 4 0.73
3578 14 0.96
3579 17 0.92
3582 24 0.6
3600 1 0.41
3605 21 0.24
3607 1 0.5
3613 6 0.41
3616 6 0.62
3624 13 0.13
3632 27 0.79
3634 10 0.79
3650 4 0.45
3654 4 0.9
3661 28 0.88
3672 14 0.65
3674 13 0.96
3681 5 0.07
3688 27 0.23
3692 19 0.45
3693 27 0.12
3694 9 0.37
3714 8 0.71
3718 15 0.38
3730 17 0.33
3740 12 0.89
3796 16 0.56
3804 2 0.58
3806 17 0.68
3819 9 0.57
3831 19 0.01
3837 25 0.57
3847 19 0.12
3849 21 0.15
3851 29 0.59
3864 12 0.66
3868 2 0.63
3874 11 0.56
3885 20 0.71
3886 15 0.85
3905 2 0.6
3912 6 0.01
3913 4 0.16
3939 1 0.41
3940 19 0.66
3958 3 0.57
3982 19 0.14
3983 24 0.15
4020 14 0.41
4027 21 0.64
4030 17 0.96
4032 26 0.24
4049 6 0.44
4052 26 0.78
4064 25 0.79
4081 19 0.07
4082 21 0.01
4084 21 0.96
4087 28 0.96
4092 14 0.68
4099 13 0.38
4108 17 0.48
4145 11 0.55
4148 1 0.8
4150 27 0.11
4155 7 0.67
4163 11 0.12
4192 13 0.05
4198 25 0.18
4214 16 0.79
4235 25 0.08
4239 19 0.44
4276 6 0.83
4286 25 0.53
4289 27 0.31
4316 5 0.88
4323 18 0.89
4325 23 0.81
4338 2 0.2
4341 8 0.52
4355 11 0.71
4365 22 0.78
4368 29 0.03
4370 5 0.57
4372 22 0.86
4382 12 0.69
4401 3 0.5
4402 11 0.98
4412 8 0.53
4414 6 0.03
4420 8 0.27
4421 0 0.78
4432 14 0.36
4435 18 0.15
4444 7 0.61
4458 0 0.43
4462 11 0.24
4464 15 0.89
4490 5 0.81
4516 15 0.34
4520 15 0.8
4523 15 0.75
4538 9 0.8
4547 11 0.41
4550 29 0.17
4555 17 0.09
4557 13 0.65
4559 4 0.85
4573 18 0.75
4579 4 0.91
4587 5 0.83
4599 20 0.63
4603 18 0.13
4605 19 0.43
4614 25 0.17
4672 16 0.59
4682 11 0.93
4686 25 0.97
4701 16 0.8
4723 16 0.55
4731 7 0.74
4734 3 0.32
4752 3 0.36
4791 16 0.76
4799 22 0.36
4812 29 0.25
4814 6 0.98
4850 7 0.44
4855 16 0.29
4881 1 0.92
4893 8 0.68
4895 15 0.47
4902 24 0.39
4915 2 0.1
4919 8 0.45
4929 28 0.34
4932 8 0.54
4938 15 0.88
4941 22 0.99
4945 18 0.92
4950 9 0.35
4955 27 0.58
4962 10 0.5
4971 16 0.23
4978 16 0.84
4985 9 0.42
5002 23 0.8
5012 15 0.16
5026 29 0.62
5029 1 0.99
5033 8 1.0
5039 23 0.35
5052 20 0.41
5064 2 0.71
5067 25 0.43
5082 2 0.03
5090 8 0.98
5108 16 0.3
5120 21 0.77
5148 18 0.67
5153 0 0.79
5163 28 0.8
5187 11 0.01
5196 22 0.38
5205 25 0.54
5207 13 0.55
5215 24 0.95
5218 11 0.59
5219 26 0.45
5223 29 0.42
5227 19 0.36
5234 1 0.76
5247 6 0.59
5254 21 0.34
5278 26 0.74
5281 7 0.86
5290 28 0.06
5302 7 0.31
5310 10 0.49
5315 20 0.37
5330 29 0.57
5339 1 0.79
5361 20 0.25
5383 10 0.36
5396 8 0.39
5405 8 0.4
5414 21 0.17
5423 9 0.78
5427 2 0.61
5458 9 0.64
5461 16 0.01
5497 24 0.64
5498 17 0.14
5522 2 0.66
5551 0 0.18
5558 25 0.17
5565 26 0.62
5569 16 0.78
5586 19 0.01
5587 20 0.53
5588 4 0.37
5593 12 0.79
5599 15 0.18
5610 15 1.0
5631 4 0.93
5634 21 0.57
5641 1 0.04
5643 9 0.18
5644 4 0.33
5652 5 0.5
5679 29 0.8
5693 10 0.27
5694 10 0.62
5705 22 0.4
5713 19 0.98
5725 1 0.73
5731 2 0.32
5768 16 0.03
5794 20 0.94
5804 18 0.96
5805 0 0.28
5809 23 0.07
5824 3 0.6
5832 12 0.11
5838 2 0.57
5849 27 0.85
5852 21 0.75
5857 0 0.17
5858 22 0.68
5860 1 0.93
5865 8 0.38
5880 6 0.32
5889 15 0.17
5895 10 0.74
5912 0 0.65
5925 0 0.24
5931 13 0.58
5939 9 0.44
5940 21 0.98
5953 28 0.56
5961 12 0.25
5987 2 0.23
5996 25 0.66
6020 20 0.37
6033 23 0.91
6034 6 0.75
6048 17 1.0
6061 26 0.49
6082 24 0.93
6083 4 0.02
6087 3 0.14
6088 0 0.77
6096 29 0.56
6098 16 0.37
6105 29 0.57
6117 17 0.64
6130 29 0.27
6135 8 0.47
6136 7 0.82
6140 7 0.31
6153 9 0.36
6154 3 0.73
6160 2 0.92
6175 0 0.64
6176 15 0.67
6182 6 0.25
6199 20 0.85
6214 10 0.52
6220 14 0.67
6227 7 0.08
6234 5 0.95
6237 26 0.02
6242 15 0.27
6247 24 0.95
6265 10 0.93
6266 29 0.57
6284 7 0.22
6286 4 0.25
6299 11 0.75
6325 28 0.96
6350 5 0.12
6353 8 0.83
6359 4 0.2
6362 29 0.8
6363 21 0.22
6368 3 0.97
6369 2 0.52
6371 5 0.32
6376 4 0.38
6381 29 0.28
6418 3 0.06
6424 27 0.72
6443 26 0.85
6455 18 0.96
6458 28 0.26
6465 21 0.8
6473 24 0.92
6483 3 0.41
6487 23 0.41
6488 21 0.94
6504 25 0.65
6525 4 0.09
6533 29 0.82
6550 7 0.19
6551 29 0.86
6566 15 0.99
6597 2 0.17
6600 29 0.54
6611 13 0.15
6619 22 0.01
6622 4 0.08
6624 9 0.7
6656 15 0.05
6664 9 0.44
6665 12 0.85
6676 15 0.2
6677 5 0.82
6694 5 0.59
6700 10 0.99
6703 19 0.43
6715 27 0.52
6721 9 0.74
6726 2 0.82
6747 18 0.4
6748 20 0.33
6754 23 0.69
6755 20 0.0
6756 7 0.99
6766 23 0.86
6768 12 0.41
6782 2 0.5
6794 13 0.49
6811 29 0.54
6824 24 0.08
6827 11 0.69
6843 12 0.37
6844 5 0.17
6850 19 0.64
6852 15 0.17
6861 0 0.19
6872 9 0.15
6874 13 0.22
6875 2 0.94
6877 27 0.12
6887 21 0.62
6889 29 0.3
6916 17 0.3
6948 0 0.63
6958 28 0.83
6963 11 0.59
6993 24 0.85
7007 8 0.5
7022 20 0.89
7026 17 0.05
7036 17 0.49
7050 20 0.68
7052 27 0.58
7062 17 0.49
7077 0 0.2
7086 18 0.58
7091 17 0.72
7125 14 0.42
7126 9 0.87
7127 12 0.1
7138 25 0.9
7140 2 0.05
7159 7 0.14
7160 12 0.49
7169 25 0.2
7172 3 0.72
7178 28 0.16
7189 22 0.14
7199 0 0.33
7205 9 0.24
7228 5 0.86
7231 29 0.8
7244 19 0.63
7245 14 0.41
7255 27 0.22
7278 26 0.66
7292 23 0.57
7294 28 0.95
7295 17 0.48
7296 0 0.53
7308 0 0.23
7318 11 0.78
7328 2 0.28
7330 27 0.7
7347 5 0.16
7354 20 0.96
7367 23 0.16
7382 8 0.56
7383 2 0.92
7388 22 0.7
7393 13 0.68
7394 16 0.93
7395 13 0.75
7396 4 0.9
7400 17 0.18
7410 27 0.86
7427 18 0.42
7436 1 0.54
7440 26 0.49
7443 22 0.51
7455 27 0.87
7456 28 0.2
7475 19 0.0
7479 17 0.43
7481 4 0.25
7484 3 0.55
7491 7 0.62
7529 19 0.2
7533 16 0.87
7541 2 0.94
7542 8 0.1
7555 24 0.32
7560 2 0.94
7578 4 0.0
7593 2 0.12
7595 10 0.87
7620 27 0.31
7634 16 0.75
7635 27 0.56
7655 21 0.11
7674 14 0.01
7691 2 0.6
7705 7 0.77
7726 9 0.31
7750 25 0.97
7754 1 0.92
7758 18 0.62
7776 1 0.63
7783 8 0.79
7785 19 0.87
7795 7 0.3
7805 6 0.21
7816 7 0.54
7818 12 0.51
7824 15 0.7
7836 25 0.65
7856 8 0.14
7868 0 0.01
7888 29 0.04
7893 6 0.6
7903 17 0.27
7929 12 0.6
7944 28 0.54
7951 17 0.92
7955 22 0.46
7960 26 0.47
7962 29 0.25
7963 19 0.87
7968 6 0.1
7973 29 0.84
7975 22 0.02
7977 10 0.72
7995 2 0.22
8018 13 0.46
8027 6 0.16
8039 12 0.95
8043 18 0.17
8045 24 0.31
8054 17 0.8
8075 23 0.82
8090 3 0.05
8093 18 0.61
8096 24 0.06
8105 9 0.4
8114 14 0.46
8130 8 0.42
8135 1 0.79
8137 6 0.27
8156 9 0.27
8157 18 0.94
8166 29 0.65
8183 20 0.08
8187 13 0.98
8194 13 0.89
8195 3 0.59
8201 2 0.35
8210 21 0.45
8218 13 0.39
8232 18 0.5
8234 0 0.29
8237 14 0.3
8239 27 0.43
8258 3 0.56
8260 4 0.1
8309 14 0.37
8322 19 0.45
8326 28 0.26
8327 5 0.81
8330 20 0.01
8336 22 0.09
8341 18 0.66
8352 18 0.23
8371 25 0.12
8374 21 0.26
8382 15 0.08
8387 15 0.09
8396 20 0.95
8403 7 0.56
8423 21 0.93
8428 9 0.34
8451 22 0.82
8467 25 0.08
8485 16 0.47
8505 26 0.96
8506 9 0.29
8526 24 0.91
8532 19 0.58
8537 17 0.53
8548 14 0.71
8549 20 0.19
8556 0 0.85
8569 4 0.99
8579 25 0.51
8582 9 0.01
8592 22 0.95
8601 10 0.63
8655 8 0.47
8671 27 0.96
8678 11 0.78
8679 7 0.57
8698 29 0.9
8699 22 0.92
8701 6 0.68
8706 27 0.43
8708 18 0.7
8710 10 0.64
8726 9 0.15
8771 16 0.27
8772 3 0.01
8781 3 0.74
8797 0 0.13
8807 11 0.38
8817 2 0.46
8821 8 0.57
8822 1 0.7
8832 26 0.49
8840 5 0.61
8849 24 0.77
8859 14 0.41
8865 16 0.97
8868 0 0.15
8873 28 0.59
8881 24 0.71
8894 19 0.52
8895 14 0.51
8896 0 0.25
8904 13 0.59
8911 12 0.85
8919 29 0.44
8927 22 0.24
8946 25 0.79
8948 19 0.34
8978 15 0.16
8982 19 0.22
8987 6 0.31
8988 16 0.81
9000 24 0.3
9005 15 0.88
9007 10 0.05
9009 24 0.67
9030 21 0.99
9031 5 0.6
9042 21 0.39
9060 13 0.66
9064 29 0.06
9065 27 0.94
9081 29 0.63
9099 17 0.87
9113 18 0.69
9115 7 0.65
9117 22 0.26
9120 15 0.12
9126 16 0.87
9142 18 0.82
9190 15 0.69
9201 6 0.06
9202 17 0.46
9224 0 0.07
9233 22 0.34
9247 17 0.7
9250 29 0.11
9263 18 0.16
9279 2 0.42
9287 9 0.29
9288 8 0.21
9294 26 0.88
9316 0 0.3
9323 2 0.83
9333 15 0.01
9341 25 0.81
9346 28 0.69
9350 3 0.23
9356 0 0.85
9362 13 0.41
9385 3 0.49
9387 1 0.63
9395 5 0.54
9396 5 0.74
9397 22 0.46
9402 28 0.28
9404 13 0.09
9408 25 0.15
9415 24 0.85
9436 2 0.34
9437 26 0.8
9438 4 0.37
9440 18 0.58
9444 16 0.32
9451 23 0.76
9471 21 0.55
9488 15 0.43
9527 1 0.26
9528 1 0.24
9533 22 0.94
9539 13 0.78
9581 2 0.37
9616 9 0.6
9619 15 0.89
9634 15 0.47
9646 19 0.98
9653 8 0.99
9660 10 0.54
9664 11 0.17
9671 4 0.57
9673 8 0.14
9684 28 0.88
9686 28 0.21
9691 22 0.41
9692 11 0.16
9699 24 0.02
9713 4 0.07
9715 17 0.52
9732 2 0.39
9744 17 0.68
9748 6 0.62
9750 29 0.86
9755 8 0.11
9757 12 0.31
9761 6 0.97
9765 10 0.42
9778 10 0.28
9822 27 0.46
9833 21 0.91
9834 3 0.79
9842 17 0.49
9872 22 0.04
9880 9 0.57
9889 6 0.48
9897 3 0.43
9900 29 0.83
9928 29 0.65
9931 21 0.67
9936 2 0.07
9939 17 0.68
9940 17 0.67
9955 29 0.29
9962 9 0.43
9975 22 0.07
9976 0 0.34
9979 19 0.53
9998 21 0.16
10008 4 0.43
10022 12 0.9
10024 3 0.16
10027 26 0.13
10030 6 0.83
10035 18 0.82
10040 12 0.2
10052 23 0.67
10055 11 0.67
10058 28 0.77
10070 25 0.08
10074 18 0.09
10083 28 0.85
10085 21 0.32
10090 0 0.14
10098 22 0.24
10102 11 0.99
10105 0 0.4
10114 16 0.59
10132 3 0.67
10139 25 0.29
10151 0 0.32
10161 6 0.05
10174 1 0.78
10176 12 0.53
10206 17 0.57
10215 10 0.28
10225 19 0.67
10228 7 0.23
10233 23 0.51
10236 18 0.17
10245 2 0.88
10257 18 0.52
10259 15 0.28
10264 9 0.08
10266 2 1.0
10267 22 0.23
10278 17 0.49
10295 21 0.62
10323 4 0.12
10340 20 0.35
10354 1 0.37
10361 23 0.07
10363 6 0.31
10369 9 0.84
10378 4 0.08
10400 24 0.9
10410 17 0.77
10411 16 0.7
10413 29 0.12
10414 5 0.66
10417 1 0.65
10436 5 0.31
10440 25 0.72
10441 4 0.37
10447 1 0.6
10456 10 0.4
10459 2 0.97
10462 24 0.11
10466 4 0.77
10476 19 0.56
10478 18 0.92
10482 24 0.43
10495 20 0.72
10524 7 0.36
10526 29 0.78
10527 27 0.41
10535 15 0.76
10552 6 0.48
10591 8 0.49
10598 20 0.25
10602 28 0.81
10613 9 0.46
10616 26 0.79
10622 18 0.37
10641 22 0.57
10643 1 0.53
10652 7 0.14
10659 19 0.06
10674 14 0.11
10676 23 0.23
10685 25 0.82
10695 28 0.83
10697 10 0.3
10715 10 0.37
10722 26 0.78
10728 29 0.32
10757 16 0.99
10764 8 0.34
10773 25 0.16
10782 13 0.75
10785 15 0.86
10789 26 0.53
10791 14 0.97
10797 12 0.05
10806 27 0.25
10807 26 0.05
10820 5 0.21
10829 10 0.94
10832 8 0.53
10839 18 0.47
10840 4 0.29
10842 7 0.64
10880 14 0.69
10881 8 0.7
10901 29 0.99
10911 8 0.82
10912 14 0.71
10916 11 0.46
10924 24 0.44
10935 26 0.49
10938 29 0.16
10946 14 0.92
10947 13 0.6
10952 1 0.79
10955 12 0.98
10969 12 0.69
10980 20 0.26
10988 6 0.61
10990 10 0.37
10996 27 0.76
11005 1 0.34
11011 8 0.13
11014 19 0.46
11022 24 0.51
11032 17 0.06
11047 10 0.43
11056 4 0.12
11067 2 0.7
11068 28 0.06
11069 15 0.48
11073 21 0.65
11097 13 0.84
11101 25 0.09
11102 28 0.4
11104 9 0.83
11115 2 0.62
11129 2 0.83
11130 17 0.7
11140 19 1.0
11144 28 0.86
11149 9 0.15
11160 25 0.23
11176 19 0.55
11193 8 0.74
11198 29 0.04
11200 20 0.46
11224 17 0.59
11225 17 0.96
11227 29 0.86
11232 11 0.35
11255 8 0.44
11262 28 0.42
11273 20 0.33
11288 17 0.33
11295 29 0.21
11296 18 0.87
11304 8 0.47
11307 28 0.25
11308 25 0.36
11342 5 0.96
11355 26 0.95
11364 16 0.63
11380 22 0.23
11389 19 0.44
11400 7 0.74
11402 29 0.49
11411 21 0.47
11416 8 0.49
11432 11 0.76
11444 15 0.01
11454 28 0.64
11455 8 0.44
11457 2 0.57
11465 28 0.4
11470 12 0.08
11474 18 0.01
11478 4 0.35
11485 1 0.78
11492 1 0.77
11496 6 0.1
11499 15 0.06
11503 26 0.62
11506 16 0.5
11508 10 0.41
11511 29 0.79
11513 19 0.06
11517 29 0.57
11523 4 0.61
11526 2 0.11
11529 27 0.76
11532 13 0.23
11534 16 0.58
11543 0 0.6
11550 4 0.85
11574 8 0.03
11583 17 0.44
11588 18 0.49
11595 27 0.15
11602 8 0.69
11640 27 0.15
11645 28 0.18
11647 12 0.92
11649 23 0.76
11653 1 0.89
11672 20 0.86
11688 22 0.64
11694 3 0.42
11699 5 0.5
11708 24 0.78
11717 9 0.66
11746 6 0.4
11754 18 0.29
11756 15 0.55
11759 13 0.09
11766 16 0.42
11767 6 0.46
11778 2 0.68
11780 11 0.43
11789 24 0.75
11790 18 0.34
11794 15 0.5
11795 9 0.12
11810 28 0.58
11823 1 0.05
11824 3 0.74
11887 14 0.32
11895 8 0.3
11908 22 0.26
11918 1 0.92
11920 24 0.75
11939 16 0.96
11967 25 0.48
11972 29 0.79
11996 28 0.82
11998 5 0.55
12046 25 0.77
12050 26 0.26
12075 26 0.48
12085 8 0.3
12090 6 0.41
12122 24 0.13
12133 8 0.6
12157 5 0.71
12168 24 0.3
12185 21 0.96
12187 21 0.66
12191 5 0.09
12206 27 0.03
12214 26 0.58
12234 17 0.66
12237 4 0.03
12240 16 0.04
12243 4 0.44
12244 20 0.76
12271 10 0.53
12277 22 0.89
12286 7 0.72
12292 29 0.08
12298 12 0.62
12311 20 0.25
12312 21 0.5
12320 12 0.31
12330 26 0.87
12348 11 0.51
12355 29 0.86
12375 22 0.39
12385 28 0.55
12388 8 0.42
12395 8 0.39
12414 21 0.29
12421 28 0.1
12433 13 0.06
12435 26 0.51
12437 20 0.65
12442 17 0.98
12444 16 0.12
12447 24 0.93
12450 3 0.21
12462 12 0.58
12463 22 0.39
12490 11 0.59
12495 19 0.65
12505 10 0.81
12506 18 0.71
12519 10 0.72
12526 22 0.02
12530 16 0.6
12550 4 0.72
12553 17 0.15
12557 9 0.73
12581 5 0.81
12583 27 0.44
12590 24 0.83
12592 15 0.11
12606 23 0.02
12634 23 0.37
12645 4 0.37
12660 11 0.66
12664 8 0.11
12671 27 0.17
12678 20 0.69
12685 6 0.08
12692 20 0.08
12697 4 0.35
12726 14 0.57
12745 10 0.58
12767 11 0.1
12785 28 0.3
12801 8 0.43
12802 15 0.36
12821 22 0.14
12822 8 0.25
12841 19 0.34
12851 16 0.25
12854 11 0.79
12856 9 0.05
12860 24 0.84
12864 16 0.68
12872 25 0.85
12883 22 1.0
12884 27 0.78
12900 0 0.98
12910 3 0.97
12933 25 0.32
12944 3 0.39
12949 17 0.64
12963 14 0.51
12976 7 0.9
12977 1 0.38
12978 29 0.3
12984 17 0.64
12995 14 0.27
13006 6 0.55
13007 22 0.62
13008 10 0.54
13010 3 0.35
13012 10 0.79
13018 17 0.02
13022 6 0.44
13038 21 0.79
13056 6 0.53
13065 25 0.4
13066 4 0.36
13078 11 0.25
13082 23 0.82
13086 12 0.01
13096 0 0.15
13105 26 0.89
13114 24 0.4
13122 25 0.57
13126 22 0.71
13127 18 0.89
13130 6 0.77
13131 12 0.66
13134 13 0.05
13139 0 0.96
13145 15 0.14
13157 18 0.79
13160 28 0.41
13185 25 0.21
13187 27 0.06
13190 4 0.21
13193 9 0.51
13197 8 0.17
13208 9 0.94
13240 2 0.77
13242 3 0.8
13243 16 0.19
13248 18 0.75
13261 3 0.01
13268 21 0.0
13270 4 0.79
13297 27 0.27
13303 28 0.49
13305 28 0.23
13309 6 0.67
13320 29 0.82
13326 13 0.84
13331 27 0.25
13335 1 0.9
13339 13 0.97
13347 26 0.37
13349 16 0.73
13358 11 1.0
13370 24 0.41
13372 24 0.78
13374 4 0.92
13390 7 0.95
13395 21 0.37
13396 12 0.66
13397 17 0.0
13403 4 0.52
13414 6 0.02
13428 21 0.19
13433 2 0.71
13441 23 0.87
13450 25 0.4
13461 22 0.68
13472 2 0.67
13482 13 0.96
13495 2 0.19
13516 15 0.63
13526 27 0.36
13529 10 0.93
13532 12 0.22
13545 21 0.94
13554 14 0.45
13564 5 0.95
13572 2 0.5
13580 11 0.37
13586 20 0.39
13590 6 0.65
13595 6 0.69
13603 13 0.67
13610 18 0.34
13615 16 0.36
13616 8 0.99
13617 22 0.1
13621 13 0.66
13622 22 0.54
13633 9 0.67
13677 4 0.33
13688 25 0.91
13694 29 0.59
13712 3 0.58
13743 20 0.03
13745 27 0.97
13751 5 0.47
13754 7 0.9
13756 17 0.23
13757 4 0.83
13765 14 0.49
13772 16 0.67
13773 20 0.74
13800 11 0.86
13804 9 0.95
13832 2 0.94
13865 15 0.37
13870 24 0.62
13874 6 0.4
13883 27 0.54
13906 7 0.29
13909 7 0.47
13915 6 0.42
13917 8 0.15
13926 12 0.7
13934 1 0.81
13936 29 0.98
13946 25 0.58
13959 0 0.56
13966 26 0.13
13974 17 0.09
13984 8 0.52
13989 14 0.14
13992 18 0.74
14001 12 0.96
14004 29 0.82
14005 25 0.36
14014 17 0.05
14019 9 0.74
14029 0 0.28
14037 27 0.02
14049 19 0.5
14057 4 0.02
14063 13 0.33
14133 22 0.56
14136 24 0.86
14164 4 0.12
14175 8 0.22
14182 19 0.59
14183 5 0.69
14184 9 0.63
14189 13 0.11
14192 1 0.78
14204 24 0.37
14214 16 0.59
14233 18 0.22
14250 25 0.97
14252 14 0.76
14255 10 0.34
14264 4 0.9
14273 6 0.22
14276 18 0.33
14287 22 0.7
14289 7 0.66
14292 2 0.79
14304 21 0.91
14312 13 0.04
14317 25 0.89
14325 24 0.3
14327 2 0.89
14333 1 0.36
14353 2 0.27
14357 5 0.69
14359 16 0.48
14362 28 0.74
14374 3 0.14
14386 12 0.02
14400 24 0.48
14403 29 0.05
14414 4 0.02
14424 2 0.53
14435 16 0.55
14436 19 0.96
14447 9 0.35
14454 24 0.13
14468 26 0.35
14475 8 0.48
14481 26 0.11
14496 8 0.35
14514 27 0.64
14516 5 0.57
14522 7 0.73
14523 29 0.31
14549 15 0.18
14562 21 0.74
14563 13 0.76
14582 9 0.17
14589 10 0.55
14604 13 0.76
14639 3 0.31
14640 17 0.97
14648 22 0.99
14674 1 0.78
14680 12 0.73
14681 9 0.51
14682 22 0.02
14683 3 0.54
14690 25 0.28
14691 13 0.08
14697 26 0.63
14702 15 0.48
14709 7 0.86
14728 17 0.92
14731 6 0.07
14735 17 0.64
14738 11 0.9
14739 1 0.23
14750 21 0.76
14752 18 0.32
14761 25 0.19
14767 18 0.68
14780 0 0.66
14816 12 0.32
14817 15 0.99
14819 21 0.27
14830 6 0.86
14831 6 0.58
14836 5 0.09
14849 15 0.4
14851 19 0.35
14853 27 0.71
14856 23 0.69
14860 12 0.89
14868 29 0.93
14876 8 0.84
14885 23 0.49
14887 0 0.92
14901 16 0.03
14921 26 0.6
14928 18 0.86
14931 12 0.88
14936 28 0.6
14949 27 0.46
14966 23 0.17
14982 0 0.97
14992 1 0.07
15005 24 0.51
15008 25 0.86
15030 26 0.63
15038 1 0.16
15042 14 0.93
15050 16 0.18
15051 15 0.86
15052 14 0.25
15053 15 0.18
15062 9 0.94
15085 11 0.41
15088 21 0.51
15089 19 0.88
15092 1 0.44
15093 23 0.33
15107 18 0.51
15126 25 0.29
15127 14 0.87
15149 27 0.95
15157 21 0.12
15159 12 0.03
15161 1 0.8
15170 0 0.15
15183 15 0.5
15189 28 0.68
15199 16 0.03
15208 10 0.06
15210 11 0.95
15211 27 0.69
15224 19 0.51
15228 8 0.89
15241 28 0.54
15249 9 0.82
15252 10 0.32
15256 18 0.43
15260 8 0.02
15275 4 0.83
15278 22 0.13
15283 24 0.72
15303 2 0.63
15310 2 0.92
15313 1 0.2
15328 4 0.27
15330 29 0.87
15341 29 0.86
15344 0 0.14
15360 17 0.54
15361 21 0.79
15364 22 0.04
15370 22 0.6
15402 12 0.29
15409 23 0.98
15413 29 0.6
15422 10 0.13
15427 13 0.32
15430 0 0.74
15433 26 0.32
15477 29 0.32
15482 28 0.61
15496 5 0.95
15519 25 0.88
15522 21 0.08
15527 2 0.12
15541 28 0.21
15543 9 0.68
15548 11 0.21
15552 15 0.01
15555 18 0.09
15567 29 0.93
15575 8 0.17
15582 13 0.69
15584 27 0.24
15587 8 0.94
15601 6 0.47
15615 17 0.96
15627 0 0.48
15628 13 0.97
15635 12 0.52
15640 9 0.2
15647 12 0.1
15661 29 0.56
15671 9 0.75
15673 18 0.84
15681 25 0.5
15688 25 0.12
15705 28 0.67
15719 1 0.23
15734 21 0.43
15736 5 0.57
15742 14 0.11
15744 25 0.19
15755 1 0.52
15798 2 0.85
15819 14 0.41
15824 12 0.7
15831 25 0.84
15834 12 0.98
15846 19 0.57
15878 23 0.56
15886 10 0.08
15901 14 0.52
15903 10 0.64
15905 8 0.71
15915 10 0.49
15917 13 0.98
15934 1 0.37
15935 20 0.18
15939 13 0.81
15953 25 0.23
15954 9 0.49
15956 8 0.22
15960 20 0.35
15982 22 0.55
16003 22 0.91
16006 11 0.15
16008 2 0.09
16011 4 0.75
16013 8 0.16
16023 12 0.46
16025 3 0.43
16045 24 0.63
16057 0 0.88
16063 27 0.6
16091 20 0.99
16095 15 0.53
16097 4 0.29
16100 6 0.84
16111 15 0.55
16114 17 0.19
16117 25 0.5
16124 16 0.58
16132 22 0.0
16149 19 0.91
16151 15 0.35
16166 11 0.31
16169 3 0.57
16171 3 0.94
16174 18 0.89
16192 23 0.49
16207 8 0.1
16214 29 0.69
16232 13 0.5
16236 1 0.31
16237 17 0.14
16242 23 0.75
16263 29 0.61
16266 25 0.56
16279 25 0.53
16291 19 0.79
16300 14 0.09
16309 5 0.33
16313 14 0.97
16323 9 0.06
16333 13 0.06
16335 27 0.12
16363 17 0.85
16369 9 0.71
16373 16 0.12
16412 23 0.61
16421 19 0.14
16428 24 0.86
16448 9 0.06
16452 20 0.23
16474 0 0.76
16483 17 0.48
16486 8 0.6
16488 28 0.85
16499 18 0.2
16513 15 0.57
16519 23 0.92
16520 22 0.93
16523 14 0.31
16573 18 0.87
16592 18 0.53
16594 7 0.26
16595 24 0.17
16623 3 0.08
16636 19 0.31
16643 11 0.14
16645 24 0.21
16648 20 0.98
16658 14 0.9
16661 26 0.68
16664 6 0.06
16672 19 0.73
16689 12 0.3
16692 23 0.74
16705 6 0.22
16711 24 0.57
16712 20 0.11
16743 4 0.49
16747 1 0.31
16758 27 0.32
16761 12 0.71
16765 26 0.34
16774 24 0.17
16775 22 0.77
16786 6 0.5
16809 17 0.05
16811 23 0.12
16825 22 0.22
16827 7 0.43
16845 7 0.66
16848 19 0.53
16851 8 0.22
16852 9 0.1
16881 10 0.34
16886 2 0.52
16891 11 0.13
16893 20 0.13
16895 25 0.09
16898 6 0.37
16901 4 0.31
16907 25 0.29
16921 10 0.78
16922 2 0.65
16953 13 0.91
16954 1 0.31
16956 12 0.34
16961 16 0.13
16963 20 0.37
16966 16 0.86
17017 25 0.81
17023 12 0.14
17027 20 0.09
17028 15 0.84
17043 3 0.14
17055 23 0.37
17065 11 0.67
17083 7 0.47
17086 4 0.64
17090 20 0.59
17113 23 0.48
17128 20 0.01
17139 16 0.63
17140 28 0.65
17148 11 0.65
17153 18 0.55
17155 8 0.71
17185 24 0.57
17188 0 0.85
17200 4 0.37
17201 4 0.64
17206 0 0.54
17207 11 0.62
17208 2 0.74
17210 6 0.9
17232 2 0.93
17233 4 0.94
17254 16 0.04
17280 11 0.88
17284 6 0.69
17285 17 0.43
17304 20 0.94
17311 2 0.26
17318 9 0.35
17320 9 0.42
17321 24 0.83
17335 11 0.73
17339 7 0.59
17360 8 0.06
17364 28 0.31
17372 4 0.66
17387 19 0.24
17391 3 0.48
17399 18 0.19
17409 28 0.51
17420 10 0.24
17429 7 0.61
17468 24 0.32
17497 0 0.71
17504 6 0.88
17510 26 0.34
17524 9 0.08
17542 27 0.07
17545 1 0.38
17559 19 0.71
17574 2 0.03
17582 19 0.99
17590 8 0.33
17605 11 0.6
17607 16 0.63
17616 21 0.38
17623 19 0.16
17638 10 0.1
17642 28 0.24
17643 11 0.88
17663 5 0.42
17671 29 0.56
17672 29 0.03
17676 21 0.28
17696 20 0.86
17697 7 0.62
17701 9 0.58
17714 8 0.69
17715 26 0.75
17721 18 0.11
17734 16 0.44
17741 7 0.72
17743 28 0.76
17750 25 0.67
17772 14 0.7
17774 5 0.0
17775 18 0.42
17777 7 0.83
17790 18 0.43
17803 26 0.57
17817 18 0.8
17819 3 0.39
17825 15 0.68
17835 14 0.76
17836 9 0.01
17845 15 0.8
17846 11 0.75
17849 4 0.81
17858 0 0.31
17889 5 0.81
17896 20 0.91
17900 15 0.67
17909 9 0.23
17911 7 0.38
17929 6 0.46
17932 8 0.31
17943 26 0.03
17960 27 0.82
17981 21 0.99
17982 29 0.28
17987 24 0.69
17993 2 0.89
17994 13 0.83
18013 9 0.86
18016 27 0.05
18020 21 0.94
18029 10 0.69
18061 25 0.51
18085 2 0.9
18089 14 0.52
18128 10 0.19
18130 10 0.93
18134 13 0.41
18139 20 0.96
18143 4 0.46
18145 6 0.98
18154 14 0.06
18162 0 0.17
18182 3 0.54
18191 17 0.51
18195 5 0.2
18197 24 0.42
18212 19 0.35
18260 14 0.92
18272 19 0.19
18281 19 0.16
18284 6 0.02
18288 0 0.09
18298 18 0.56
18319 5 0.14
18330 20 0.27
18342 3 0.22
18347 19 0.87
18349 13 0.35
18350 20 0.95
18354 21 0.81
18386 11 0.23
18393 21 0.82
18396 10 0.35
18407 13 0.7
18415 13 0.69
18428 27 0.07
18441 9 0.19
18448 14 0.54
18460 23 0.07
18461 25 0.62
18462 22 0.17
18467 25 0.85
18490 10 0.74
18492 3 0.88
18508 11 0.05
18509 19 0.59
18516 0 0.33
18518 1 0.42
18528 6 0.01
18535 3 0.56
18556 16 0.87
18568 20 0.83
18572 27 0.38
18582 24 0.39
18584 27 0.55
18587 23 0.62
18593 12 0.44
18604 4 0.48
18648 27 0.12
18681 0 0.38
18691 12 0.62
18694 1 0.07
18702 2 0.92
18703 10 0.47
18711 5 0.86
18715 20 0.67
18728 4 0.67
18737 2 0.13
18759 21 0.55
18775 6 0.55
18780 0 0.13
18783 6 0.67
18811 16 0.11
18855 28 0.64
18876 12 0.24
18883 4 0.33
18886 16 0.23
18916 22 0.22
18917 7 0.96
18942 15 0.93
18952 28 0.53
18958 15 0.1
18974 5 0.73
18976 25 0.8
19003 19 0.18
19007 9 0.7
19010 23 0.35
19014 28 0.6
19015 25 0.87
19023 20 0.46
19043 28 0.94
19046 10 0.37
19049 0 0.17
19058 15 0.2
19061 14 0.56
19079 22 0.74
19085 1 0.05
19105 14 0.91
19140 23 0.74
19156 22 0.79
19167 14 0.28
19174 7 0.44
19201 1 0.2
19203 9 0.93
19208 18 0.94
19216 10 0.58
19223 29 0.6
19225 28 0.23
19241 19 0.8
19244 17 0.62
19249 29 0.25
19256 12 0.82
19262 17 0.24
19269 28 0.91
19276 8 0.42
19283 16 0.72
19289 29 0.67
19296 9 0.53
19302 6 0.54
19311 2 0.84
19320 6 0.85
19325 15 0.21
19329 7 0.22
19333 20 0.48
19344 22 0.02
19348 15 0.8
19353 1 0.36
19367 7 0.32
19378 16 0.01
19421 22 0.97
19426 10 0.88
19444 9 0.81
19454 20 0.05
19463 1 0.26
19466 17 0.5
19474 1 0.47
19479 1 0.99
19497 10 0.36
19507 11 0.42
19550 16 0.29
19552 11 0.5
19574 25 0.82
19577 2 0.1
19601 5 0.71
19622 8 0.03
19642 20 0.26
19650 20 0.43
19663 1 0.63
19665 23 0.55
19672 9 0.67
19680 15 0.91
19690 22 0.72
19695 19 0.36
19697 17 0.16
19703 12 0.11
19713 18 0.38
19714 13 0.27
19730 15 0.05
19773 5 0.48
19780 15 0.4
19784 17 0.02
19801 22 0.82
19802 26 0.24
19805 9 0.46
19807 14 0.73
19810 19 0.08
19819 16 0.45
19864 2 0.72
19875 11 0.03
19887 9 0.66
19892 1 0.19
19898 28 0.01
19908 13 0.97
19914 19 0.98
19917 2 0.31
19928 16 0.48
19932 9 0.35
19949 28 0.69
19992 2 0.29
19997 27 0.09
20007 1 0.95
20012 7 0.82
20014 4 0.62
20020 5 0.23
20021 25 0.94
20028 0 0.91
20037 16 0.44
20040 19 0.75
20043 15 0.69
20044 27 0.0
20045 9 0.01
20047 11 0.31
20048 7 0.2
20051 23 0.92
20057 17 0.43
20071 28 0.74
20081 10 0.93
20102 9 0.63
20105 22 0.46
20118 3 0.04
20121 13 1.0
20139 25 0.85
20151 27 0.29
20154 14 0.29
20158 16 0.84
20166 19 0.52
20175 3 0.67
20179 13 0.11
20183 2 0.51
20185 16 0.02
20201 22 0.93
20208 18 0.49
20211 0 0.09
20229 4 0.12
20230 3 0.13
20231 11 0.29
20233 0 0.77
20235 16 0.97
20238 2 0.28
20242 12 0.67
20253 4 0.67
20261 25 0.31
20278 17 0.06
20280 1 0.01
20291 18 0.49
20327 4 0.22
20339 0 0.05
20353 1 0.63
20361 21 0.82
20366 11 0.06
20367 27 0.02
20383 27 0.78
20412 22 0.95
20417 9 0.07
20441 14 0.89
20455 10 0.72
20456 29 0.02
20462 6 0.87
20467 10 0.43
20478 21 0.79
20483 27 0.37
20490 10 0.91
20494 3 0.55
20504 8 0.99
20505 17 0.25
20539 9 0.81
20553 0 0.8
20566 21 0.44
20567 28 0.79
20570 22 0.96
20573 22 0.18
20585 9 0.68
20586 5 0.44
20592 5 0.23
20593 27 0.33
20604 27 0.82
20611 21 0.27
20615 22 0.19
20619 5 0.36
20639 9 0.16
20664 17 0.83
20665 9 0.7
20726 17 0.89
20741 17 0.38
20746 25 0.37
20759 25 0.37
20791 26 0.91
20840 19 0.34
20856 24 0.11
20869 7 0.03
20893 10 0.11
20915 27 0.73
20928 16 0.95
20939 28 0.46
20941 3 0.53
20943 22 0.45
20950 2 0.22
20962 16 0.7
20975 29 0.54
20985 23 0.07
20994 18 0.05
21007 5 0.74
21014 11 0.83
21017 10 0.47
21027 11 0.87
21028 11 0.99
21044 20 0.11
21046 21 0.83
21083 13 0.63
21084 25 0.67
21090 15 0.95
21102 8 0.46
21103 14 0.81
21126 10 0.91
21137 2 0.94
21142 26 0.69
21145 24 0.94
21146 24 0.77
21148 20 0.71
21159 8 0.05
21167 21 0.16
21176 4 0.59
21180 27 0.89
21182 2 0.64
21183 26 0.72
21193 14 0.52
21198 28 0.82
21223 10 0.22
21224 22 0.25
21234 26 0.35
21238 6 0.1
21251 22 0.83
21252 19 0.01
21254 28 0.63
21256 4 0.16
21262 19 0.33
21270 9 0.55
21276 29 0.02
21300 2 0.46
21301 14 0.64
21302 8 0.41
21305 25 0.42
21316 11 0.34
21345 21 0.13
21349 7 0.2
21356 11 0.79
21373 13 0.94
21374 22 0.64
21387 29 0.43
21393 9 0.72
21423 15 0.95
21433 12 0.47
21441 25 0.05
21444 25 0.28
21447 22 0.48
21450 15 1.0
21458 20 0.94
21477 16 0.56
21512 4 0.99
21518 27 0.61
21520 26 0.69
21528 17 0.3
21529 26 0.55
21554 17 0.26
21579 23 0.82
21580 29 0.59
21592 8 0.65
21594 22 0.82
21596 1 0.02
21597 7 0.74
21603 29 0.0
21612 2 0.54
21631 6 0.88
21632 26 0.26
21657 17 0.48
21663 15 0.85
21682 24 0.19
21714 7 0.3
21721 0 0.76
21722 17 0.94
21723 22 0.5
21724 15 0.5
21736 22 0.28
21755 19 0.63
21766 18 0.65
21776 19 0.89
21777 29 0.15
21778 23 0.76
21785 6 0.82
21795 0 0.89
21800 20 0.81
21838 17 0.15
21858 25 0.07
21860 9 0.47
21862 16 0.49
21864 1 0.46
21865 15 0.44
21878 0 0.31
21888 29 0.21
21889 5 0.04
21897 25 0.52
21909 12 0.08
21943 4 0.76
21944 16 0.63
21945 2 0.95
21955 29 0.7
21969 11 0.97
21971 23 0.42
21975 15 0.92
21976 5 0.69
21979 18 0.11
21987 9 0.31
21989 1 0.52
21993 5 0.79
21996 3 0.96
22002 29 0.05
22007 23 0.78
22012 10 0.47
22044 2 0.87
22046 2 0.24
22051 12 0.96
22056 21 0.59
22060 5 0.68
22080 23 0.35
22083 29 0.79
22084 16 0.09
22115 18 0.23
22125 27 0.32
22133 16 0.88
22137 6 0.03
22165 15 0.23
22168 25 0.09
22172 7 0.33
22178 6 0.67
22185 5 0.79
22203 20 0.77
22216 7 0.87
22218 8 0.73
22219 10 0.58
22221 12 0.88
22222 29 0.91
22227 3 0.17
22228 21 0.68
22230 28 0.06
22232 26 0.12
22238 5 0.68
22250 4 0.1
22251 24 0.43
22255 10 0.83
22265 25 0.29
22267 18 0.56
22270 29 0.22
22271 28 0.68
22286 27 0.78
22289 7 0.7
22292 10 0.49
22295 10 0.5
22305 0 0.39
22314 3 0.56
22315 20 0.79
22332 16 0.81
22352 10 0.81
22357 17 0.65
22383 0 0.29
22401 9 0.65
22410 7 0.48
22426 17 0.8
22431 1 0.79
22433 24 0.01
22434 20 0.41
22438 25 0.46
22470 8 0.56
22473 24 0.91
22485 14 0.34
22497 21 1.0
22500 20 0.02
22509 19 0.46
22516 9 0.8
22540 19 0.18
22551 16 0.66
22571 14 0.09
22578 29 0.17
22594 13 0.44
22599 25 0.48
22613 6 0.73
22615 22 0.68
22618 15 0.88
22620 0 0.4
22643 3 0.53
22650 9 0.03
22671 15 0.44
22674 15 0.66
22676 26 0.89
22680 23 0.39
22686 3 0.47
22689 5 0.89
22711 12 0.1
22714 23 0.22
22719 26 0.1
22722 16 0.63
22752 12 0.06
22754 22 0.43
22759 21 0.19
22761 27 0.24
22769 2 0.15
22772 10 0.34
22787 20 0.33
22816 20 0.2
22817 18 0.26
22822 13 0.01
22831 9 0.6
22843 29 0.41
22844 16 0.73
22864 2 0.57
22868 10 0.73
22869 0 0.67
22883 13 0.09
22888 23 0.35
22890 5 0.04
22902 27 0.91
22910 7 0.9
22920 11 0.78
22924 0 0.47
22926 21 0.54
22935 10 0.43
22936 8 0.74
22943 7 0.81
22946 18 0.53
22960 2 0.58
22967 7 0.16
22969 6 0.94
22974 20 0.28
22975 11 0.87
22991 16 0.55
22995 29 0.36
23017 20 0.05
23019 15 0.66
23023 7 0.33
23028 23 0.69
23030 7 0.21
23043 6 0.17
23053 5 0.33
23063 14 0.58
23064 5 0.6
23071 6 0.22
23072 3 0.29
23076 10 0.83
23082 8 0.2
23099 26 0.3
23100 1 0.78
23108 10 0.93
23112 16 0.49
23119 12 0.94
23125 28 0.81
23128 26 0.74
23130 3 0.55
23145 18 0.06
23155 29 0.47
23156 23 0.22
23177 4 0.58
23182 7 0.99
23185 21 0.11
23188 11 0.68
23191 19 0.28
23197 5 0.35
23206 28 0.5
23209 2 0.36
23210 5 0.52
23245 20 0.09
23262 29 0.42
23266 29 0.26
23286 18 0.95
23292 12 0.93
23299 0 0.23
23300 15 0.25
23303 10 0.37
23318 14 0.56
23328 14 0.56
23330 14 0.83
23333 16 0.21
23357 17 0.12
23375 29 0.93
23381 19 0.52
23403 5 0.57
23404 12 0.02
23405 16 0.56
23411 29 0.98
23425 3 0.94
23427 1 0.47
23441 18 0.88
23447 12 0.79
23449 21 0.08
23469 13 0.96
23480 9 0.37
23490 18 0.25
23496 23 0.21
23508 3 0.68
23517 8 0.06
23520 28 0.98
23535 2 0.49
23551 6 0.82
23560 25 0.64
23574 21 0.88
23580 2 0.11
23582 12 0.47
23586 18 0.66
23588 19 0.19
23591 3 0.28
23595 20 0.0
23597 2 0.57
23604 23 0.14
23619 7 0.76
23620 26 0.96
23643 5 0.88
23648 24 0.66
23660 28 0.75
23682 25 0.38
23693 26 0.21
23703 9 0.94
23725 18 0.66
23736 23 0.62
23742 25 0.82
23760 3 0.68
23765 9 0.6
23769 29 0.27
23774 27 0.92
23785 10 0.57
23787 13 0.93
23792 24 0.81
23796 11 0.07
23797 12 0.11
23809 10 0.18
23840 4 0.86
23841 2 0.75
23842 5 0.81
23850 17 0.3
23866 22 0.62
23877 26 0.55
23883 4 0.56
23919 29 0.36
23932 0 0.21
23940 24 0.83
23962 23 0.62
23968 19 0.82
23989 21 0.96
24010 3 0.15
24026 16 0.14
24034 0 0.32
24049 18 0.57
24062 0 0.89
24069 15 0.36
24083 10 0.98
24087 24 0.88
24094 5 0.99
24105 19 0.66
24106 28 0.72
24115 6 0.53
24126 19 0.13
24128 6 0.35
24144 29 0.13
24145 11 0.41
24146 16 0.08
24148 28 0.6
24155 18 0.2
24160 24 0.84
24163 28 0.05
24164 4 0.92
24165 24 0.27
24169 23 0.9
24172 5 0.27
24186 11 0.59
24192 22 0.43
24207 11 0.35
24240 29 0.53
24248 6 0.97
24253 4 0.77
24270 28 0.57
24273 19 0.98
24274 20 0.94
24278 22 0.5
24289 26 0.98
24299 2 0.26
24334 26 0.82
24335 16 0.54
24341 27 0.56
24347 15 0.42
24354 27 0.4
24355 11 0.91
24360 17 0.8
24361 29 0.02
24363 18 0.83
24379 22 0.72
24381 14 0.86
24398 16 0.82
24405 27 0.47
24411 28 0.79
24419 19 0.32
24420 19 0.81
24433 16 0.36
24450 11 0.6
24478 21 0.56
24479 1 0.96
24490 3 0.4
24502 20 0.82
24504 20 0.05
24506 20 0.57
24529 18 0.47
24533 14 0.24
24546 4 0.88
24549 2 0.88
24554 11 0.29
24578 21 0.69
24582 13 0.79
24597 2 0.04
24608 25 0.99
24614 21 0.11
24618 1 0.63
24625 12 0.6
24634 6 0.03
24641 12 0.31
24647 14 0.29
24651 3 0.96
24652 3 0.33
24663 6 0.07
24671 10 0.72
24675 26 0.47
24677 15 0.34
24681 0 0.88
24700 5 0.05
24711 22 0.77
24718 1 0.57
24719 1 0.12
24721 19 0.82
24754 23 0.87
24767 0 0.95
24777 17 0.28
24782 27 0.73
24807 24 0.9
24816 4 0.84
24819 11 0.03
24824 22 0.08
24825 11 0.95
24836 5 0.35
24847 1 0.69
24876 10 0.76
24881 14 0.79
24891 4 0.25
24910 9 0.49
24916 6 0.1
24929 25 0.77
24934 22 0.95
24940 3 0.71
24968 3 0.87
24994 11 0.94
24997 5 0.55
