4 21 0.37
14 3 0.87
15 22 0.45
27 7 0.55
33 5 0.02
34 23 0.12
37 1 0.13
43 2 0.51
44 0 0.34
50 12 0.86
58 10 0.15
62 12 0.74
63 8 0.51
66 18 0.45
68 1 0.01
72 24 0.43
84 6 0.0
101 24 0.67
103 25 0.97
105 2 1.0
106 12 0.59
111 27 0.11
124 15 0.05
125 27 0.64
130 21 0.44
131 1 0.95
133 2 0.76
135 29 0.17
136 0 0.24
140 27 0.28
146 25 0.6
147 4 0.21
152 13 0.71
158 23 0.64
160 14 0.87
166 1 0.08
168 27 0.44
169 10 0.92
170 14 0.61
173 13 0.85
180 5 0.81
184 26 0.01
185 10 0.76
186 3 0.26
187 16 0.93
192 12 0.26
202 2 0.55
203 26 0.89
204 23 0.65
205 15 0.54
214 27 0.48
217 27 0.41
218 4 0.98
219 4 0.11
220 4 0.35
223 28 0.57
224 15 0.33
226 18 0.28
234 14 0.17
235 11 0.37
237 4 0.74
246 21 0.25
255 9 0.67
256 5 0.55
260 24 0.46
267 8 0.98
272 0 0.94
273 5 0.27
278 8 0.38
282 27 0.95
289 19 0.57
290 15 0.93
293 10 0.0
303 6 0.33
310 20 0.82
318 8 0.06
320 9 0.34
325 3 0.1
327 22 0.57
328 4 0.17
330 26 0.59
337 27 0.47
339 27 0.43
343 21 0.54
350 25 0.31
351 14 0.63
352 6 0.09
355 25 0.49
356 4 0.34
360 26 0.98
361 26 0.36
379 25 0.36
380 29 0.24
389 20 0.76
392 13 0.13
393 8 0.61
406 4 0.3
408 17 0.04
415 5 0.54
416 7 0.41
419 20 0.24
425 22 0.91
427 18 0.29
437 8 0.43
445 4 0.02
458 28 0.33
462 26 0.17
463 11 0.32
471 28 0.11
472 12 0.73
473 21 0.62
475 20 0.83
483 24 0.52
484 29 1.0
485 25 0.64
486 2 0.39
489 7 0.87
501 18 0.44
509 3 0.37
514 16 0.05
515 5 0.73
517 27 0.42
518 2 0.97
520 3 0.09
525 11 0.0
526 17 0.28
528 11 0.88
531 20 0.02
534 2 0.1
535 28 0.73
546 8 0.99
552 11 0.92
554 20 0.83
556 0 0.1
557 23 0.35
560 22 0.05
570 19 0.75
571 27 0.45
572 23 0.09
573 24 0.18
575 8 0.88
591 8 0.81
593 29 0.75
596 26 0.16
598 21 0.09
613 10 0.01
614 19 0.07
615 19 0.86
616 23 0.27
617 2 0.85
619 15 0.21
626 11 0.04
627 6 0.33
632 0 0.38
640 18 0.11
641 26 0.28
642 9 0.94
643 11 0.51
650 11 0.52
666 14 0.3
671 8 0.98
676 10 0.57
677 8 0.76
684 7 0.27
688 1 0.86
697 8 0.22
704 27 0.01
719 9 0.72
720 27 0.62
722 8 0.91
723 0 0.49
734 9 0.36
738 21 0.07
741 21 0.36
743 17 0.91
744 11 0.38
748 19 0.39
759 3 0.77
764 17 0.46
767 26 0.49
773 2 0.25
774 28 0.78
775 20 0.74
776 16 0.63
781 22 0.23
786 7 0.31
795 17 0.3
798 12 0.21
801 23 0.86
810 0 0.14
816 19 0.18
819 10 0.39
824 4 0.3
827 23 0.53
830 23 0.35
837 5 0.25
842 13 0.62
844 16 0.22
847 29 0.67
851 29 0.15
855 6 0.04
860 6 0.32
861 21 0.57
864 4 0.04
868 5 0.35
870 9 0.5
874 20 0.36
875 4 0.96
881 21 0.87
883 14 0.04
885 11 0.32
889 5 0.31
890 17 0.46
892 18 0.82
901 2 0.49
903 5 0.29
909 24 0.7
917 23 0.58
923 3 0.85
924 21 0.27
926 28 0.88
928 5 0.16
935 27 0.38
942 24 0.6
949 4 0.92
952 1 0.32
955 17 0.68
958 20 0.77
960 9 0.1
962 7 0.64
965 7 0.54
966 22 0.32
971 25 0.1
978 5 0.83
983 7 0.29
985 0 0.03
986 2 0.54
989 6 0.83
994 18 0.35
996 12 0.78
1019 13 0.2
1026 0 0.01
1027 19 0.22
1028 10 0.29
1030 0 0.26
1034 22 0.98
1037 21 0.05
1045 3 0.04
1050 10 0.09
1052 14 0.47
1055 29 0.02
1056 8 0.2
1061 1 0.56
1063 12 0.68
1072 12 0.54
1077 27 0.52
1079 16 0.87
1081 10 0.54
1084 12 0.84
1093 21 0.81
1097 0 0.32
1101 10 0.76
1102 29 0.91
1103 3 0.3
1105 6 0.04
1107 8 0.33
1110 23 0.81
1112 27 0.15
1116 8 0.35
1119 29 0.04
1124 16 0.92
1130 18 0.9
1139 6 0.07
1140 7 0.51
1142 26 0.42
1146 16 0.61
1154 22 0.09
1155 28 0.56
1156 5 0.07
1160 0 0.07
1165 25 0.28
1167 23 0.81
1171 18 0.21
1172 7 0.5
1175 5 0.82
1176 24 0.32
1178 17 0.86
1180 28 0.92
1187 11 0.31
1189 5 0.01
1190 5 0.0
1191 3 0.01
1197 0 0.98
1201 10 0.09
1204 26 0.24
1205 6 0.08
1206 29 0.11
1207 20 0.69
1208 27 0.84
1211 5 0.45
1212 11 0.53
1216 17 0.35
1226 7 0.37
1228 26 0.45
1232 15 0.25
1238 16 0.88
1243 29 0.68
1244 5 0.17
1247 8 0.13
1253 29 0.7
1256 0 0.29
1264 8 0.68
1269 29 0.1
1271 2 0.77
1287 11 0.18
1293 3 0.31
1295 25 0.14
1300 3 0.96
1301 11 0.97
1304 2 0.59
1316 19 0.68
1317 9 0.44
1323 4 0.02
1326 15 0.92
1332 22 0.99
1336 11 0.72
1337 23 0.36
1341 22 0.16
1357 3 0.89
1358 27 0.7
1360 26 0.7
1361 12 0.51
1369 25 0.58
1370 19 0.28
1372 9 0.7
1376 28 0.5
1380 9 0.56
1387 10 0.34
1388 21 0.27
1396 25 0.47
1399 1 0.02
1401 25 0.8
1402 13 0.24
1405 2 0.47
1409 1 0.84
1412 1 0.93
1414 11 0.71
1416 5 0.33
1418 20 0.22
1425 13 0.36
1437 12 0.62
1443 23 0.49
1446 3 0.24
1451 24 0.03
1461 21 0.83
1462 21 0.7
1466 21 0.47
1477 16 0.39
1480 15 0.54
1489 12 0.67
1494 18 0.56
1500 9 0.51
1501 28 0.49
1503 10 0.6
1504 1 0.07
1515 23 0.81
1518 7 0.93
1522 15 0.67
1525 7 0.21
1528 9 0.19
1529 29 0.7
1533 14 0.73
1541 12 0.44
1545 29 0.0
1547 29 0.09
1549 24 0.6
1551 16 0.64
1554 19 0.3
1556 1 0.85
1569 1 0.48
1571 14 0.63
1573 27 0.23
1575 3 0.26
1579 25 0.17
1586 12 0.54
1588 11 0.12
1590 5 0.09
1591 8 0.95
1593 7 0.55
1596 25 0.99
1603 8 0.2
1606 15 0.22
1607 3 0.33
1615 2 0.81
1617 9 0.38
1626 12 0.56
1630 1 0.66
1635 9 0.03
1642 29 0.09
1644 10 0.92
1645 15 0.64
1646 3 0.38
1654 19 0.32
1656 28 0.19
1665 2 0.86
1668 6 0.81
1670 24 0.02
1673 24 0.53
1676 29 0.59
1682 3 0.3
1686 29 0.88
1688 27 0.51
1693 13 0.61
1694 3 0.43
1697 5 0.0
1706 13 0.52
1710 25 0.69
1711 9 0.68
1713 19 0.35
1715 18 0.68
1717 11 0.04
1720 22 0.03
1724 28 0.77
1726 29 0.25
1727 4 0.35
1729 5 0.04
1732 20 0.01
1741 22 0.88
1742 21 0.51
1743 26 0.41
1744 18 0.59
1748 14 0.91
1752 19 0.13
1755 3 0.63
1759 9 0.48
1761 3 0.17
1763 14 0.59
1766 9 0.5
1767 4 0.74
1769 8 0.34
1770 3 0.39
1772 24 0.02
1775 8 0.36
1779 19 0.76
1786 17 0.51
1788 24 0.16
1789 28 0.59
1791 3 0.03
1792 12 0.83
1795 17 0.87
1804 26 0.36
1805 26 0.31
1806 10 0.86
1807 13 0.35
1812 8 0.78
1817 20 0.28
1821 17 0.04
1826 6 0.42
1828 10 0.13
1830 17 0.17
1833 7 0.35
1835 19 0.51
1838 23 0.86
1844 15 0.03
1846 24 0.27
1847 9 0.3
1859 14 0.36
1862 26 0.69
1871 13 0.16
1873 24 0.12
1877 13 0.5
1880 23 0.47
1882 17 0.05
1885 6 0.75
1888 20 0.29
1890 0 0.9
1895 21 0.81
1897 3 0.81
1899 6 0.68
1914 24 0.3
1917 12 0.24
1919 19 0.92
1920 8 0.9
1923 4 0.26
1927 10 0.11
1928 14 0.53
1932 25 0.55
1935 6 0.12
1937 22 0.53
1944 17 0.27
1953 16 0.47
1954 22 0.26
1958 25 0.26
1959 4 0.61
1961 22 0.66
1967 5 0.56
1971 4 0.94
1975 8 0.54
1988 8 0.26
1994 29 0.67
2001 10 0.97
2002 27 0.62
2007 26 0.51
2012 0 0.92
2017 8 0.17
2022 8 0.1
2025 25 0.7
2027 13 0.63
2030 27 0.6
2036 20 0.08
2037 18 0.07
2039 16 0.91
2041 19 0.72
2042 23 0.56
2055 18 0.62
2058 1 0.34
2061 2 0.78
2062 25 0.13
2063 18 0.81
2070 13 0.59
2071 27 0.09
2072 9 0.4
2077 5 0.99
2078 7 0.23
2085 4 0.89
2087 17 0.01
2092 28 0.35
2097 26 0.91
2101 8 0.34
2109 29 0.18
2117 26 0.15
2123 19 0.43
2130 29 0.72
2135 28 0.99
2136 11 0.33
2138 15 0.82
2143 12 0.88
2148 29 0.65
2149 29 0.89
2155 15 0.94
2159 24 0.38
2163 19 0.95
2169 2 0.47
2171 28 0.53
2172 18 0.28
2174 18 0.1
2175 9 0.9
2183 20 0.79
2184 9 0.93
2189 22 0.5
2191 20 0.25
2199 4 0.62
2201 24 0.24
2213 12 0.05
2215 11 0.74
2237 22 0.43
2251 2 0.3
2252 28 0.79
2257 2 0.19
2258 25 0.31
2262 11 0.59
2281 8 0.62
2282 9 0.55
2284 3 0.39
2295 2 0.01
2300 23 0.3
2301 8 0.28
2304 18 0.69
2307 14 0.8
2310 28 0.25
2313 1 0.38
2317 28 0.7
2324 3 0.95
2329 23 0.97
2341 23 0.51
2348 28 0.86
2350 22 0.34
2353 15 0.52
2355 3 0.16
2358 11 0.83
2364 16 0.84
2367 9 0.87
2373 9 0.23
2375 8 0.91
2379 11 0.95
2389 8 0.41
2391 9 0.74
2392 11 0.72
2394 9 0.05
2396 15 0.61
2399 18 0.81
2406 24 0.5
2408 5 0.49
2425 15 0.42
2433 25 0.2
2437 16 0.72
2441 18 0.76
2445 20 0.98
2446 15 0.4
2448 19 0.17
2452 11 0.47
2456 0 0.29
2458 18 0.1
2461 10 0.64
2463 20 0.68
2464 7 0.55
2472 0 0.74
2473 24 0.98
2477 1 0.75
2481 20 0.66
2485 14 0.76
2486 14 0.91
2493 16 0.34
2499 22 0.95
