1263 5 0.73
2074 2 0.97
126 2 0.59
147 3 0.6
1192 9 0.53
857 5 0.75
928 0 0.22
2248 8 0.21
265 4 0.68
1847 8 0.96
20 6 0.79
1301 5 0.21
2405 7 0.54
309 9 0.27
1566 4 0.79
2220 1 0.35
2201 4 0.28
1206 9 0.2
479 2 0.82
2335 9 0.76
1189 0 0.34
1356 1 0.04
192 0 0.75
791 5 0.94
1628 9 0.47
1751 1 0.28
1407 8 0.53
991 9 0.62
1382 6 0.85
1061 5 0.49
1395 3 0.04
2298 1 0.87
515 8 0.17
1582 4 0.72
851 5 0.57
87 4 0.66
1280 7 0.79
2366 3 0.44
1565 1 0.14
1030 4 0.97
2433 2 0.56
1546 3 0.14
1571 4 0.71
830 1 0.49
1385 1 0.16
61 2 0.97
674 1 0.01
1525 5 0.89
693 3 0.21
2009 6 0.74
405 0 0.51
1152 0 0.41
1734 3 0.11
1614 7 0.86
1367 8 0.2
527 3 0.92
1229 8 0.56
931 8 0.59
237 9 0.85
1931 1 0.38
2264 7 0.46
1493 4 0.98
486 9 0.92
1421 6 0.32
2331 1 0.37
99 8 0.11
1438 6 0.5
162 9 0.92
1221 0 0.88
844 2 0.5
2419 4 0.38
2134 8 0.85
1986 1 0.78
891 3 0.9
756 1 0.39
2162 1 0.2
2264 7 0.29
1579 7 0.15
1935 2 0.05
1767 2 0.53
1364 3 0.75
614 2 0.93
1081 1 0.72
1687 6 0.03
2368 5 0.02
1030 6 0.29
567 4 0.88
151 7 0.2
2412 7 0.19
1656 6 0.27
1042 1 0.65
748 2 0.76
2131 2 0.52
633 2 1.0
2198 2 0.43
1043 7 0.24
117 9 0.69
313 5 0.63
205 7 0.6
794 6 0.57
1688 6 0.83
2325 9 0.84
1970 7 0.75
1381 7 0.55
311 5 0.64
695 6 0.28
1109 1 0.99
1537 6 0.71
1995 9 0.24
1946 0 0.05
1108 0 0.07
2196 2 0.91
2138 2 0.61
269 8 0.69
130 3 0.08
199 9 0.21
2045 3 0.72
138 3 0.28
2380 6 0.88
1995 4 0.76
2402 7 0.22
1305 8 0.95
1827 8 0.77
448 0 0.71
544 5 0.99
708 9 0.14
2360 7 0.71
1484 2 0.64
804 5 0.66
1671 9 0.45
449 2 0.25
1790 5 0.73
1963 2 0.38
1546 0 0.59
270 8 0.54
812 2 0.9
1287 2 0.49
2377 8 0.45
2029 0 1.0
2044 5 0.06
943 0 0.43
1557 4 0.82
995 3 0.83
1360 0 0.75
504 2 0.85
1314 8 0.22
168 3 0.95
480 1 0.88
2326 4 0.9
2011 8 0.31
882 0 0.06
1287 1 0.06
2300 1 0.53
1333 1 0.18
837 7 0.01
2375 8 0.97
3 1 0.21
999 2 0.04
971 6 0.88
590 1 0.35
2033 1 0.14
300 5 0.34
202 8 0.23
800 1 0.29
2092 8 0.04
1085 5 0.11
2088 2 0.48
1311 1 0.8
1205 5 0.8
800 1 0.14
703 2 0.82
834 8 0.34
1682 3 0.19
1363 3 0.75
1051 2 0.88
1504 8 0.98
2239 4 0.09
484 0 0.1
430 4 0.76
785 3 0.95
542 3 0.52
1952 8 0.23
1136 2 0.32
1861 2 0.94
2062 0 0.15
1841 5 0.41
1369 7 0.92
1244 7 0.41
2273 4 0.95
931 6 0.06
2278 3 0.34
534 9 0.31
1126 1 0.03
642 1 0.14
2441 9 0.77
2352 6 0.96
625 3 0.81
1225 6 0.24
430 9 0.34
610 9 0.59
733 4 0.82
2183 9 0.13
271 6 0.52
616 7 0.22
130 3 0.26
221 5 0.02
1430 4 0.51
735 3 0.53
785 2 0.97
1746 5 0.5
2363 4 0.52
317 4 0.22
1231 9 0.89
662 6 0.91
1341 8 0.41
2415 0 0.45
1305 1 0.47
379 1 0.39
1084 5 0.11
1555 0 0.87
220 9 0.15
1438 1 0.92
1953 7 0.14
304 4 0.72
892 1 0.9
1202 5 0.62
1030 4 0.33
345 9 0.69
1384 4 0.11
63 8 0.76
1816 4 0.65
1287 5 0.62
1798 8 0.41
274 0 0.91
1843 2 0.7
2320 9 0.82
911 7 0.85
1264 7 0.06
1554 4 0.56
1208 5 0.39
677 6 0.72
1098 5 0.08
2440 3 0.02
1229 4 0.82
263 6 0.88
527 2 0.55
45 9 0.79
830 8 0.05
2121 2 0.53
1298 9 0.18
584 8 0.24
1060 8 0.09
432 3 0.38
280 0 0.55
997 7 0.9
1182 2 0.73
2375 0 0.63
1293 4 0.87
53 3 0.11
2246 3 0.93
634 9 0.27
2238 3 0.43
983 8 0.0
644 2 0.0
738 0 0.02
1871 0 0.21
1050 3 0.89
301 6 0.58
1887 2 0.32
2245 9 0.99
1532 2 0.66
1401 7 0.9
232 6 0.17
1291 5 0.64
639 5 0.1
870 8 0.08
537 9 0.59
1983 0 0.94
524 0 0.19
2165 8 0.05
2390 9 0.91
686 1 0.0
1959 5 0.65
88 8 0.91
765 4 0.92
504 3 0.14
2183 2 0.4
709 9 0.34
829 5 0.23
182 7 0.33
901 7 0.46
1105 2 0.91
2236 3 0.64
370 9 0.97
816 5 0.23
1222 1 0.68
2069 5 0.34
1350 8 0.44
601 6 0.68
2334 5 0.27
2244 9 0.04
995 9 0.75
213 2 0.52
881 9 0.02
2155 7 0.5
1961 3 0.14
433 5 0.23
1322 2 0.28
1875 0 0.47
468 9 0.26
2391 7 0.25
1 5 0.69
262 1 0.22
623 0 0.97
1917 7 0.65
830 2 0.31
987 9 0.49
1219 7 0.31
1987 3 0.24
2142 2 0.1
1599 8 0.04
1896 2 0.02
84 4 0.53
671 2 0.32
1569 4 0.23
2155 2 0.42
104 5 0.21
474 5 0.75
2157 1 0.32
298 1 0.8
1726 3 0.77
2307 1 0.65
995 8 0.29
1071 9 0.85
2322 1 0.23
992 6 0.56
2035 3 0.96
540 6 0.93
702 3 0.82
1692 4 0.97
634 6 0.91
1364 2 0.76
1149 7 0.15
307 6 0.61
724 0 0.92
2023 8 0.81
855 8 0.08
629 9 0.04
545 4 0.34
2 2 0.02
1614 3 0.34
585 1 0.39
708 4 0.8
668 4 0.6
627 9 0.36
279 2 0.2
198 8 0.95
1097 7 0.18
1369 2 0.58
181 2 0.45
2127 7 0.4
847 0 0.83
276 1 0.23
536 0 0.91
2379 3 0.52
1853 0 0.57
202 2 0.84
417 7 0.83
2213 6 0.16
1369 3 0.06
690 2 0.07
1907 9 0.08
791 0 0.7
1689 0 0.61
2000 6 0.04
2069 2 0.11
988 4 0.31
1505 1 0.98
962 4 0.33
772 4 0.38
820 6 0.96
325 3 0.5
741 4 0.1
671 4 0.91
679 3 0.79
1118 1 0.61
1641 0 0.57
1008 3 0.01
962 0 0.47
279 2 0.25
1807 9 0.06
2033 5 0.39
2495 7 0.08
2337 1 0.3
1140 8 0.31
344 8 0.96
1276 8 0.28
2472 3 0.49
2109 8 0.45
2048 8 0.12
1531 0 0.12
29 1 0.21
2352 8 0.52
2462 3 0.87
1703 8 0.39
1233 9 0.63
505 4 0.79
759 3 0.09
1361 6 1.0
1446 9 0.44
930 9 0.3
1837 0 0.22
2281 2 0.62
1488 0 0.69
2244 0 0.73
115 2 0.62
1340 7 0.27
2090 7 0.95
963 9 0.29
599 4 0.9
331 6 0.48
232 3 0.5
1605 2 0.15
1624 9 0.6
763 8 0.12
664 5 0.6
1781 6 0.71
325 5 0.62
2466 5 0.44
356 0 0.19
2291 8 0.7
165 5 0.65
1472 5 0.07
235 8 0.89
1965 5 0.1
1242 1 0.34
535 7 0.46
1819 0 0.08
111 8 0.69
262 7 0.77
1883 2 0.29
2089 2 0.68
1211 1 0.08
350 4 0.62
895 4 0.01
654 2 0.66
1066 9 0.74
1016 1 0.95
2038 4 0.22
2098 3 0.02
350 5 0.95
1157 8 0.95
748 6 0.93
2401 7 0.02
742 0 0.71
305 3 0.52
217 9 0.44
913 0 0.9
999 9 0.56
2470 9 0.61
2465 4 0.53
565 7 0.61
1695 6 0.42
60 8 0.07
1751 7 0.01
159 3 0.81
751 7 0.32
2193 5 0.83
1224 3 0.18
2036 9 0.98
250 8 0.94
2343 2 0.51
20 4 0.22
809 9 0.4
33 6 0.01
1771 9 0.05
1150 1 0.73
2335 3 0.91
1714 0 0.2
1728 5 0.08
600 4 0.51
1374 2 0.77
2011 4 0.7
34 5 0.1
248 2 0.42
1611 2 0.74
634 1 0.74
1146 4 0.69
2444 5 0.45
517 8 0.62
1758 3 0.5
1786 6 0.11
592 9 0.84
992 6 0.99
0 3 0.19
862 7 0.32
2141 3 0.99
1672 7 0.57
2192 6 0.82
2257 9 0.54
1957 1 0.87
2227 1 0.61
414 7 0.58
1096 8 0.89
150 9 0.7
0 1 0.39
114 2 0.94
1665 1 0.94
2189 0 0.58
392 1 0.65
1524 4 0.62
299 2 0.85
939 8 0.62
1148 7 0.3
1304 8 0.71
754 0 0.53
1647 6 0.56
1148 8 0.72
839 6 0.52
1141 0 0.72
595 4 0.3
2181 1 0.02
2057 4 0.54
678 1 0.18
2151 4 0.65
2098 7 0.12
1381 1 0.62
1923 6 0.43
1840 0 0.02
2145 9 0.55
2153 9 0.76
350 8 0.46
305 5 0.34
2385 6 0.63
646 3 0.42
1292 5 0.73
1186 2 0.06
1070 8 0.87
636 9 0.81
681 2 0.14
1220 5 0.26
1095 0 0.68
1451 4 0.78
1842 0 0.66
340 5 0.16
1251 4 0.38
538 9 0.11
894 4 1.0
1845 5 0.43
1172 3 0.0
2133 4 0.24
971 3 0.84
1217 3 0.09
2084 5 0.08
102 5 0.19
529 9 0.36
1946 7 0.29
72 0 0.06
1093 4 0.62
2336 3 0.94
2349 3 0.98
983 8 0.36
268 0 0.8
2197 7 0.12
274 8 0.58
1122 5 0.75
1050 8 0.64
807 5 0.39
1197 6 0.7
1447 8 0.82
2006 7 0.59
1852 5 0.49
1476 8 0.44
1669 7 0.18
141 9 0.41
1819 6 0.53
2092 8 0.47
1676 7 0.67
463 6 0.16
924 7 0.41
1776 2 0.35
2152 5 0.2
2265 2 0.99
2431 4 0.77
897 5 0.14
2157 5 0.45
1323 1 0.16
942 6 0.96
1286 6 0.49
1547 0 0.7
326 1 0.41
749 2 0.39
2468 3 0.32
556 6 0.83
871 1 0.91
231 4 0.42
487 5 0.84
2091 0 0.56
1711 8 0.9
1215 7 0.6
858 9 0.03
719 6 0.61
1732 0 0.45
921 4 0.76
1216 9 0.93
1431 8 0.56
665 4 0.21
1600 7 0.79
305 9 0.97
1107 2 0.83
2180 5 0.79
1051 9 0.06
183 1 0.23
882 2 0.87
1717 0 0.69
1494 7 0.74
349 3 0.92
2228 6 0.64
860 7 0.16
705 2 0.07
705 9 0.14
370 4 0.12
2359 5 0.78
331 2 0.46
649 7 0.05
267 6 0.94
721 2 0.31
581 5 0.67
2103 9 0.29
2306 3 0.45
842 5 0.09
1596 6 0.76
1757 7 0.19
1298 5 0.05
2499 2 0.27
2498 3 0.88
557 0 0.38
2484 1 0.48
2122 1 0.65
1010 4 0.5
1743 8 0.86
2074 7 0.47
305 7 0.04
1778 4 0.17
1467 8 0.75
707 5 0.87
807 7 0.32
255 2 0.54
2483 9 0.96
1635 3 0.41
670 7 0.44
2024 6 0.43
2249 7 0.78
2358 3 0.96
1411 6 0.76
206 4 0.84
645 5 0.82
2012 1 0.08
973 5 0.8
2484 6 0.43
2129 6 0.29
1711 2 0.1
1580 2 0.95
146 5 0.95
1328 5 0.88
14 5 0.79
946 1 0.38
1333 8 0.54
1006 0 0.87
1819 1 0.86
1732 5 0.41
440 7 0.05
2156 3 0.39
306 7 0.49
2136 9 0.05
1988 3 0.93
197 7 0.93
929 8 0.05
1349 9 0.02
2461 4 0.03
1747 8 0.83
771 9 0.2
1075 1 0.83
1420 3 0.18
1223 4 0.41
2344 2 0.96
380 8 0.63
1883 5 0.65
555 1 0.38
2268 7 0.93
830 6 0.33
647 1 0.82
263 8 1.0
385 3 0.44
208 8 0.6
190 7 0.9
178 5 0.2
2343 8 0.16
698 0 0.6
1142 2 0.26
1512 0 0.24
476 3 0.79
986 2 0.27
1929 7 0.86
2053 3 0.87
1106 3 0.25
549 6 0.04
609 8 0.69
1313 3 0.71
2469 4 0.32
2367 7 0.47
2077 9 0.39
2457 9 0.57
1190 4 0.24
1024 8 0.32
1030 1 0.69
1145 2 0.03
1750 0 0.25
2491 8 0.3
276 9 0.11
2222 9 0.27
368 4 0.85
1887 4 0.18
20 5 0.85
446 6 0.56
2018 5 0.09
42 5 0.21
1001 8 0.23
1610 2 0.97
962 5 0.35
1959 0 0.79
1335 8 0.33
345 4 0.27
106 4 0.68
2006 3 0.25
352 9 0.48
2489 6 0.9
459 3 0.45
1181 9 0.8
1012 0 0.88
2066 7 0.09
692 5 0.84
567 1 0.68
258 3 0.06
585 9 0.44
654 3 0.1
387 9 0.46
1230 7 0.78
56 6 0.82
567 2 0.69
1459 1 0.38
633 4 0.87
2436 7 0.03
1885 0 0.07
1095 2 0.46
2311 0 0.75
1798 6 0.58
306 8 0.59
313 0 0.74
1427 1 1.0
2478 1 0.71
793 8 0.77
2347 2 0.56
1166 9 0.47
1758 9 0.48
427 1 0.53
2145 0 0.06
1732 1 0.78
536 2 0.95
1499 1 0.08
1863 4 0.81
419 8 0.44
2382 6 0.3
415 0 0.49
1206 1 0.95
720 9 0.06
2472 3 0.81
1451 3 0.52
13 6 0.87
2483 7 0.78
2449 9 0.34
1062 3 0.6
1951 5 0.71
2164 6 0.57
287 5 0.91
1574 4 0.17
1428 0 0.48
1014 2 0.87
28 6 0.11
1554 1 0.36
1705 0 0.21
2308 2 0.22
36 7 0.87
1918 8 0.13
1064 5 0.69
2342 7 0.51
1421 2 0.25
570 8 0.79
2358 3 0.85
2023 7 0.38
455 8 0.63
59 0 0.65
565 9 0.17
461 2 0.56
2455 2 0.94
1070 1 0.79
1521 2 0.01
222 2 0.5
1524 3 0.13
1954 0 0.08
350 5 0.4
1370 0 0.39
1360 5 0.38
686 8 0.61
2005 9 0.44
2238 5 0.27
651 5 0.41
824 8 0.94
684 0 0.51
2224 5 0.81
449 6 0.29
1048 6 0.31
2482 8 0.61
1263 5 0.14
276 5 0.12
273 8 0.5
2006 3 0.62
1216 4 0.32
471 9 0.71
2124 0 0.36
1484 4 0.72
523 1 0.95
2071 2 0.7
2173 4 0.11
1119 7 0.75
1258 2 0.36
2367 8 0.49
1670 0 0.86
1023 0 0.8
1395 4 0.19
338 3 0.45
2196 3 0.37
1014 8 0.38
1959 4 0.58
1272 4 0.73
3 6 0.75
1299 9 0.55
2202 2 0.05
530 7 0.41
783 8 0.03
1083 7 0.73
1822 8 0.06
2059 0 0.95
1748 1 0.98
1104 9 0.2
2475 9 0.69
2271 4 0.48
1020 5 0.58
586 3 0.13
1612 0 0.06
1900 6 0.52
175 6 0.99
559 0 0.95
507 3 0.94
2380 8 0.94
1285 2 0.63
6 1 0.39
1941 5 0.24
2468 8 0.64
2358 3 0.97
1761 6 0.83
1689 2 0.9
1179 2 0.17
1427 8 0.69
344 1 0.95
2354 6 0.78
2060 8 0.58
1998 7 0.4
1090 9 0.35
899 2 0.3
170 5 0.14
1129 8 0.93
686 0 0.43
2453 2 0.92
1791 5 0.52
2441 7 0.93
1384 8 0.45
1962 4 0.64
79 7 0.8
1778 6 0.6
290 5 0.87
2363 3 0.33
163 7 0.56
2335 9 0.32
1856 1 0.71
1337 4 0.64
1649 0 0.71
1557 2 0.94
923 2 0.02
1261 2 0.13
2226 4 0.57
1438 3 0.71
1184 3 0.41
1528 6 0.68
151 1 0.21
260 8 0.85
2102 9 0.62
2065 0 0.6
641 5 0.07
1386 3 0.12
1125 9 0.72
2336 1 0.85
1105 6 0.26
1768 7 0.18
2067 9 0.87
43 9 0.71
2213 5 0.36
1922 1 0.01
517 9 0.29
930 5 0.1
2153 3 0.72
824 5 0.93
236 0 0.65
1182 7 0.21
2233 4 0.5
1704 4 0.76
865 1 0.08
2123 2 0.02
87 8 0.61
2340 2 0.09
265 9 0.62
1573 9 0.91
1274 2 0.38
2119 2 0.65
1785 8 0.67
295 1 0.75
1382 6 0.41
303 1 0.36
1485 0 0.12
1496 6 0.66
1442 0 0.46
765 2 0.91
348 8 0.24
2490 8 0.3
52 0 0.18
1308 0 0.73
2277 5 0.06
1404 3 0.72
51 6 0.17
702 7 0.29
1505 2 0.94
805 2 0.7
118 4 0.34
1398 1 0.2
1597 4 0.02
2184 8 0.07
1887 0 0.46
11 1 0.15
680 1 0.59
1247 8 0.42
1228 8 0.54
1152 9 0.75
893 2 0.46
1425 2 0.85
1930 7 0.34
558 9 0.39
323 2 0.48
659 6 0.05
2441 0 0.01
1241 9 0.72
496 7 0.44
846 1 0.2
1031 6 0.92
957 5 0.43
941 2 0.64
2321 6 0.39
653 2 0.98
281 9 0.08
1662 8 0.09
1862 7 0.67
1257 8 0.06
2252 8 0.7
1685 5 0.96
299 4 0.9
666 0 0.58
785 7 0.41
1691 6 0.36
1238 5 0.96
2235 5 0.48
634 7 0.75
136 1 0.03
1194 4 0.38
1265 6 0.74
804 6 0.76
821 6 0.47
308 6 0.14
959 2 0.32
1663 2 0.75
2164 9 0.63
297 1 0.61
204 4 0.84
2076 2 0.73
2362 9 0.52
575 3 0.94
360 4 0.75
1576 1 0.28
2344 6 0.56
1956 7 0.91
1193 1 0.47
2114 7 0.06
1902 8 1.0
144 8 0.64
1353 4 0.58
1449 5 0.25
2237 7 0.0
1357 6 0.33
2365 4 0.33
2369 7 0.17
1864 6 0.41
847 1 0.41
1793 2 0.45
2412 7 0.01
685 2 0.09
494 2 0.02
848 9 0.71
942 8 0.06
61 1 0.01
1042 4 0.8
1838 4 0.11
1524 8 0.6
2498 1 0.01
574 9 0.26
1683 4 0.09
2324 0 0.45
1882 4 0.09
2286 5 0.22
1958 8 0.18
2466 2 0.95
1189 3 0.46
2155 5 0.73
179 1 0.8
1553 9 0.32
1109 4 0.52
1918 8 0.62
585 5 0.68
2264 4 0.93
1614 9 0.32
1275 7 0.81
868 2 0.36
1674 1 0.7
570 5 0.46
1251 8 0.23
1560 1 0.75
402 1 0.3
2433 6 0.64
1586 1 0.99
2253 0 0.77
1493 7 0.69
616 4 0.26
1900 2 0.41
382 8 0.49
471 5 0.51
605 9 0.43
71 4 0.45
1827 4 0.99
1974 7 0.23
1228 3 0.44
677 8 0.95
262 8 0.2
1239 3 0.38
918 6 0.63
759 7 0.05
1182 2 0.03
368 4 0.25
2228 1 0.45
898 4 0.67
1006 7 0.0
2302 7 0.81
928 6 0.35
2080 6 0.72
167 6 0.92
1172 7 0.94
1062 1 0.1
561 5 0.86
1455 7 0.77
2438 4 0.57
1175 6 0.26
2121 3 0.57
2329 4 0.36
1484 4 0.71
815 3 0.74
955 1 0.97
1751 0 0.05
1268 8 0.42
717 3 0.32
2098 3 0.11
2413 0 0.01
900 8 0.24
384 2 0.74
1802 8 0.18
958 8 0.67
1227 9 0.88
742 3 0.61
1605 4 0.06
1660 0 0.96
1558 7 0.13
1530 9 0.02
318 3 0.17
711 7 0.35
2214 0 0.48
712 0 0.77
1750 4 0.73
211 9 0.2
1605 1 0.47
2148 8 0.23
1726 2 0.9
498 5 0.72
779 6 0.64
994 4 0.17
739 5 0.44
2464 7 0.99
1598 6 0.39
800 4 0.64
1743 3 0.6
1368 3 0.29
256 4 0.42
832 7 0.46
277 8 0.46
1776 4 0.52
927 9 0.18
1739 4 0.14
1764 6 0.44
255 2 0.14
2347 8 0.21
1465 8 0.49
1756 0 0.96
502 1 0.05
1524 1 0.87
2141 2 0.82
1402 3 0.26
202 6 0.95
2280 8 0.76
545 5 0.41
1060 2 0.29
1411 0 0.3
2046 8 0.67
1566 0 0.99
1802 3 0.96
2400 4 0.17
1354 2 0.78
2390 8 0.15
489 8 0.09
1667 6 0.87
821 8 0.84
1255 6 0.14
2493 5 0.83
143 3 0.84
563 1 0.93
1425 4 0.48
182 9 0.01
484 3 0.06
1963 8 0.59
55 1 0.64
1345 7 0.45
1054 0 0.46
1164 0 0.9
792 1 0.09
470 3 0.25
2142 4 0.91
1074 8 0.55
116 5 0.54
1093 9 0.04
2218 7 0.14
2263 4 0.88
514 3 0.54
2121 0 0.39
871 5 0.87
20 6 0.55
575 1 0.58
268 0 0.96
1775 0 0.72
692 0 0.75
2456 7 0.48
31 3 0.72
1956 8 0.81
2034 9 0.38
922 8 0.14
2425 9 0.58
614 3 0.5
1217 0 0.03
413 4 0.31
1949 2 0.46
1697 0 0.26
125 0 0.95
1663 7 0.09
1105 7 0.73
332 9 0.41
2007 4 0.1
1851 5 0.29
2447 0 0.19
1002 6 0.1
702 5 0.38
660 7 0.78
1905 2 0.81
2075 0 0.35
1065 7 0.32
1983 5 0.76
2328 2 0.04
1754 2 0.12
2079 1 0.16
1970 6 0.16
788 8 0.43
305 0 0.9
145 7 0.1
361 9 0.46
2251 4 0.19
173 2 0.79
1340 5 0.82
2342 1 0.24
1808 5 0.42
1625 4 0.15
929 0 0.24
1763 8 0.21
858 0 0.84
331 2 0.42
2281 2 0.1
2152 9 0.01
644 7 0.82
1991 9 0.06
2070 5 0.09
1156 7 0.2
1445 0 0.41
1506 4 0.83
1193 7 0.87
792 9 0.25
863 6 0.89
757 4 0.13
1471 7 0.57
116 4 0.83
232 6 0.65
1898 5 0.76
1681 4 0.53
2400 7 0.48
1921 9 0.41
1540 4 0.75
1558 8 0.46
388 5 0.59
2312 1 0.99
2037 4 0.33
1292 6 0.34
1958 5 0.15
1120 6 0.45
2308 8 0.32
538 9 0.33
40 9 0.7
1535 8 0.35
1147 6 0.55
146 4 0.31
290 3 0.41
319 3 0.42
1559 5 0.73
128 0 0.17
1340 6 0.31
1540 9 0.48
1821 4 0.69
1224 2 0.24
1925 7 0.96
1346 3 0.47
1895 1 0.78
226 0 0.59
2124 4 0.67
604 3 0.54
1642 7 0.05
2158 9 0.7
1283 5 0.75
952 4 0.98
1958 0 0.96
1398 0 0.63
1466 1 0.6
2068 5 0.35
367 6 0.12
1683 1 0.4
2287 6 0.32
514 2 0.39
1593 9 0.38
748 7 0.79
2495 9 0.69
683 1 0.48
262 8 0.03
