23 8 0.65
25 23 0.9
38 0 0.57
63 20 0.89
67 26 0.25
175 29 0.6
196 10 0.83
217 24 0.74
228 15 0.4
253 1 0.32
264 18 0.69
273 7 0.61
282 18 0.31
291 28 0.65
292 29 0.95
298 25 0.55
308 24 0.23
319 3 0.63
349 8 0.14
367 9 0.91
397 19 0.55
440 23 0.68
451 10 0.33
526 26 0.57
563 5 0.66
573 27 0.93
584 24 0.92
608 0 0.59
667 28 0.81
685 7 0.49
702 16 0.96
703 0 0.77
772 25 0.57
791 13 0.2
799 14 0.95
822 2 0.01
835 20 0.62
847 5 0.14
869 10 0.48
871 17 0.78
888 24 0.43
893 27 0.22
913 26 0.29
982 8 0.14
1002 21 0.87
1011 4 0.42
1026 0 0.43
1034 19 0.89
1057 1 0.97
1063 25 0.9
1081 14 0.76
1087 24 0.18
1097 23 0.4
1126 12 0.97
1128 12 0.67
1171 0 0.64
1182 11 0.56
1207 11 0.1
1245 0 0.13
1257 5 0.06
1264 11 0.14
1330 21 0.33
1337 10 0.35
1346 11 0.41
1349 18 0.16
1376 24 0.73
1379 2 0.04
1410 22 0.39
1417 24 0.72
1451 11 0.59
1459 6 0.89
1475 7 0.23
1476 26 0.18
1488 11 0.28
1496 15 0.18
1511 6 0.09
1512 15 0.63
1559 5 0.03
1563 19 0.41
1566 20 0.12
1569 27 0.44
1614 9 0.85
1615 5 0.8
1643 16 0.51
1661 0 0.73
1704 18 0.37
1714 16 0.95
1756 27 0.66
1783 7 0.32
1787 1 0.05
1789 26 0.64
1791 29 0.85
1824 27 0.05
1865 23 0.72
1872 24 0.7
1886 22 0.85
1897 20 0.61
1959 11 0.62
1972 0 0.69
1978 19 0.6
2012 11 0.55
2027 8 0.54
2046 26 0.43
2054 3 0.74
2061 20 0.53
2066 22 0.98
2073 1 0.89
2112 11 0.69
2116 10 0.43
2118 20 0.79
2128 4 0.07
2146 1 0.52
2149 4 0.41
2161 26 0.79
2166 10 0.35
2173 19 0.32
2203 10 0.11
2250 16 0.62
2255 9 0.78
2263 20 0.71
2314 16 0.14
2325 18 0.82
2369 16 0.42
2370 25 0.87
2373 0 0.12
2378 16 0.38
2399 11 0.67
2417 13 0.59
2419 23 0.02
2453 20 0.33
2477 4 0.56
