0 3 0.51
1 22 0.56
2 27 0.63
3 24 0.7
4 27 0.58
5 26 0.26
6 11 0.5
7 18 0.61
9 11 0.36
10 19 0.1
11 13 0.59
12 28 0.0
13 28 0.81
14 24 0.42
15 16 0.48
16 5 0.05
17 26 0.29
18 18 0.03
19 12 0.56
20 24 0.59
21 20 0.92
22 9 0.2
23 23 0.42
24 16 0.32
25 9 0.96
26 29 0.0
27 26 0.7
28 7 0.07
29 7 0.12
30 24 0.24
31 2 0.21
33 3 0.19
34 18 0.82
35 28 0.76
36 11 0.33
38 13 0.48
39 4 0.47
40 20 0.29
41 9 0.4
42 15 0.47
43 15 0.43
44 25 0.36
45 11 0.21
46 9 0.09
48 23 0.55
49 10 0.02
50 11 0.13
51 10 0.45
52 24 0.74
53 7 0.72
54 6 0.42
55 13 0.23
56 27 0.95
57 5 0.51
58 17 0.15
59 8 0.34
60 20 0.09
61 20 0.31
62 9 0.47
63 7 0.68
64 14 0.85
65 15 0.47
66 29 0.02
67 5 0.5
68 15 0.68
69 11 0.38
70 22 0.88
71 18 0.78
72 23 0.52
73 23 0.11
74 27 0.43
75 19 0.94
76 24 0.35
77 8 0.21
78 14 0.66
79 15 0.74
81 12 0.31
82 18 0.28
83 17 0.27
84 28 0.85
85 25 0.85
86 21 0.65
87 15 0.8
88 12 0.81
89 19 0.02
90 4 0.41
91 22 0.22
92 23 0.95
93 3 0.36
94 18 0.87
95 13 0.98
97 22 0.71
98 10 0.68
99 25 0.01
102 3 0.32
103 10 0.35
104 22 0.91
105 25 0.94
106 24 0.1
107 2 0.95
108 25 0.95
109 19 0.09
110 0 0.57
111 20 0.52
112 10 0.49
113 13 0.99
114 21 0.23
115 2 0.02
116 2 0.51
117 17 0.47
118 26 0.45
119 26 0.12
120 3 0.62
121 27 0.02
122 15 0.8
123 0 0.92
125 3 0.9
126 29 0.29
127 2 0.35
128 12 0.8
129 2 0.44
130 4 0.38
131 27 0.22
132 1 0.44
133 26 0.93
134 19 0.53
136 15 0.71
137 0 0.89
138 9 0.02
139 26 0.67
140 25 0.34
141 9 0.76
142 7 0.89
143 8 0.92
144 2 0.3
145 26 0.7
146 17 0.97
147 26 0.21
148 27 0.06
149 23 0.27
150 7 0.04
151 18 0.58
152 0 0.65
154 28 0.73
155 13 0.76
156 3 0.96
157 6 0.64
158 10 0.31
159 16 0.5
160 8 0.66
161 5 0.27
162 9 0.44
163 2 0.73
164 1 0.54
165 27 0.7
166 7 0.66
167 23 0.28
168 18 0.14
169 20 0.25
170 11 0.12
171 25 0.71
172 7 0.46
173 10 0.31
174 29 0.41
175 3 0.71
176 7 0.52
177 23 0.31
178 15 0.5
179 1 0.66
180 2 0.34
181 5 0.6
182 22 0.57
183 16 0.95
184 17 0.0
185 24 0.51
186 8 0.77
187 1 0.98
188 9 0.02
189 25 0.52
190 26 0.59
191 4 0.66
192 17 0.09
193 25 0.26
194 28 0.91
195 21 0.76
196 6 0.75
197 2 0.82
198 27 0.01
199 3 0.86
200 20 0.07
201 6 0.95
202 1 0.62
203 23 0.68
204 15 0.23
205 4 0.84
206 29 0.39
207 28 0.08
208 29 0.45
209 1 0.59
211 7 0.72
212 22 0.93
213 7 0.75
214 17 0.08
215 26 0.38
216 25 0.66
217 15 0.09
218 0 0.56
219 27 0.92
220 25 0.38
221 11 0.78
222 3 0.46
223 18 0.38
224 27 0.75
225 25 0.54
226 15 0.9
227 8 0.63
228 12 0.95
229 4 0.49
230 20 0.47
231 18 0.67
233 17 0.3
234 11 0.89
235 27 0.0
236 22 0.11
237 7 0.21
238 2 0.29
240 21 0.67
241 0 0.32
242 14 0.88
243 22 0.07
244 17 0.53
245 18 0.84
246 2 0.79
247 14 0.27
248 13 0.57
249 0 0.17
251 2 0.25
252 5 0.65
253 2 0.71
254 14 0.21
255 9 0.75
256 17 0.82
257 15 0.25
258 28 0.02
259 16 0.83
260 0 0.87
261 22 0.34
262 8 0.99
263 8 0.65
264 10 0.42
265 23 0.35
266 27 0.63
267 18 0.08
268 17 0.92
269 2 0.77
270 10 0.33
271 19 0.61
272 22 0.24
273 21 0.5
274 23 0.77
275 28 0.5
276 5 0.08
277 28 0.1
278 3 0.11
279 21 0.24
280 25 0.51
281 28 0.57
282 23 0.83
284 10 0.68
285 14 0.04
286 13 0.69
287 22 0.74
288 15 0.47
289 21 0.11
290 6 0.86
291 8 0.26
292 9 0.61
293 5 0.28
294 8 0.75
295 5 0.81
296 17 0.6
297 13 0.07
298 0 0.37
299 2 0.59
300 11 0.47
301 9 0.81
302 11 0.33
303 1 0.72
304 28 0.02
305 9 0.49
306 29 0.56
307 22 0.53
308 17 0.73
309 11 0.68
310 3 0.81
311 16 0.18
312 16 0.39
313 0 0.27
314 3 0.78
315 24 0.31
316 7 0.0
317 26 0.16
318 29 0.69
319 19 0.41
320 26 0.47
321 11 0.41
322 9 0.43
323 9 0.51
324 17 0.17
325 11 0.79
326 2 0.87
327 28 0.89
328 5 0.14
329 13 0.87
330 3 0.54
331 16 0.29
332 5 0.47
333 20 0.29
334 9 0.84
335 2 0.03
336 8 0.61
338 2 0.85
339 18 0.52
340 10 0.81
341 14 0.24
342 10 0.26
343 13 0.79
345 19 0.16
346 2 0.31
347 12 0.12
348 15 0.84
349 24 0.97
350 21 0.45
351 9 0.66
352 27 0.04
353 21 0.49
354 22 0.44
355 9 0.69
356 29 0.6
357 29 0.83
358 21 0.19
359 17 0.93
360 11 0.6
361 6 0.77
362 16 0.21
363 4 0.69
364 10 0.65
365 16 0.1
366 16 0.67
367 23 0.3
368 3 0.49
369 4 0.01
370 15 0.51
371 23 0.73
372 19 0.91
373 28 0.18
374 11 0.16
376 9 0.18
377 4 0.57
378 13 0.92
379 10 0.95
380 24 0.32
381 25 0.36
382 22 0.04
383 22 0.67
384 13 0.94
385 1 0.25
386 13 0.31
387 21 0.71
388 22 0.78
389 27 0.73
390 2 0.22
391 6 0.17
392 7 0.8
393 17 0.58
394 23 0.19
395 22 0.27
396 8 0.45
397 25 0.21
398 25 0.97
399 26 0.21
400 12 0.44
401 12 0.76
402 20 0.3
403 20 0.41
404 16 0.39
405 15 0.51
406 18 0.68
407 10 0.96
408 11 0.82
409 6 0.15
410 4 0.78
411 17 0.86
412 1 0.9
413 26 0.65
414 6 0.58
415 23 0.86
416 13 0.11
417 14 0.3
418 23 0.43
419 1 0.77
420 26 0.64
421 28 0.31
422 1 0.21
423 23 0.7
424 22 0.25
425 11 0.94
426 24 0.03
427 21 0.98
428 21 0.53
429 16 0.14
430 28 0.76
431 24 0.95
432 11 0.56
433 8 0.54
434 9 0.53
435 24 0.7
436 3 0.82
437 23 0.68
438 18 0.59
439 6 0.1
440 0 0.68
441 18 0.66
442 14 0.29
443 26 0.34
444 21 0.52
445 18 0.1
446 13 0.68
447 0 0.96
448 5 0.17
449 10 0.59
450 21 0.56
451 10 0.94
452 18 0.08
453 24 0.89
454 19 0.21
455 7 0.49
456 13 0.45
457 14 0.98
458 11 0.95
459 10 0.17
460 25 0.77
461 26 0.29
462 3 0.15
463 26 0.52
464 29 0.01
465 0 0.62
466 19 0.78
467 9 0.66
468 1 0.54
469 26 0.75
470 8 0.8
471 24 0.81
472 20 0.37
473 21 0.76
474 8 0.27
475 21 0.66
476 4 0.4
477 11 0.1
479 25 0.41
480 10 0.55
481 17 0.07
482 0 0.08
483 13 0.67
484 29 0.87
485 24 0.29
486 22 0.14
487 5 0.37
488 2 0.43
489 2 0.89
490 24 0.1
491 28 0.06
492 23 0.1
493 10 0.49
494 17 0.95
495 14 0.63
496 17 0.51
497 17 0.32
498 26 0.89
499 5 0.51
500 13 0.97
501 18 0.43
502 10 0.05
503 17 0.52
504 22 0.1
505 8 0.75
507 13 0.01
508 18 0.74
509 21 0.32
510 20 0.53
511 1 0.13
512 8 0.87
513 21 0.03
514 24 0.59
515 17 0.73
516 0 0.87
518 3 0.54
519 22 0.9
520 22 0.11
521 15 0.48
522 18 0.12
523 18 0.13
524 11 0.89
525 25 0.7
526 0 0.35
527 10 0.65
528 10 0.73
529 12 0.27
530 8 0.42
531 17 0.82
532 9 0.29
533 19 0.63
534 8 0.68
535 13 0.48
536 0 0.4
538 2 0.4
539 29 0.92
540 10 0.01
541 7 0.02
544 7 0.49
546 11 0.35
547 0 0.38
548 22 0.3
550 14 0.23
551 29 0.48
552 19 0.65
553 6 0.68
554 11 0.68
555 17 0.34
556 2 0.2
557 7 0.72
558 0 0.15
559 4 0.76
560 21 0.94
561 29 0.98
562 11 0.86
563 4 0.65
564 3 0.1
565 6 0.72
566 19 0.57
567 23 1.0
568 13 0.93
569 24 0.6
570 2 0.62
571 16 0.17
572 14 0.4
573 7 0.17
574 27 0.13
575 18 0.64
576 15 0.03
577 21 0.14
578 6 0.66
579 13 0.16
580 28 0.15
581 27 0.78
582 26 0.75
583 11 0.54
584 3 0.19
585 12 0.84
586 23 0.42
587 11 0.81
588 19 0.05
589 2 0.47
590 22 0.6
591 19 0.12
592 15 0.67
593 22 0.28
594 5 0.53
595 20 0.24
596 14 0.51
597 27 0.57
598 16 0.5
599 28 0.45
600 14 0.62
601 22 0.4
602 16 0.28
603 16 0.07
604 2 0.71
605 10 0.52
606 11 0.83
607 16 0.77
609 19 0.58
610 7 0.28
611 26 0.63
612 5 0.67
613 28 0.22
614 24 0.59
615 15 0.81
616 8 0.07
618 10 0.64
619 17 0.36
620 24 0.83
621 18 0.51
622 29 0.99
623 25 0.57
624 7 0.78
625 20 0.2
626 18 0.25
627 15 0.21
628 5 0.61
629 17 0.19
630 18 0.79
631 7 0.59
632 0 0.91
633 16 0.25
634 18 0.24
635 1 0.25
636 24 0.27
637 6 0.6
638 12 0.02
639 3 0.31
640 9 0.91
641 8 0.98
642 10 0.23
643 24 0.52
644 4 0.82
645 7 0.37
646 9 0.04
648 29 0.07
649 7 0.9
650 12 0.41
651 16 0.46
652 28 0.9
653 19 0.2
654 14 0.67
655 11 0.77
656 4 0.1
658 15 0.02
659 21 0.62
660 9 0.75
662 6 0.72
663 8 0.02
664 5 0.39
665 3 0.51
666 3 0.78
667 27 0.14
668 15 0.52
669 9 0.84
670 26 0.58
671 14 0.95
672 28 0.52
673 16 0.74
674 23 0.03
675 7 0.24
676 17 0.1
677 18 0.04
678 0 0.33
679 21 0.1
680 0 0.33
681 24 0.55
682 6 0.24
683 15 0.91
684 7 0.51
685 4 0.6
686 0 0.03
687 12 0.01
688 19 0.33
689 20 0.36
690 19 0.75
692 9 0.39
693 9 0.47
694 9 0.93
695 23 0.27
696 19 0.97
697 6 0.37
698 4 0.63
699 13 0.89
700 13 0.36
701 25 0.35
702 6 0.48
703 2 0.82
704 2 0.6
706 25 0.91
707 25 0.03
708 20 0.58
709 25 0.5
710 5 0.77
711 9 0.73
712 10 0.88
713 16 0.54
714 29 0.29
715 23 0.85
716 25 0.55
718 8 0.99
719 24 0.35
720 9 0.7
721 25 0.44
722 6 0.21
723 19 0.27
724 21 0.86
725 19 0.49
727 17 0.75
728 19 0.01
729 28 0.34
730 9 0.19
731 15 0.78
732 21 0.11
733 13 0.54
734 19 0.73
736 6 0.38
737 19 0.6
738 19 0.08
739 15 0.69
740 22 0.67
741 1 0.74
742 1 0.93
743 12 0.55
744 16 0.68
745 1 0.58
746 29 0.75
747 2 0.93
748 19 0.97
749 18 0.23
750 27 0.24
751 26 0.2
752 4 0.25
753 7 0.72
754 4 0.74
756 18 0.85
757 2 0.2
758 27 0.21
759 19 0.46
760 10 0.26
761 4 0.16
762 10 0.6
763 25 0.63
764 11 0.56
765 14 0.8
766 22 0.58
767 13 0.04
768 4 0.72
769 12 0.81
770 15 0.31
771 13 0.86
772 10 0.88
773 13 0.42
774 16 0.67
775 7 0.38
776 4 0.53
777 5 0.28
778 20 0.57
779 24 0.44
780 27 0.08
781 8 0.35
782 28 1.0
783 17 0.96
784 23 0.45
785 21 0.62
786 8 0.15
787 10 0.13
788 0 0.13
789 21 0.23
790 16 0.98
791 4 0.09
792 25 0.24
793 23 0.43
794 15 0.87
795 13 0.24
796 20 0.52
797 27 0.59
798 19 0.22
799 1 0.23
800 24 0.11
801 4 0.55
802 9 0.59
803 28 0.1
804 20 0.35
805 10 0.6
806 29 0.98
807 15 0.01
808 7 0.24
809 28 0.87
810 11 0.37
811 8 0.06
812 15 0.25
813 9 0.69
814 13 0.1
815 2 0.8
816 11 0.06
817 21 0.04
818 28 0.58
819 12 0.44
820 26 0.44
821 12 0.12
822 18 0.62
823 26 0.49
824 6 0.04
825 15 0.09
826 12 0.32
827 25 0.89
828 22 0.14
829 19 0.57
830 19 0.07
831 24 0.09
832 28 0.12
833 24 0.6
834 5 0.21
835 21 0.74
836 13 0.63
837 28 0.32
838 0 0.14
839 8 0.02
840 1 0.16
841 17 0.6
842 21 0.85
843 24 0.22
844 10 0.35
845 19 0.77
846 2 0.42
847 19 0.78
848 18 0.52
849 8 0.7
850 23 0.42
851 2 0.81
852 17 0.75
853 16 0.79
854 27 0.27
855 9 0.52
856 17 0.14
857 19 0.77
858 0 0.92
859 5 0.23
860 10 0.19
861 2 0.85
863 22 0.52
864 22 0.54
865 19 0.66
866 5 0.51
867 25 0.11
868 25 0.16
869 15 0.14
870 7 0.98
871 17 0.72
872 2 0.02
873 14 0.01
874 23 0.62
875 17 0.95
876 26 1.0
877 12 0.88
878 25 0.16
879 6 0.45
880 18 0.12
881 27 0.47
882 18 0.13
883 5 0.75
884 23 0.12
885 20 0.57
886 16 0.41
887 27 0.86
888 15 0.12
889 11 0.12
890 9 0.58
891 23 0.9
892 0 0.85
893 9 0.32
894 10 0.05
895 1 0.26
896 18 0.31
897 29 0.53
898 15 0.91
900 11 0.12
901 3 0.31
902 29 0.38
903 19 0.8
904 13 0.3
905 19 0.77
906 19 0.92
907 17 0.45
910 24 0.66
911 9 0.1
912 23 0.59
913 3 0.07
914 26 0.36
915 7 0.21
916 18 0.49
917 14 0.85
918 10 0.54
919 1 0.43
920 26 0.23
921 5 0.92
922 22 1.0
923 12 0.29
924 27 0.86
925 9 0.74
926 21 0.62
927 13 0.69
928 5 0.06
929 3 0.13
931 13 0.82
932 8 0.16
933 6 0.91
934 1 0.39
935 28 0.87
936 18 0.54
937 12 0.31
938 28 0.56
939 26 0.02
940 3 0.84
941 15 0.15
942 29 0.67
943 5 0.44
944 18 0.63
945 9 0.84
946 25 0.14
948 21 0.13
949 14 0.07
950 3 0.25
951 18 0.89
952 22 0.81
953 5 0.11
954 21 0.19
955 19 0.1
957 6 0.46
958 8 0.33
959 24 0.94
961 0 0.9
962 3 0.32
963 19 0.17
964 11 0.11
965 3 0.73
966 20 0.71
967 18 0.21
968 19 0.3
969 6 0.74
970 9 0.55
971 28 0.51
972 25 0.68
973 29 0.85
974 4 0.59
975 22 0.57
976 10 0.84
977 12 0.37
978 27 0.9
979 0 0.72
980 11 0.27
981 18 0.76
982 13 0.29
983 21 0.29
984 8 0.13
985 18 0.96
986 15 0.83
987 14 0.41
988 25 0.82
989 13 0.59
990 19 0.72
991 12 1.0
992 26 0.78
993 10 0.56
994 14 0.19
995 11 0.06
996 25 0.11
997 3 0.05
998 27 0.27
999 16 0.79
1000 23 0.6
1001 28 0.46
1002 22 0.92
1003 16 0.69
1004 18 0.43
1005 19 0.29
1006 16 0.63
1007 1 0.06
1008 8 0.38
1010 3 0.71
1011 1 0.38
1012 12 0.75
1013 28 0.7
1014 21 0.94
1015 6 0.47
1016 12 0.41
1017 15 0.33
1018 2 0.63
1019 6 0.62
1020 8 0.32
1021 7 0.59
1022 23 0.52
1023 5 0.28
1024 25 0.04
1025 20 0.55
1026 24 0.48
1028 7 0.95
1029 16 0.92
1030 1 0.53
1031 13 0.21
1032 8 0.68
1033 26 0.27
1034 28 0.79
1035 11 0.07
1036 8 0.25
1037 13 0.78
1038 17 0.12
1039 1 0.03
1040 0 0.35
1041 29 0.53
1043 3 0.75
1044 14 0.15
1045 2 0.79
1047 1 0.06
1048 10 0.6
1049 27 0.93
1050 25 0.05
1051 13 0.4
1052 2 0.65
1053 6 0.31
1054 25 0.99
1055 5 0.12
1056 4 0.41
1057 10 0.36
1058 27 0.4
1059 29 0.09
1060 29 0.4
1061 6 0.2
1062 10 0.26
1063 26 0.71
1064 28 0.34
1065 6 0.62
1066 12 0.66
1067 13 0.83
1068 12 0.45
1069 11 0.0
1070 10 0.28
1071 16 0.47
1072 27 0.71
1073 22 0.88
1074 9 0.78
1075 5 0.8
1076 20 0.19
1077 4 0.22
1078 1 0.97
1079 14 0.68
1080 27 0.45
1081 4 0.8
1082 20 0.96
1083 4 0.25
1084 7 0.79
1085 29 0.2
1086 12 0.59
1087 29 0.91
1088 16 0.59
1089 3 0.22
1090 22 0.95
1091 11 0.48
1092 0 0.18
1093 28 0.73
1094 17 0.99
1095 12 0.63
1096 23 0.34
1097 25 0.33
1099 18 0.81
1100 4 0.79
1101 26 0.62
1102 15 0.21
1103 1 0.22
1104 21 0.58
1105 1 0.16
1106 12 0.95
1107 28 0.6
1108 22 0.43
1109 26 0.95
1110 4 0.2
1111 16 0.42
1112 28 0.11
1113 25 0.26
1114 24 0.22
1115 2 0.7
1116 5 0.13
1117 27 0.83
1118 8 0.64
1119 9 0.18
1120 19 0.98
1121 0 0.99
1122 15 0.38
1123 16 0.16
1124 0 0.03
1125 25 0.19
1126 20 0.33
1127 3 0.87
1128 25 0.64
1129 19 0.45
1130 22 0.5
1131 25 0.57
1132 0 0.75
1133 11 0.86
1134 6 0.11
1135 13 0.96
1136 26 0.26
1137 0 0.85
1138 1 0.94
1139 28 0.84
1140 13 0.35
1141 24 0.99
1142 15 0.85
1143 17 0.43
1144 21 0.26
1145 15 0.51
1146 16 0.15
1147 15 0.38
1148 2 0.82
1149 16 0.18
1150 22 0.07
1152 22 0.7
1153 10 0.86
1154 25 0.07
1155 5 0.69
1156 24 0.71
1157 17 0.39
1158 4 0.29
1159 3 0.86
1160 14 0.85
1161 24 0.71
1162 8 0.18
1163 27 0.05
1164 5 0.97
1165 14 0.03
1166 4 0.62
1167 15 0.65
1168 13 0.08
1169 26 0.38
1170 2 0.98
1171 24 0.9
1172 22 0.59
1173 24 0.82
1174 23 0.42
1175 10 0.89
1176 11 0.21
1177 15 0.16
1178 22 0.19
1179 29 0.21
1180 4 0.41
1181 19 0.01
1182 1 0.08
1183 15 0.5
1184 13 0.02
1185 5 0.34
1186 21 0.9
1187 13 0.19
1188 10 0.64
1189 7 0.11
1190 19 0.4
1191 3 0.32
1192 22 1.0
1194 9 0.98
1195 5 0.91
1196 11 0.42
1197 7 0.6
1198 27 0.66
1199 26 0.6
1200 22 0.87
1201 14 0.76
1202 29 0.39
1204 25 0.0
1205 23 0.53
1206 23 0.43
1207 8 0.79
1208 25 0.33
1209 5 0.02
1210 22 0.24
1211 25 0.1
1212 26 0.07
1214 17 0.98
1215 5 0.02
1216 7 0.88
1217 24 0.47
1218 5 0.74
1219 10 0.1
1220 18 0.69
1221 19 0.46
1222 23 0.37
1223 1 0.48
1224 11 0.57
1225 22 0.61
1226 10 0.94
1227 19 0.09
1228 18 0.03
1229 4 0.21
1231 5 0.42
1232 0 0.41
1233 6 0.34
1234 15 0.46
1235 20 0.04
1236 28 0.8
1237 7 0.71
1238 3 0.76
1239 1 0.9
1240 17 0.77
1241 9 0.46
1242 13 0.47
1243 19 0.95
1244 0 0.55
1245 6 0.06
1246 9 0.38
1247 3 0.33
1248 23 0.82
1249 2 0.14
1250 3 0.63
1251 18 0.8
1252 5 0.95
1253 28 0.69
1254 2 0.52
1255 5 0.06
1256 19 0.6
1257 29 0.56
1258 1 0.36
1259 27 0.63
1260 25 0.1
1261 20 0.16
1262 3 1.0
1263 11 0.27
1264 26 0.69
1265 10 0.35
1266 28 0.29
1267 27 0.61
1268 9 0.61
1269 17 0.16
1270 11 1.0
1271 28 0.89
1272 24 0.38
1273 27 0.93
1274 15 0.71
1275 24 0.03
1276 3 0.32
1277 13 0.94
1278 17 0.22
1279 28 0.88
1280 19 0.99
1281 15 0.37
1282 12 0.86
1283 13 0.54
1284 22 0.86
1285 17 0.23
1286 29 0.58
1287 13 0.38
1288 1 0.87
1289 17 0.99
1290 12 0.88
1291 7 0.45
1292 6 0.68
1293 2 0.09
1294 17 0.64
1295 3 0.89
1296 6 0.11
1297 27 0.78
1298 13 0.78
1299 15 0.6
1300 17 0.5
1301 15 0.98
1302 4 0.67
1303 28 0.3
1304 20 0.53
1305 6 0.44
1306 25 0.69
1307 2 0.72
1308 27 0.89
1309 2 0.45
1310 20 0.47
1311 12 0.42
1312 15 0.7
1313 24 0.56
1314 5 0.06
1315 3 0.69
1316 22 0.26
1317 16 0.81
1318 6 0.25
1319 29 0.3
1320 2 0.79
1321 12 0.37
1323 0 0.35
1324 19 0.34
1325 6 0.26
1326 25 0.0
1327 21 0.48
1328 27 0.22
1329 20 0.39
1330 2 0.45
1331 24 0.26
1332 11 0.1
1334 26 0.15
1335 17 0.77
1336 22 0.3
1337 19 0.24
1338 17 0.95
1339 13 0.67
1340 28 0.76
1341 25 0.9
1342 3 0.07
1343 22 0.06
1344 13 0.99
1345 13 0.09
1346 26 0.37
1347 20 0.09
1348 23 0.33
1349 19 0.33
1350 25 0.17
1351 1 0.49
1352 27 0.55
1353 2 0.73
1354 25 0.11
1355 14 0.69
1356 19 0.85
1357 26 0.06
1358 21 0.32
1359 1 0.7
1360 10 0.24
1361 15 0.97
1362 21 0.85
1363 3 0.07
1364 28 0.83
1365 6 0.53
1366 25 0.48
1367 12 0.13
1368 22 0.12
1369 7 0.66
1370 3 0.01
1371 3 0.88
1372 16 0.45
1373 4 0.05
1374 22 0.86
1375 17 0.99
1376 1 0.9
1377 24 0.2
1378 20 0.46
1379 19 0.27
1380 23 0.36
1381 24 0.41
1382 8 0.58
1384 24 0.09
1385 20 0.69
1386 21 0.82
1387 17 0.43
1388 28 0.43
1389 19 0.53
1390 8 0.51
1391 14 0.64
1392 6 0.9
1393 1 0.15
1394 0 0.85
1395 28 0.45
1396 24 0.62
1397 21 0.53
1398 24 0.07
1399 25 0.54
1400 18 0.87
1401 19 0.38
1402 28 0.65
1403 9 0.09
1404 17 0.31
1405 28 0.08
1407 17 0.26
1408 23 0.72
1409 7 0.68
1410 8 0.82
1411 7 0.52
1412 0 0.44
1413 2 0.86
1414 5 0.22
1415 24 0.73
1416 23 0.36
1417 8 0.01
1418 1 0.35
1419 16 0.6
1420 27 0.23
1421 23 0.35
1422 1 0.41
1423 18 0.41
1424 1 0.77
1425 28 0.64
1426 26 0.03
1427 4 0.93
1428 3 0.33
1429 29 0.08
1430 10 0.85
1431 17 0.12
1432 0 0.94
1433 10 0.3
1434 6 0.3
1436 7 0.55
1437 11 0.36
1438 17 0.73
1439 9 1.0
1440 11 0.09
1441 15 0.03
1442 15 0.4
1443 10 0.77
1444 10 0.55
1445 16 0.38
1446 18 0.93
1447 20 0.82
1448 20 0.86
1449 12 0.65
1450 29 0.05
1451 9 0.55
1452 26 0.38
1453 3 0.04
1454 4 0.83
1455 17 0.23
1456 3 0.72
1458 2 0.67
1459 18 0.77
1460 21 0.76
1461 26 0.97
1462 4 0.81
1463 20 0.25
1464 1 0.12
1465 5 0.62
1466 4 0.15
1467 4 0.74
1468 7 0.98
1469 23 0.11
1470 7 0.79
1471 8 0.22
1472 19 0.49
1473 1 0.9
1474 14 0.05
1475 25 0.08
1476 16 0.27
1477 11 0.13
1478 24 0.64
1479 23 0.82
1480 12 0.2
1481 4 0.04
1482 7 0.8
1483 4 0.54
1484 14 0.35
1485 3 0.75
1486 4 0.38
1487 19 0.55
1488 17 0.03
1489 13 0.63
1490 21 0.69
1491 14 0.31
1492 10 0.4
1493 15 0.24
1494 14 0.91
1495 20 0.35
1496 1 0.63
1497 7 0.39
1498 9 0.02
1499 1 0.3
1500 0 0.1
1501 15 0.82
1502 15 0.36
1503 18 0.92
1504 14 0.07
1505 24 0.8
1507 25 0.54
1508 10 0.48
1509 21 0.5
1510 26 0.03
1511 29 0.96
1512 17 0.19
1513 8 0.7
1514 23 0.33
1515 15 0.51
1516 17 0.56
1517 7 0.52
1518 16 0.81
1519 10 0.77
1520 29 0.16
1521 0 0.67
1522 22 0.81
1523 2 0.25
1524 9 0.21
1525 26 0.26
1526 7 0.0
1527 28 0.85
1528 27 0.56
1529 7 0.65
1530 10 0.54
1531 10 0.8
1532 24 0.14
1533 5 0.7
1535 7 0.95
1536 3 0.19
1537 5 0.92
1538 19 0.53
1539 16 0.94
1540 17 0.1
1542 18 0.96
1543 13 0.72
1544 3 1.0
1545 24 0.08
1546 17 0.11
1547 4 0.64
1548 22 0.56
1549 15 0.32
1550 11 0.76
1551 10 0.94
1552 25 0.65
1553 15 0.99
1554 20 0.48
1555 1 0.65
1556 14 0.34
1557 0 0.21
1558 19 0.04
1559 3 0.54
1560 3 0.5
1561 7 0.81
1562 12 0.85
1563 3 0.66
1564 18 0.25
1565 23 0.89
1566 12 0.6
1567 14 0.76
1568 10 0.58
1569 3 1.0
1570 14 0.53
1571 24 0.06
1572 17 0.27
1573 23 0.34
1574 24 0.99
1575 8 0.55
1576 7 0.78
1577 13 0.55
1578 8 0.73
1579 12 0.52
1580 8 0.52
1581 7 0.43
1582 23 0.15
1583 16 0.74
1584 22 0.32
1586 13 0.31
1587 19 0.26
1588 8 0.07
1589 12 0.3
1590 19 0.68
1591 16 0.61
1593 16 0.08
1594 23 0.46
1595 23 0.92
1596 25 0.94
1598 4 0.95
1599 12 0.77
1601 20 0.13
1602 25 0.6
1603 11 0.16
1604 22 0.58
1605 16 0.4
1607 0 0.65
1608 28 0.66
1609 16 0.11
1610 23 0.86
1611 11 0.35
1612 15 0.45
1613 0 0.76
1614 12 0.31
1615 20 0.63
1616 11 0.87
1617 27 0.33
1618 12 0.13
1619 28 0.68
1620 23 0.58
1621 25 0.77
1622 2 0.23
1623 23 0.52
1624 27 0.3
1625 10 0.22
1626 7 0.4
1627 4 0.14
1628 28 0.07
1629 29 0.51
1630 24 0.05
1631 10 0.63
1632 17 0.3
1633 27 0.27
1634 18 0.39
1635 27 0.55
1636 13 0.4
1637 14 0.64
1638 16 0.04
1639 22 0.7
1640 7 0.84
1641 13 0.43
1642 11 0.71
1643 12 0.5
1644 21 0.28
1645 22 0.65
1646 28 0.99
1647 9 0.14
1648 22 0.57
1649 24 0.26
1650 19 0.13
1651 17 0.55
1652 18 0.45
1653 22 0.14
1654 24 0.77
1655 16 0.77
1656 11 0.06
1657 27 0.57
1659 11 0.12
1660 13 0.75
1661 8 0.03
1662 0 0.54
1663 22 0.53
1664 17 0.96
1665 21 0.65
1666 8 0.6
1667 23 0.99
1668 10 0.74
1669 26 0.71
1670 22 0.89
1671 21 0.85
1672 28 0.21
1673 19 0.53
1674 13 0.4
1675 21 0.05
1676 15 0.44
1677 12 0.13
1678 12 0.25
1679 22 0.16
1680 13 0.02
1681 29 0.49
1682 10 0.42
1683 5 0.71
1684 25 0.94
1685 20 0.53
1686 17 0.29
1687 6 0.1
1688 9 0.8
1689 3 0.55
1690 3 0.16
1691 27 0.85
1692 21 0.31
1693 20 0.9
1694 12 0.09
1695 9 0.53
1696 1 0.82
1697 20 0.53
1698 12 0.95
1699 18 0.86
1700 23 0.42
1701 27 0.29
1702 17 0.07
1703 1 0.45
1705 24 0.04
1706 18 0.96
1707 21 0.85
1708 26 0.04
1709 21 0.57
1710 23 0.58
1711 0 0.79
1712 28 0.5
1713 11 0.78
1714 17 0.56
1715 8 0.81
1716 0 0.84
1717 1 0.43
1718 6 0.35
1719 26 0.57
1720 21 0.14
1721 5 0.43
1722 11 0.66
1723 17 0.85
1724 1 0.29
1725 23 0.79
1726 15 0.3
1727 10 0.73
1728 9 0.12
1730 16 0.44
1731 1 0.9
1732 12 0.9
1733 16 0.96
1734 25 0.88
1735 11 0.42
1736 8 0.83
1737 12 0.75
1738 16 0.02
1739 13 0.8
1740 7 0.95
1741 22 0.48
1742 8 0.65
1743 29 0.56
1744 27 0.69
1745 4 0.15
1746 28 0.4
1747 10 0.84
1748 17 0.86
1749 25 0.11
1750 10 0.94
1751 13 0.44
1752 13 0.3
1753 1 0.18
1755 27 0.77
1756 21 0.23
1757 25 0.42
1758 7 0.3
1759 11 0.06
1760 14 0.06
1761 9 0.21
1762 23 0.55
1764 27 0.14
1765 10 0.01
1766 27 0.91
1767 17 0.11
1768 3 0.25
1769 20 0.4
1770 24 0.69
1771 11 0.47
1772 3 0.07
1773 7 0.26
1774 18 0.76
1775 25 0.1
1776 12 0.0
1777 16 0.58
1778 7 0.43
1779 3 0.49
1780 6 0.98
1781 3 0.98
1782 21 0.53
1783 0 0.49
1784 20 0.2
1785 11 0.44
1786 25 0.32
1787 11 0.14
1788 4 0.09
1789 20 0.14
1790 3 0.15
1791 11 0.13
1792 4 0.64
1794 25 0.37
1795 18 0.07
1797 7 0.89
1798 5 0.23
1799 12 0.9
1800 25 0.15
1801 12 0.05
1802 16 0.86
1803 18 0.55
1804 18 0.53
1805 11 0.67
1806 19 0.01
1807 5 0.45
1808 0 0.48
1809 21 0.86
1810 18 0.91
1811 1 0.78
1813 19 0.76
1814 5 0.44
1815 6 0.58
1816 26 0.15
1817 19 0.03
1818 9 0.16
1819 16 0.53
1820 24 0.41
1821 12 0.14
1822 27 0.01
1823 8 0.18
1824 29 0.34
1825 19 0.52
1826 27 0.5
1827 10 0.85
1828 29 0.08
1829 4 0.29
1830 13 0.61
1831 16 0.62
1832 29 0.96
1833 13 0.28
1834 18 0.62
1835 18 0.14
1836 16 0.29
1837 28 0.55
1838 26 0.88
1839 17 0.95
1840 1 0.24
1841 6 0.96
1842 19 0.32
1843 7 0.75
1844 15 0.52
1845 15 0.18
1846 16 0.79
1847 26 0.29
1848 8 0.75
1849 1 0.8
1850 29 0.27
1851 3 0.02
1852 3 0.22
1853 18 0.72
1854 11 0.73
1855 3 0.27
1856 15 0.72
1857 0 0.7
1858 10 0.03
1859 9 0.55
1860 19 0.68
1861 3 0.41
1862 11 0.84
1863 22 0.02
1864 6 0.2
1865 18 0.25
1866 13 0.29
1867 17 0.65
1868 19 0.69
1870 28 0.91
1871 10 0.27
1872 28 0.27
1873 28 0.17
1874 19 0.78
1875 20 0.53
1876 21 0.5
1877 27 0.4
1878 16 0.77
1879 14 0.08
1880 10 0.3
1881 28 0.5
1882 0 0.56
1883 8 0.97
1884 19 0.21
1885 16 0.68
1886 4 0.78
1887 24 0.45
1888 10 0.76
1889 20 0.29
1890 9 0.65
1891 13 0.87
1892 23 0.93
1893 12 0.29
1894 26 0.53
1895 24 0.89
1896 16 0.61
1897 11 0.35
1898 29 0.57
1899 28 0.09
1900 17 0.86
1901 26 0.25
1902 0 0.57
1903 29 0.92
1904 26 0.58
1905 22 0.8
1907 10 0.74
1908 0 0.12
1909 22 0.63
1910 27 0.3
1911 20 0.67
1912 10 0.48
1913 6 0.7
1914 2 0.98
1915 17 0.09
1916 13 0.31
1917 22 0.12
1918 5 0.92
1919 3 0.63
1920 25 0.4
1921 17 0.53
1922 3 0.11
1923 10 0.13
1924 20 0.67
1925 14 0.24
1926 5 0.27
1927 16 0.01
1928 15 0.47
1929 0 0.6
1930 9 0.07
1931 24 0.42
1933 22 0.5
1934 13 0.74
1935 19 0.78
1936 16 0.72
1938 10 0.31
1939 6 0.84
1940 23 0.45
1941 18 0.52
1942 11 0.51
1943 6 0.6
1944 9 0.49
1945 10 0.41
1946 28 0.15
1948 9 0.46
1949 19 0.09
1950 26 0.54
1951 5 0.04
1952 23 0.06
1953 2 0.65
1954 11 0.84
1955 23 0.95
1956 12 0.23
1957 7 0.98
1958 11 0.83
1959 21 0.1
1961 15 0.16
1962 20 0.83
1963 7 0.58
1964 28 0.39
1965 8 0.65
1966 6 0.89
1967 7 0.71
1968 13 0.89
1969 28 0.81
1970 9 0.93
1971 20 0.08
1972 16 0.34
1973 2 0.7
1974 16 0.62
1975 7 0.24
1976 28 0.14
1977 18 0.4
1978 19 0.93
1979 6 0.75
1980 16 0.47
1981 10 0.67
1982 7 0.61
1983 11 0.82
1984 23 0.98
1985 14 0.61
1986 19 0.8
1987 20 0.27
1988 3 0.72
1990 29 0.72
1991 18 0.69
1992 6 0.11
1993 16 0.87
1994 26 0.62
1995 20 0.66
1996 29 0.28
1997 15 0.41
1999 22 0.42
2000 3 0.54
2001 15 0.62
2002 13 0.56
2003 6 0.43
2004 0 0.22
2005 16 0.0
2006 15 0.21
2007 14 0.52
2008 26 0.22
2009 20 0.61
2010 0 0.94
2013 15 0.96
2014 1 0.61
2015 1 0.29
2016 26 0.33
2017 12 0.4
2019 21 0.1
2020 10 0.66
2021 2 0.7
2022 9 0.19
2023 23 0.7
2024 1 0.01
2025 5 0.28
2026 6 0.84
2027 16 0.01
2028 23 0.18
2029 5 0.07
2030 0 0.15
2031 8 0.92
2032 25 0.4
2033 0 0.09
2034 8 0.18
2035 11 0.14
2036 8 0.34
2037 16 0.99
2038 3 0.53
2039 20 0.92
2040 23 0.41
2041 5 0.24
2042 19 0.1
2043 9 0.37
2044 8 0.77
2045 25 0.51
2046 23 0.75
2047 25 0.76
2049 26 1.0
2050 25 0.85
2051 2 0.5
2052 4 0.22
2053 27 0.56
2054 22 0.78
2055 29 0.73
2056 5 0.15
2057 5 0.15
2058 10 0.57
2059 20 0.76
2060 12 0.79
2061 2 0.45
2062 9 0.21
2063 8 0.79
2064 11 0.2
2065 23 0.27
2066 6 0.98
2067 28 0.49
2068 8 0.62
2069 20 0.2
2070 12 0.4
2071 4 0.06
2072 15 0.23
2073 26 0.4
2074 1 0.63
2075 9 0.18
2076 25 0.27
2077 7 0.61
2078 15 0.35
2079 11 0.68
2080 1 0.76
2081 12 0.15
2082 2 0.15
2083 7 0.68
2085 25 0.93
2086 26 0.22
2087 3 0.95
2088 21 0.32
2089 17 0.8
2090 18 0.43
2091 27 0.24
2092 20 0.29
2093 15 0.38
2094 25 0.24
2095 20 0.48
2096 25 0.95
2097 16 0.6
2098 29 0.11
2099 8 0.5
2100 1 0.72
2101 13 0.74
2102 16 0.84
2103 12 0.4
2104 3 0.65
2105 16 0.58
2106 7 0.85
2107 20 0.3
2108 7 0.89
2109 28 1.0
2110 0 0.21
2111 29 0.3
2112 11 0.23
2113 18 0.41
2114 6 0.02
2115 14 0.2
2116 28 0.63
2117 27 0.65
2118 16 0.1
2119 17 0.02
2120 21 0.0
2121 20 0.48
2122 9 0.65
2123 9 0.44
2124 1 0.53
2125 17 0.51
2126 10 0.2
2127 12 0.1
2128 16 0.07
2129 24 0.96
2130 24 0.64
2131 25 0.36
2132 29 0.15
2133 13 0.61
2134 19 0.51
2135 29 0.95
2136 11 0.88
2137 0 0.69
2138 29 0.49
2139 0 0.85
2140 19 0.37
2141 11 0.89
2142 25 0.73
2143 21 0.54
2144 2 0.32
2145 5 0.12
2146 5 0.7
2148 12 0.2
2149 24 0.98
2150 21 0.49
2151 23 1.0
2152 4 0.29
2153 7 0.83
2154 27 0.54
2155 10 0.09
2156 4 0.82
2157 6 0.35
2158 8 0.31
2159 2 0.32
2160 26 0.35
2161 21 0.17
2162 6 0.42
2163 28 0.62
2164 13 0.3
2166 7 0.01
2167 10 0.73
2169 2 0.81
2170 4 0.09
2171 7 0.14
2173 9 0.68
2174 20 0.61
2175 16 0.22
2176 12 0.16
2177 6 0.82
2178 21 0.46
2179 5 0.46
2180 2 0.88
2181 16 0.68
2182 22 0.3
2183 6 0.97
2184 23 0.84
2185 23 0.89
2186 14 0.73
2187 12 0.66
2188 3 0.4
2190 27 0.58
2191 4 0.47
2192 28 0.62
2193 15 1.0
2194 28 0.19
2195 20 0.12
2196 22 0.49
2197 0 0.12
2198 11 0.98
2200 15 0.69
2201 24 0.96
2202 26 0.37
2203 19 0.12
2204 22 0.72
2205 1 0.03
2206 15 0.94
2207 0 0.43
2208 25 0.3
2209 4 0.41
2210 27 0.15
2211 28 0.87
2212 6 0.49
2213 25 0.43
2214 24 0.57
2215 20 0.78
2216 15 0.31
2217 14 0.15
2218 9 0.11
2219 15 0.97
2220 21 0.63
2221 0 0.34
2222 22 0.62
2223 1 0.76
2224 24 0.7
2225 21 0.27
2226 17 0.57
2227 20 0.3
2228 17 0.0
2229 26 0.83
2230 26 0.03
2231 14 0.08
2232 3 0.58
2234 2 0.03
2235 11 0.52
2236 0 0.68
2237 17 0.01
2238 15 0.82
2239 13 0.45
2240 26 0.22
2241 25 0.07
2242 22 0.75
2243 10 0.4
2244 22 0.8
2245 22 0.76
2246 27 0.02
2247 7 0.71
2248 15 0.75
2249 28 0.98
2250 6 0.02
2251 12 0.3
2252 26 0.55
2253 28 0.63
2254 12 0.13
2255 22 0.34
2256 1 0.37
2257 9 0.07
2258 9 0.19
2259 16 0.92
2260 24 0.91
2261 18 0.57
2262 24 0.0
2263 23 0.36
2264 27 0.96
2265 0 0.74
2266 27 0.03
2267 16 0.95
2268 11 0.69
2269 17 0.23
2270 6 0.47
2271 20 0.63
2273 19 0.06
2274 13 0.76
2275 7 0.86
2276 25 0.18
2277 16 0.16
2278 26 0.46
2279 18 0.86
2280 25 0.5
2281 20 0.41
2283 2 0.52
2284 16 0.07
2285 2 0.35
2286 10 0.38
2287 19 0.77
2289 29 0.03
2290 17 0.95
2291 27 0.65
2292 13 0.07
2293 27 0.99
2294 5 0.23
2295 3 0.87
2296 13 0.57
2297 9 0.25
2299 15 0.8
2300 6 0.8
2301 4 0.95
2302 20 0.56
2303 24 0.94
2304 29 0.24
2305 10 0.75
2306 21 0.64
2307 0 0.61
2309 8 0.88
2310 10 0.29
2311 4 0.22
2312 29 0.59
2313 17 0.72
2314 14 0.67
2315 29 0.32
2316 4 0.21
2317 15 0.6
2318 16 0.33
2319 9 0.77
2320 14 0.4
2321 9 0.75
2322 19 0.18
2323 23 0.38
2324 26 0.52
2325 13 0.24
2326 10 0.11
2327 4 0.58
2328 22 0.85
2329 6 0.31
2330 6 0.85
2331 4 0.34
2332 7 0.47
2333 2 0.91
2334 13 0.13
2335 12 0.39
2336 11 0.73
2337 4 0.79
2338 7 0.85
2339 25 0.46
2340 27 0.24
2341 3 0.02
2342 12 0.61
2343 24 0.86
2344 18 0.41
2345 4 0.26
2346 0 0.1
2347 18 0.09
2348 10 0.39
2349 15 0.04
2351 29 0.49
2352 7 0.85
2353 4 0.41
2354 19 0.48
2355 21 0.75
2357 14 0.65
2358 20 0.25
2359 0 0.89
2360 4 0.68
2361 7 0.72
2362 23 0.32
2363 16 0.75
2364 19 0.66
2365 26 0.71
2366 21 0.91
2367 5 0.07
2368 19 0.0
2369 13 0.56
2370 12 0.83
2371 23 0.1
2372 27 0.51
2373 8 0.87
2374 14 0.15
2375 2 0.93
2376 26 0.33
2377 20 0.97
2378 27 0.15
2379 5 0.85
2380 10 0.07
2381 27 0.44
2382 6 0.57
2383 0 0.26
2384 11 0.06
2385 22 0.98
2386 3 0.96
2387 18 0.53
2388 1 0.11
2389 6 0.66
2390 1 0.5
2391 7 0.59
2392 12 0.89
2393 25 0.66
2394 12 0.3
2395 26 0.96
2396 7 0.82
2397 8 0.42
2398 26 0.08
2399 16 0.07
2400 23 0.61
2401 3 0.96
2402 21 0.72
2403 6 0.12
2404 8 0.56
2405 13 0.28
2406 14 0.75
2407 4 0.26
2408 3 0.68
2409 18 0.38
2410 9 0.96
2411 8 0.23
2412 18 0.84
2413 9 0.89
2414 0 0.56
2415 0 0.51
2416 9 0.45
2417 7 0.01
2419 10 0.2
2420 3 0.33
2421 21 0.43
2422 1 0.46
2423 2 0.55
2424 23 0.82
2425 18 0.83
2426 13 0.82
2427 0 0.15
2428 6 0.06
2429 22 0.71
2430 20 0.98
2431 21 0.99
2433 6 0.33
2434 22 0.12
2435 3 0.16
2436 4 0.95
2437 25 0.86
2438 12 0.79
2439 12 0.51
2440 8 0.78
2441 15 0.47
2442 0 0.9
2443 11 0.45
2444 11 0.86
2445 27 0.76
2446 2 0.79
2447 17 0.36
2448 7 0.26
2449 17 0.47
2450 22 0.83
2451 12 0.12
2452 5 0.19
2453 0 0.21
2454 15 0.75
2455 6 0.94
2456 7 0.62
2457 2 0.15
2458 27 0.46
2459 29 0.18
2460 11 0.47
2461 29 0.22
2462 4 0.45
2463 23 0.61
2465 3 0.88
2466 29 0.81
2467 12 0.83
2469 12 0.08
2470 18 0.09
2471 24 0.14
2473 16 0.06
2474 28 0.31
2475 21 0.74
2476 2 0.95
2477 15 0.67
2478 9 0.25
2480 19 0.93
2481 23 0.8
2482 22 0.95
2483 21 0.81
2484 19 0.3
2485 5 0.37
2486 29 0.03
2487 2 0.81
2488 1 0.62
2489 16 0.67
2490 13 0.78
2491 23 0.74
2493 8 0.22
2494 16 0.43
2495 17 0.86
2496 6 0.77
2497 13 0.45
2498 16 0.42
2499 27 0.38
