4 13 0.51
8 1 0.22
19 25 0.14
20 23 0.79
27 5 0.76
32 7 0.19
36 7 0.39
40 4 0.1
42 12 0.67
43 25 0.25
44 12 0.5
51 27 0.28
52 20 0.21
53 13 0.23
56 7 0.4
62 29 0.6
63 21 0.73
77 4 0.88
81 19 0.31
85 11 0.14
87 10 0.09
101 22 0.62
103 11 0.43
104 25 0.43
105 20 0.97
106 27 0.26
108 0 0.79
109 25 0.58
110 16 1.0
114 27 0.23
120 18 0.83
122 2 0.69
124 5 0.56
129 0 0.22
138 1 0.89
162 7 0.82
167 18 0.97
168 6 0.83
170 25 0.9
179 10 0.61
190 13 0.26
198 11 0.9
203 8 0.93
204 2 0.03
208 19 0.29
209 1 0.81
216 6 0.92
217 10 0.13
220 25 0.46
227 5 0.7
228 17 0.77
232 6 0.24
233 0 0.38
238 0 0.39
240 5 0.64
243 24 0.98
248 20 0.97
249 18 0.11
250 26 0.41
252 4 0.51
256 21 0.32
258 11 0.15
269 26 0.02
270 7 0.33
271 12 0.89
275 23 0.0
276 21 0.17
277 25 0.64
282 23 0.89
284 7 0.15
286 16 0.92
293 27 0.3
296 8 0.97
301 28 0.18
309 4 0.04
313 13 0.29
322 15 0.25
332 26 0.88
338 19 0.58
343 10 0.91
345 10 0.8
352 20 0.02
353 4 0.74
354 14 0.88
356 14 0.28
362 8 0.8
363 16 0.69
367 17 0.91
370 24 0.85
377 28 0.3
379 24 0.54
382 19 0.94
385 25 0.09
386 29 0.7
388 15 0.78
389 4 0.62
391 21 0.28
393 10 0.06
398 2 0.15
408 18 0.76
425 7 0.63
427 0 0.73
428 6 0.51
434 10 0.77
440 9 0.66
442 24 0.66
446 8 0.9
450 9 0.48
451 18 0.25
456 10 0.79
463 23 0.86
470 27 0.88
473 1 0.54
477 6 0.95
478 6 0.27
481 6 0.24
482 22 0.73
487 25 0.79
491 22 0.5
492 9 0.07
494 17 0.98
497 21 0.29
499 29 0.19
