392 5 0.74
454 9 0.1
149 5 0.15
443 8 0.92
307 9 0.81
455 6 0.84
364 8 0.51
3 2 0.75
208 1 0.74
339 7 0.93
306 0 0.3
110 9 0.2
370 1 0.57
414 6 0.15
17 2 0.12
36 4 0.52
255 6 0.8
76 1 0.31
111 7 0.53
403 4 0.84
249 6 0.05
392 4 0.19
280 2 0.38
222 8 0.34
294 5 0.27
435 6 0.23
390 3 0.38
290 7 0.64
126 2 0.36
287 5 0.05
481 6 0.12
494 1 0.63
118 4 0.74
402 1 0.81
357 5 0.48
132 5 0.09
494 5 0.36
379 1 0.57
471 5 0.34
193 6 0.26
218 1 0.6
221 8 0.25
123 0 0.46
382 4 0.52
319 9 0.82
406 0 0.25
137 7 0.28
412 0 0.23
278 4 0.92
294 1 0.51
31 2 0.69
9 8 0.74
412 0 0.79
199 4 0.24
146 0 0.7
192 0 0.61
359 2 0.66
499 2 0.61
44 2 0.92
287 0 0.99
34 2 0.7
366 2 0.8
49 5 0.06
179 8 0.02
414 2 0.38
446 5 0.03
346 6 0.32
9 7 0.93
421 4 0.29
438 5 0.22
11 1 0.63
225 7 0.35
85 6 0.28
444 5 0.37
265 9 0.21
159 6 0.78
391 1 0.39
136 8 0.37
442 2 0.46
283 3 0.08
381 6 0.55
6 4 0.79
286 1 0.12
290 2 0.95
239 8 0.21
220 5 0.21
378 6 0.3
210 4 0.28
62 4 0.9
384 7 0.75
40 0 0.07
490 0 0.67
460 6 0.38
286 5 0.99
316 9 0.57
354 8 0.88
499 8 0.94
467 4 0.86
335 3 0.05
435 5 0.74
133 7 0.07
95 9 0.01
245 2 0.76
248 1 0.35
167 0 0.17
369 2 0.87
101 1 0.75
89 5 0.14
57 1 0.34
264 0 0.79
134 6 0.25
240 9 0.91
285 3 0.88
100 5 0.76
203 1 0.8
365 7 0.12
398 0 0.39
469 9 0.97
385 2 0.97
388 4 0.48
275 4 0.95
463 4 0.0
94 9 0.37
106 0 0.34
245 4 0.22
481 7 0.37
123 1 0.72
474 7 0.53
87 5 0.03
487 5 0.72
212 7 0.95
447 4 0.59
204 4 0.46
149 7 0.36
377 5 0.81
312 4 0.66
167 3 0.5
329 2 0.51
357 9 0.85
265 7 0.42
316 5 0.72
57 4 0.32
131 8 0.48
96 5 0.03
381 2 0.74
497 0 0.71
432 6 0.04
409 5 0.14
60 9 0.91
425 4 0.43
163 0 0.06
144 4 0.32
38 0 0.89
385 9 0.32
219 7 0.01
284 3 0.43
197 9 0.12
227 4 0.71
36 2 0.14
283 8 0.14
149 5 0.59
325 0 0.87
315 1 0.7
24 0 0.38
111 1 0.83
358 9 0.88
445 8 0.93
414 3 0.98
145 2 0.19
101 3 0.85
61 4 0.96
176 4 0.48
382 4 0.59
318 6 0.58
250 7 0.02
498 8 0.38
126 2 0.1
138 5 0.09
151 6 0.01
429 4 0.56
262 1 0.62
243 4 0.93
195 3 0.37
270 8 0.44
358 0 0.34
330 7 0.03
259 8 0.42
420 7 0.31
220 9 0.88
372 3 0.58
68 1 0.78
299 3 0.14
4 0 0.78
463 5 0.07
71 9 0.96
65 4 0.63
23 4 0.77
211 1 0.8
86 7 0.37
181 0 0.99
288 3 0.67
341 1 0.95
240 8 0.55
302 0 0.77
193 4 0.86
306 1 0.8
231 5 0.09
197 4 0.71
48 8 0.13
300 5 0.35
361 9 0.75
182 5 0.6
89 8 0.66
369 3 0.98
196 3 0.68
309 9 0.6
65 0 0.25
124 1 0.98
72 0 0.35
329 2 0.81
205 6 0.27
401 5 0.6
156 2 0.18
487 4 0.7
82 8 0.51
483 9 0.76
449 2 0.29
317 1 0.11
37 4 0.51
292 3 0.13
5 4 0.57
163 0 0.73
85 0 0.9
168 2 0.12
348 7 0.36
351 5 0.93
309 4 0.23
272 9 0.02
283 4 0.84
402 3 0.24
109 1 0.69
362 8 0.42
70 5 0.57
26 0 0.45
12 9 0.13
386 5 0.99
329 6 0.87
346 6 0.39
328 3 0.82
249 0 0.27
473 8 0.85
38 7 0.85
128 8 0.76
203 0 0.18
456 5 0.53
150 0 0.5
256 9 0.27
263 3 0.68
177 8 0.75
134 5 0.85
233 4 0.69
178 9 0.23
454 8 0.36
367 4 0.66
165 8 0.0
214 9 0.45
189 2 0.09
212 7 0.77
380 1 0.14
43 7 0.68
155 8 0.23
136 8 0.55
116 1 0.47
229 4 0.44
62 1 0.13
398 9 0.17
120 8 0.17
483 0 0.3
74 9 0.58
99 9 0.8
241 6 0.83
108 1 0.69
471 9 0.12
418 2 0.26
150 2 0.48
314 4 0.23
265 9 0.52
234 7 0.76
161 8 0.89
80 3 0.04
53 7 0.85
11 0 0.44
407 1 0.38
183 4 0.35
347 4 0.16
442 5 0.63
150 2 0.48
156 3 0.72
95 3 0.76
311 8 0.16
362 6 0.85
227 3 0.05
374 5 0.59
427 7 0.52
160 3 0.21
267 3 0.91
418 3 0.58
425 2 0.93
375 3 0.12
199 5 0.71
332 2 0.11
420 2 0.15
246 6 0.8
454 3 0.11
411 8 0.66
150 2 0.5
13 1 0.7
16 8 0.48
313 5 0.83
421 2 0.07
76 7 0.57
31 1 0.97
230 9 0.13
392 6 0.55
351 7 0.81
212 5 0.8
285 8 0.37
363 5 0.25
327 4 0.82
155 7 0.2
288 8 0.46
409 4 0.78
9 6 0.89
136 1 0.32
109 3 0.55
66 2 0.45
77 8 0.76
332 4 0.06
446 6 0.44
20 2 0.91
464 8 0.56
454 2 0.59
402 4 0.93
353 9 0.36
161 5 0.65
264 9 0.55
110 0 0.08
82 2 0.89
249 4 0.73
323 7 0.94
449 8 0.27
265 0 0.53
236 1 0.97
118 5 0.76
392 3 0.68
355 4 0.72
492 5 0.68
141 6 0.63
159 1 0.33
221 2 0.69
1 6 0.99
455 1 0.32
198 1 0.83
295 5 0.3
472 5 0.45
346 0 0.1
342 8 0.47
198 1 0.92
295 7 0.32
67 7 0.15
154 7 0.2
157 9 0.89
367 9 0.09
299 7 0.11
335 6 0.64
329 1 0.94
471 6 0.96
459 8 0.34
438 0 0.85
436 7 0.69
274 4 0.52
235 8 0.25
348 2 0.94
140 6 0.05
454 4 0.05
113 4 0.02
161 9 0.44
315 6 0.52
23 4 0.38
226 5 0.95
19 4 0.4
295 0 0.14
123 4 0.54
427 8 0.4
247 7 0.26
391 6 0.06
167 8 0.55
97 4 0.7
205 8 0.29
89 0 1.0
133 3 0.43
292 1 0.53
105 6 0.53
154 1 0.22
59 9 0.34
66 3 0.22
138 7 0.5
201 7 0.18
19 6 0.16
281 9 0.79
215 1 0.61
260 3 0.7
437 8 0.72
348 1 0.81
353 8 0.2
211 1 0.45
342 4 0.76
342 9 0.99
143 3 0.46
411 5 0.55
457 5 0.85
308 7 0.18
445 3 0.94
277 3 0.65
215 9 0.85
71 5 0.7
431 8 0.42
159 1 0.25
468 4 0.1
119 4 0.28
445 0 0.87
411 6 0.56
6 0 0.66
466 5 0.91
96 3 0.25
426 4 0.9
461 5 0.46
448 4 0.8
353 4 0.49
228 4 0.46
266 8 0.14
102 9 0.53
478 8 0.52
455 8 0.39
489 1 0.71
241 8 0.39
401 7 0.86
472 8 0.32
431 0 0.31
417 5 0.54
407 9 1.0
460 8 0.58
45 4 0.85
479 9 0.17
413 3 0.96
307 7 0.12
241 2 0.01
223 4 0.16
439 1 0.51
245 9 0.36
250 2 0.26
454 5 0.53
303 0 0.62
144 8 0.81
93 3 0.37
453 2 0.91
72 7 0.29
331 6 0.66
249 2 0.77
461 4 0.97
470 2 0.31
