17 15 0.47
44 27 0.38
45 28 0.54
49 16 0.78
51 20 0.14
53 29 0.15
54 6 0.34
56 19 0.36
67 26 0.97
71 7 0.96
77 3 0.14
79 3 0.55
89 2 0.57
118 16 0.62
124 13 0.45
126 9 0.32
159 25 0.0
212 24 0.02
219 22 0.3
225 1 0.74
245 2 0.75
256 29 0.34
259 8 0.27
267 3 0.12
287 12 0.7
291 7 0.85
294 11 0.61
306 6 0.55
374 16 0.25
375 18 0.07
385 8 0.41
390 10 0.47
394 28 0.56
398 22 0.96
405 26 0.77
411 26 0.55
422 3 0.91
427 16 0.25
433 7 0.45
440 27 0.77
449 5 0.12
465 19 0.98
472 26 0.24
479 9 0.02
497 12 0.57
