397 8 0.51
240 5 0.14
431 0 0.71
277 0 0.27
397 4 0.23
377 8 0.98
414 1 0.04
61 6 0.86
290 3 0.44
17 7 0.61
181 3 0.2
275 2 0.14
456 8 0.77
20 3 0.24
275 9 0.98
245 5 0.08
105 4 0.59
415 4 0.66
216 5 0.97
455 7 0.93
60 4 0.49
419 6 0.97
311 9 0.1
450 2 0.14
296 6 0.31
148 3 0.79
398 9 0.5
350 5 0.41
40 9 0.67
447 9 0.66
86 3 0.74
215 1 0.65
73 2 0.72
259 3 0.44
267 1 0.74
441 4 0.87
373 8 0.57
433 6 0.07
94 8 0.17
266 0 0.61
60 9 0.6
276 7 0.63
296 7 0.84
409 4 0.87
84 1 0.31
30 2 0.55
190 9 0.98
127 2 0.43
455 6 0.74
389 9 0.71
388 9 0.57
343 7 0.95
320 5 0.84
227 5 0.13
95 0 0.62
181 8 0.2
257 1 0.47
372 5 0.13
494 1 0.36
42 7 0.52
32 6 0.17
199 0 0.04
143 9 0.78
102 9 0.74
107 0 0.46
141 3 0.88
90 7 0.47
247 8 0.63
246 3 0.42
374 4 0.36
298 7 0.71
70 9 0.59
28 5 0.3
366 7 0.48
260 9 0.28
457 6 0.24
476 0 0.33
355 0 0.65
287 5 0.9
92 7 0.26
58 0 0.54
445 3 0.2
138 2 0.09
326 8 0.37
33 2 0.05
455 2 0.57
419 7 0.66
306 0 0.52
23 2 0.75
82 6 0.01
413 1 0.54
181 7 0.52
344 8 0.93
438 2 0.44
252 7 0.88
94 4 0.8
137 5 0.35
419 0 0.02
366 6 0.48
119 9 0.98
114 7 0.77
39 5 0.74
108 5 0.0
413 9 0.12
425 1 0.75
160 4 0.16
288 9 0.9
430 9 0.23
92 4 0.09
234 5 0.39
114 4 0.43
324 5 0.8
368 5 0.69
3 1 0.81
254 5 0.58
114 8 0.59
432 6 0.05
32 8 0.44
79 5 0.32
170 5 0.43
305 7 0.83
394 3 0.43
348 8 0.0
388 1 0.05
305 5 0.66
303 2 0.22
113 4 0.5
411 6 0.84
423 5 0.41
455 6 0.43
178 2 0.45
45 3 0.83
160 3 0.08
215 0 0.94
482 5 0.75
115 6 0.72
448 6 0.05
131 0 0.79
183 5 0.11
182 5 0.31
324 3 0.35
304 5 0.11
154 8 0.46
232 4 0.56
193 3 0.99
432 9 0.17
263 0 0.14
410 4 0.65
286 8 0.29
42 1 0.52
43 2 0.44
126 1 0.74
73 6 0.55
88 1 0.12
302 1 0.71
221 9 0.84
206 9 0.66
178 2 0.69
79 8 0.39
173 0 0.62
9 1 0.62
14 9 0.8
329 9 0.58
390 9 0.03
368 7 0.85
343 8 0.21
327 9 0.41
394 8 0.92
233 6 0.81
191 6 0.86
52 0 0.65
21 6 0.7
206 1 0.11
23 4 0.02
184 9 0.43
346 3 0.67
437 3 0.16
420 4 0.75
244 1 0.1
450 2 0.99
355 2 0.15
120 3 0.78
375 7 0.63
74 8 0.63
280 2 0.74
184 1 0.12
407 8 0.13
472 6 0.66
167 6 0.01
297 5 0.27
351 7 0.04
158 6 0.25
162 0 0.62
322 8 0.95
422 9 0.46
448 4 0.17
302 3 0.18
234 1 0.58
110 7 0.35
325 7 0.92
309 1 0.93
240 5 0.33
390 9 0.0
445 3 0.19
125 4 0.86
353 9 0.79
21 2 0.05
434 9 0.92
163 2 0.1
153 9 0.65
488 9 0.35
474 4 0.71
83 9 0.03
169 8 0.78
51 7 0.78
200 5 0.92
284 1 0.07
375 7 0.67
301 6 0.44
272 6 0.12
357 5 0.36
231 2 0.89
415 0 0.43
1 7 0.32
178 9 0.24
269 5 0.89
48 2 0.54
112 1 0.65
321 6 0.8
275 0 0.8
140 2 0.5
345 6 0.05
3 3 0.98
464 6 0.61
110 3 0.64
56 5 0.72
129 4 0.65
362 6 0.33
394 2 0.42
341 3 0.5
58 3 0.04
312 0 0.72
114 5 0.36
189 8 0.54
34 8 0.87
249 3 0.24
497 4 0.68
86 9 0.1
140 2 0.8
208 9 0.46
42 4 0.92
9 2 0.84
118 4 0.08
382 2 0.03
1 4 0.33
150 9 0.8
369 4 0.81
243 5 0.73
345 6 0.05
86 2 0.64
28 2 0.11
408 9 0.61
64 5 0.71
404 7 0.39
315 1 0.64
371 9 0.96
343 0 0.4
207 2 0.19
308 1 0.35
6 0 0.01
79 0 0.29
367 7 0.68
