1 25 0.21
2 24 0.42
4 25 0.98
7 20 0.83
8 14 0.61
11 24 0.98
12 19 0.26
14 0 0.2
15 17 0.04
16 5 0.01
17 2 0.5
20 14 0.71
21 13 0.56
22 19 0.51
23 27 0.24
24 11 0.8
26 15 0.25
30 10 0.87
31 16 0.67
34 29 0.13
35 9 0.01
37 21 0.88
38 18 0.45
41 13 0.95
43 7 0.77
46 25 0.02
52 26 0.09
53 14 0.12
54 19 0.74
55 8 0.41
56 13 0.91
57 21 0.73
60 24 0.26
61 28 0.28
62 20 0.63
63 26 0.97
64 11 0.23
68 27 0.59
69 7 0.08
70 13 0.71
72 19 0.02
73 22 0.39
75 6 0.64
78 6 0.65
80 8 0.32
81 14 0.71
82 2 0.95
85 13 0.76
87 5 0.33
89 13 0.97
90 12 0.26
95 9 0.36
98 28 0.58
99 16 0.05
101 7 0.68
102 12 0.29
104 12 0.69
105 3 0.1
106 1 0.67
107 16 0.02
108 17 0.04
109 29 0.79
114 23 0.36
116 1 0.8
120 17 0.77
122 3 0.46
124 9 0.46
125 8 0.53
127 22 0.98
129 25 0.18
131 9 0.19
135 27 0.77
137 28 0.57
138 19 0.42
139 19 0.74
140 5 0.19
143 3 0.33
144 8 0.77
147 21 0.79
148 28 0.24
150 10 0.28
151 12 0.29
152 29 0.09
153 4 0.5
154 8 0.34
156 23 0.17
158 10 0.56
159 19 0.53
160 17 0.68
161 26 0.02
162 24 0.35
163 8 0.26
164 0 0.47
165 23 0.84
168 26 0.39
173 19 0.63
174 27 0.39
175 9 0.95
177 11 0.43
180 14 0.08
181 11 0.03
183 9 0.46
185 17 0.63
186 22 0.3
187 8 0.19
192 29 0.92
193 25 0.42
196 20 0.2
197 13 0.72
198 12 0.82
200 26 0.71
201 23 0.97
202 7 0.19
204 19 0.08
207 23 0.7
208 22 0.47
209 16 0.4
212 22 0.5
219 3 0.07
220 11 0.43
221 21 0.27
222 28 0.91
226 19 0.91
229 5 0.15
230 24 0.04
231 28 0.36
235 26 0.16
236 22 0.79
237 9 0.74
238 22 0.94
239 29 0.68
241 19 0.85
242 28 0.87
243 16 0.75
245 1 0.02
248 1 0.56
250 17 0.06
251 25 0.78
252 5 0.73
255 2 0.6
257 5 0.22
258 24 0.5
261 26 0.28
265 18 0.89
271 4 0.48
272 14 0.25
273 5 0.14
274 29 0.51
275 27 0.77
276 23 0.76
282 0 0.92
283 17 0.87
284 24 0.66
287 4 0.93
288 2 0.96
290 20 0.88
293 14 0.16
295 29 0.86
297 17 0.07
299 16 0.97
303 8 0.21
305 8 0.08
306 20 0.82
309 12 0.17
311 9 0.93
312 14 0.77
316 22 0.07
320 9 0.88
321 9 1.0
322 3 0.77
324 4 0.85
325 25 0.37
326 23 0.39
329 2 0.89
332 20 0.85
337 8 0.18
339 20 0.55
340 6 0.68
342 5 0.26
343 0 0.14
344 27 0.32
345 27 0.96
346 5 0.22
347 2 0.84
349 28 0.56
351 22 0.34
352 14 0.82
353 23 0.4
355 23 0.49
361 28 0.92
364 27 0.3
366 22 0.99
367 19 0.32
368 8 0.73
370 28 0.2
371 7 0.41
372 0 0.79
373 18 0.19
374 27 0.12
375 25 0.94
377 12 0.49
380 13 0.76
381 18 0.7
382 26 0.01
383 6 0.77
384 9 0.56
385 12 0.21
386 6 0.21
387 11 0.41
389 15 0.45
391 7 0.37
392 6 0.23
393 24 0.83
398 6 0.2
401 17 0.69
402 21 0.77
404 17 0.65
405 20 0.08
407 29 0.73
408 14 0.18
410 8 0.29
412 14 0.48
413 21 0.32
415 27 0.48
417 19 0.6
421 9 0.46
424 26 0.52
425 9 0.53
427 22 0.33
433 2 0.63
434 28 0.65
435 19 0.61
436 19 0.77
437 29 0.13
439 16 0.37
441 10 0.19
443 8 0.59
445 7 0.4
446 8 0.77
451 24 0.76
454 29 0.82
456 24 0.4
457 28 0.31
460 4 0.96
461 29 0.1
462 8 0.16
464 8 0.53
466 11 0.69
467 29 0.0
471 20 0.82
472 28 0.32
475 8 0.21
478 8 0.63
479 7 0.88
482 13 0.68
485 29 0.14
487 7 0.9
489 14 0.22
493 27 0.43
494 4 0.76
497 27 0.54
499 12 0.15
501 28 0.62
502 28 0.43
507 18 0.17
508 1 0.6
509 26 0.55
510 10 0.84
517 3 0.76
518 13 0.97
519 6 0.88
521 4 0.95
526 13 0.83
527 29 0.41
529 27 0.5
530 19 0.47
532 20 0.23
540 26 0.34
541 17 0.22
542 8 0.72
546 11 0.49
547 16 0.12
551 7 0.11
554 29 0.21
560 17 0.1
563 25 0.27
565 24 0.61
567 1 0.24
569 23 0.79
570 10 0.12
571 13 0.71
574 22 0.4
575 4 0.81
576 25 0.08
579 2 0.78
583 17 0.18
585 25 0.49
586 12 0.2
588 22 0.66
591 21 0.37
594 16 0.14
595 28 0.34
597 1 0.06
598 28 0.63
599 23 0.04
602 11 0.99
603 4 0.36
606 1 0.89
607 4 0.02
609 0 0.06
618 4 0.43
619 18 0.97
621 7 0.44
623 0 0.34
624 29 0.13
630 5 0.55
632 18 0.43
633 20 0.39
634 12 0.83
637 24 0.45
638 19 0.82
639 14 0.03
640 26 0.84
641 23 0.05
645 26 0.65
646 1 0.09
650 22 0.76
653 17 0.31
654 25 0.14
656 23 0.36
658 1 0.41
662 12 0.27
663 17 0.71
664 10 0.82
666 22 0.11
667 13 0.17
668 7 0.37
669 13 0.74
671 5 0.58
675 5 0.44
676 6 0.98
678 25 0.49
679 14 0.69
680 25 0.15
682 1 0.79
683 0 0.67
684 11 0.62
685 23 0.44
687 9 0.6
688 21 0.55
689 10 0.7
692 25 0.68
693 12 0.01
694 2 0.35
696 21 0.78
700 26 0.32
702 15 0.95
704 18 0.06
705 9 0.62
707 16 0.74
709 8 0.1
712 18 0.62
713 10 0.76
715 13 0.42
716 26 0.45
717 5 0.33
718 16 0.98
721 1 0.16
725 15 0.49
728 23 0.05
730 3 0.37
732 0 0.89
733 23 0.36
734 24 0.64
735 21 0.56
736 10 0.62
737 11 0.88
738 16 0.56
740 13 0.56
743 26 0.51
745 20 0.41
748 14 0.27
750 14 0.56
752 10 0.97
756 0 0.31
758 0 0.65
761 16 0.6
762 11 0.36
763 3 0.52
764 21 0.22
766 19 0.33
769 2 0.11
770 4 0.35
772 17 0.52
773 8 0.76
778 7 0.39
780 1 0.54
781 27 0.83
782 28 0.75
784 5 0.92
786 8 0.01
787 13 0.21
788 18 0.03
790 14 0.67
793 25 0.23
794 20 0.82
797 15 0.07
798 6 0.51
800 19 0.44
806 21 0.35
810 17 0.93
812 11 0.11
814 13 0.73
816 3 0.13
819 21 0.41
823 28 0.36
825 12 0.59
828 11 0.82
830 1 0.93
833 3 0.24
835 10 0.77
837 18 0.18
841 23 0.25
843 23 0.08
844 21 0.38
845 26 0.63
846 6 0.25
848 17 0.24
850 1 0.79
853 25 0.77
854 6 0.49
855 21 0.19
861 7 0.29
863 22 0.4
864 25 0.03
865 21 0.73
867 16 0.01
869 7 0.1
872 22 0.81
875 9 0.49
876 6 0.89
879 17 0.72
882 10 0.43
884 16 0.28
885 29 0.96
886 17 0.83
887 8 0.96
891 0 0.09
894 6 0.58
898 25 0.45
899 18 0.65
901 27 0.23
902 2 0.63
905 15 0.63
906 16 0.17
909 2 0.92
911 29 0.83
912 0 0.17
913 21 0.27
918 8 0.61
920 26 0.88
921 10 0.79
925 20 0.43
930 12 0.18
932 9 0.55
934 24 0.15
939 2 0.1
944 20 0.06
945 1 0.01
947 23 0.39
950 28 0.28
951 14 0.97
952 5 0.91
957 22 0.53
961 8 0.58
962 19 0.34
963 0 0.19
964 21 0.81
967 5 0.52
968 10 0.01
971 26 0.63
974 5 0.53
977 1 0.22
979 21 0.44
984 13 0.98
988 4 0.82
989 15 0.58
990 9 1.0
991 14 0.92
993 1 0.84
997 17 0.64
998 12 0.15
999 29 0.71
1001 19 0.72
1003 21 0.75
1005 0 0.43
1006 18 0.45
1007 24 0.25
1009 19 0.33
1011 21 0.12
1012 8 0.67
1013 22 0.25
1014 19 0.47
1015 29 0.86
1016 27 0.28
1017 20 0.32
1018 18 0.06
1019 27 0.88
1020 12 0.64
1024 21 0.32
1025 24 0.65
1028 8 0.87
1029 14 0.38
1030 26 0.92
1035 24 0.04
1038 22 0.92
1039 22 0.42
1043 9 0.51
1045 23 0.19
1046 0 0.46
1047 16 0.52
1048 25 0.85
1050 10 0.93
1053 29 0.15
1057 18 0.59
1060 2 0.26
1066 24 0.27
1067 6 0.46
1069 4 0.09
1070 6 0.5
1071 6 0.12
1072 25 0.58
1075 9 0.28
1076 9 0.81
1077 29 0.14
1078 20 0.51
1081 2 0.65
1083 9 0.77
1084 26 0.4
1085 18 0.52
1087 1 0.05
1088 0 0.23
1089 0 0.66
1090 2 0.46
1092 3 0.09
1094 11 0.58
1097 12 0.02
1098 17 0.49
1099 5 0.34
1101 17 0.91
1103 19 0.17
1104 13 0.15
1111 21 0.94
1112 27 0.42
1113 12 0.43
1114 16 0.29
1115 8 0.54
1116 10 0.28
1118 7 0.66
1120 27 0.23
1122 18 0.32
1125 10 0.29
1127 12 0.38
1128 14 0.7
1129 13 0.35
1130 24 0.68
1131 21 0.67
1132 1 0.1
1133 1 0.46
1135 28 0.34
1137 11 0.52
1143 22 0.74
1144 28 0.56
1150 2 0.17
1151 17 0.38
1153 16 0.57
1154 6 0.83
1155 7 0.4
1156 10 0.12
1157 0 0.71
1158 13 0.79
1160 4 0.75
1161 6 0.18
1164 10 0.05
1165 6 0.99
1166 5 0.15
1168 21 0.64
1172 24 0.66
1173 27 0.25
1176 23 0.0
1179 27 0.34
1181 17 0.93
1184 15 0.69
1186 1 0.52
1187 14 0.49
1189 18 0.61
1190 27 0.49
1191 27 0.1
1193 0 0.86
1194 7 0.78
1195 9 0.82
1196 14 0.43
1198 9 0.46
1200 19 0.77
1202 28 0.3
1203 9 0.78
1206 14 0.43
1208 4 0.12
1212 13 0.91
1214 6 0.07
1215 4 0.95
1218 29 0.69
1220 4 0.33
1221 10 0.73
1222 29 0.51
1223 24 0.19
1224 26 0.15
1226 10 0.67
1227 15 0.57
1228 8 0.98
1229 15 0.64
1232 9 0.57
1234 18 0.03
1235 24 0.75
1236 10 0.35
1237 28 0.67
1240 13 0.57
1242 29 0.99
1243 4 0.38
1246 18 0.3
1247 18 0.5
1250 27 0.75
1255 18 0.26
1257 29 0.62
1258 2 0.87
1259 25 0.32
1260 19 0.45
1261 6 0.96
1262 26 0.07
1263 26 0.78
1264 3 0.18
1268 8 0.77
1270 18 0.3
1271 6 0.59
1272 22 0.27
1274 22 0.78
1276 28 0.95
1278 2 0.41
1279 19 0.65
1281 19 0.45
1282 17 0.44
1283 23 0.64
1284 13 0.98
1288 3 0.49
1290 5 0.66
1291 1 0.15
1293 9 0.06
1294 14 0.71
1297 5 0.5
1299 27 0.9
1301 10 0.76
1302 7 0.51
1303 26 0.34
1304 21 0.49
1306 17 0.24
1307 17 0.25
1309 29 0.03
1310 27 0.94
1311 7 0.41
1313 21 0.47
1315 27 0.15
1316 28 0.96
1317 14 0.87
1319 17 0.83
1320 8 0.48
1322 25 0.51
1324 22 0.22
1325 9 0.31
1329 0 0.88
1331 20 0.12
1333 5 0.6
1334 17 0.83
1337 27 0.6
1340 11 0.17
1341 2 0.71
1342 17 0.13
1345 23 0.92
1346 27 0.52
1349 29 0.74
1350 10 0.76
1351 17 0.5
1352 17 0.61
1353 23 0.85
1355 0 0.65
1358 13 0.01
1361 9 0.21
1362 15 0.37
1363 21 0.32
1364 14 0.31
1365 24 0.84
1366 9 0.8
1369 6 0.7
1373 6 0.91
1377 18 0.12
1379 15 0.21
1380 5 0.82
1384 4 0.19
1385 4 0.1
1387 2 0.92
1390 12 0.13
1391 12 0.66
1393 8 0.15
1394 19 0.39
1396 8 0.17
1399 24 0.66
1400 24 0.02
1401 18 0.12
1402 11 0.0
1404 6 0.19
1405 24 0.84
1406 8 0.41
1412 9 0.63
1413 13 0.35
1420 7 0.46
1423 8 0.49
1425 23 0.07
1428 10 0.85
1432 10 0.16
1435 3 0.5
1437 2 0.33
1438 14 0.08
1440 11 0.55
1444 1 0.47
1445 13 0.39
1449 20 0.65
1450 29 0.66
1454 27 0.27
1455 16 0.29
1458 5 0.85
1464 27 0.43
1465 10 0.8
1467 19 0.77
1469 29 0.4
1470 17 0.23
1471 23 0.14
1472 6 0.44
1473 17 0.37
1474 29 0.99
1475 20 0.74
1476 7 0.97
1478 22 0.7
1482 0 0.47
1484 14 0.64
1487 14 0.76
1488 3 0.41
1490 12 0.02
1501 6 0.94
1503 9 0.74
1504 1 0.19
1506 20 0.69
1508 29 0.13
1509 29 0.26
1511 12 0.08
1513 26 0.3
1514 3 0.22
1515 22 0.8
1516 25 0.77
1518 14 0.54
1519 3 0.5
1520 4 0.11
1525 3 0.57
1526 24 0.99
1533 3 0.64
1534 21 0.4
1535 2 0.18
1537 7 0.57
1540 1 0.97
1544 29 0.58
1545 7 0.59
1546 17 0.48
1553 18 0.95
1559 23 0.93
1562 24 0.27
1563 9 0.15
1565 24 0.32
1566 10 0.16
1568 7 0.45
1570 9 0.24
1571 14 0.07
1572 0 0.89
1574 29 0.76
1576 12 0.18
1577 4 0.77
1578 13 0.84
1581 21 0.2
1583 6 0.13
1584 28 0.28
1586 22 0.12
1588 22 0.5
1589 16 0.73
1591 8 0.16
1593 24 0.16
1596 24 0.84
1600 0 0.55
1602 23 0.32
1604 1 0.82
1606 24 0.99
1607 11 0.27
1609 29 0.17
1610 16 0.79
1613 15 0.2
1618 8 0.61
1620 20 0.8
1622 17 0.02
1625 18 0.97
1626 20 0.43
1628 24 0.2
1629 1 0.86
1632 11 0.77
1637 0 0.8
1643 8 0.02
1645 28 0.52
1647 20 0.59
1648 25 0.04
1649 14 0.22
1650 6 0.81
1652 16 0.09
1653 18 0.45
1656 0 0.92
1658 2 0.87
1662 29 0.83
1663 12 0.8
1664 20 0.29
1668 22 0.69
1670 7 0.39
1674 17 0.51
1675 25 0.86
1677 14 0.55
1678 28 0.46
1679 21 0.95
1685 2 0.03
1687 16 0.9
1690 3 0.51
1693 15 0.15
1694 7 0.37
1697 28 0.62
1703 20 0.34
1705 4 0.88
1706 8 0.66
1707 21 0.87
1708 7 0.05
1709 22 0.52
1711 27 0.5
1712 25 0.74
1715 13 0.73
1716 19 0.42
1717 14 0.93
1718 28 0.3
1719 8 0.19
1720 26 0.1
1722 13 0.2
1723 8 0.36
1724 21 0.41
1725 21 0.9
1728 10 0.5
1729 26 0.23
1730 26 0.99
1732 9 0.94
1733 7 0.57
1734 16 0.08
1735 6 0.19
1736 15 0.31
1737 17 0.18
1738 23 0.9
1739 11 0.65
1743 19 0.05
1744 12 0.8
1745 9 0.06
1746 26 0.38
1748 4 0.5
1750 18 0.81
1752 27 0.08
1754 17 0.2
1756 6 0.74
1759 4 0.18
1760 14 0.71
1762 12 0.69
1764 19 0.69
1765 28 0.36
1767 11 0.9
1770 20 0.12
1771 7 0.03
1772 20 0.43
1775 15 0.15
1776 18 0.48
1777 10 0.25
1779 8 0.16
1780 17 0.08
1784 12 0.7
1789 4 0.18
1791 18 0.89
1792 3 0.95
1794 26 0.38
1795 23 0.01
1796 28 0.67
1797 11 0.84
1800 1 0.93
1801 22 0.81
1803 3 0.16
1804 9 0.79
1805 17 0.49
1806 24 0.07
1807 27 0.21
1809 10 0.55
1810 17 0.54
1814 9 0.92
1815 5 0.56
1816 20 0.7
1817 25 0.82
1818 7 0.13
1819 11 0.71
1820 9 0.06
1823 5 0.73
1824 19 0.45
1826 27 0.12
1828 18 0.35
1829 27 0.13
1833 24 0.58
1836 3 0.93
1837 16 0.41
1838 16 0.49
1839 23 0.54
1844 5 0.24
1850 22 0.4
1851 21 0.16
1857 22 0.55
1859 20 0.28
1862 24 0.85
1863 13 0.79
1864 14 0.4
1865 0 0.61
1874 21 0.15
1877 8 0.28
1878 11 0.62
1879 27 0.72
1881 0 0.75
1885 29 0.08
1886 12 0.13
1887 26 0.11
1888 21 1.0
1891 2 0.99
1892 27 0.1
1898 29 0.74
1899 26 0.34
1903 26 0.78
1905 22 0.8
1910 20 0.29
1911 24 0.98
1914 9 0.5
1916 25 0.82
1917 15 0.93
1919 27 0.48
1921 5 0.51
1923 0 0.05
1925 23 0.42
1926 21 0.85
1930 19 0.89
1935 8 0.32
1936 23 0.86
1937 10 0.92
1938 19 0.25
1939 7 0.91
1941 0 0.84
1942 11 0.51
1945 11 0.74
1946 3 0.18
1948 2 0.54
1950 2 0.44
1955 9 0.96
1956 20 0.57
1960 26 0.86
1961 13 0.05
1965 25 0.5
1966 1 0.99
1968 11 0.78
1969 13 0.24
1971 27 0.77
1972 27 0.88
1974 1 0.01
1975 24 0.92
1976 7 0.11
1980 13 0.18
1981 24 0.86
1982 10 0.23
1984 19 0.28
1990 12 0.43
1992 28 0.55
1995 11 0.55
1996 11 0.34
1998 26 0.06
2001 19 0.53
2003 0 0.36
2005 11 0.17
2009 29 0.97
2010 2 0.78
2012 3 0.39
2014 17 0.71
2016 15 0.95
2019 28 0.17
2023 14 0.59
2024 11 0.07
2025 11 0.37
2027 4 0.3
2029 9 0.08
2030 9 0.87
2031 14 0.62
2032 8 0.9
2033 28 0.65
2034 29 0.93
2038 17 0.22
2040 11 1.0
2041 23 0.64
2051 18 0.92
2052 0 0.41
2053 2 0.28
2054 7 0.45
2056 25 0.45
2057 6 0.26
2062 1 0.84
2063 3 0.84
2064 10 0.78
2065 5 0.51
2066 12 0.14
2067 8 0.92
2070 18 0.66
2071 7 0.68
2072 13 0.74
2073 17 0.95
2074 17 0.19
2075 5 0.23
2076 19 0.5
2077 22 0.88
2080 20 0.49
2081 7 0.58
2084 27 0.82
2086 18 0.47
2087 29 0.74
2088 4 0.88
2090 18 0.73
2091 27 0.89
2096 4 0.2
2099 28 0.87
2102 6 0.58
2105 27 0.6
2110 11 0.26
2115 10 0.87
2118 14 1.0
2122 11 0.94
2123 6 0.6
2126 20 0.69
2128 2 0.23
2131 18 0.45
2132 1 0.21
2133 4 0.25
2136 28 0.79
2138 3 0.5
2140 17 0.9
2141 11 0.13
2142 28 0.87
2146 20 0.87
2148 18 0.75
2149 19 0.31
2151 18 0.7
2155 22 0.79
2156 17 0.97
2157 16 0.51
2159 21 0.49
2160 5 0.66
2161 6 0.03
2162 23 0.49
2166 12 0.03
2167 14 0.35
2168 10 0.21
2169 0 0.91
2170 21 0.48
2171 4 0.08
2172 15 0.98
2173 9 0.6
2174 21 0.09
2175 25 0.53
2176 24 0.12
2178 19 0.32
2181 3 0.97
2182 0 0.71
2183 23 1.0
2187 16 0.46
2192 9 0.82
2193 27 0.35
2194 4 0.14
2198 25 0.01
2200 8 0.23
2202 8 0.26
2203 6 0.71
2204 28 0.99
2206 2 0.84
2207 23 0.82
2208 4 0.36
2210 24 0.75
2211 21 0.05
2212 26 0.67
2215 13 0.92
2216 21 0.78
2217 10 0.88
2219 28 0.17
2221 27 0.87
2223 19 0.05
2224 7 0.52
2225 24 0.32
2226 12 0.83
2232 23 0.12
2233 11 0.71
2234 20 0.87
2235 29 0.58
2241 24 0.92
2242 18 0.47
2243 27 0.9
2244 24 0.7
2245 21 0.99
2246 21 0.03
2247 22 0.0
2249 16 0.69
2251 17 0.9
2258 0 0.21
2259 17 0.08
2260 4 0.92
2263 4 0.66
2264 5 0.32
2266 8 0.7
2267 24 0.04
2268 16 0.12
2269 10 0.51
2272 6 0.98
2273 5 0.46
2274 4 0.5
2281 24 0.64
2287 20 0.05
2289 12 0.89
2290 22 0.47
2291 7 0.61
2294 1 0.66
2295 22 0.18
2300 23 0.22
2301 2 0.66
2302 21 0.36
2303 10 0.73
2304 8 0.71
2309 10 0.81
2312 10 0.85
2314 23 0.97
2316 28 0.17
2321 23 0.16
2323 15 0.54
2325 12 0.01
2326 5 0.15
2329 21 0.73
2331 16 0.35
2332 15 0.8
2336 19 0.29
2337 26 0.88
2339 21 0.38
2342 14 0.46
2343 20 0.3
2345 26 0.57
2350 11 0.35
2351 16 0.77
2352 24 0.51
2354 25 0.12
2356 5 0.0
2357 0 0.14
2358 29 0.21
2359 23 0.83
2363 7 0.98
2367 3 0.67
2369 14 0.58
2373 21 0.65
2375 12 0.27
2377 14 0.49
2378 27 0.64
2379 20 0.13
2382 9 0.41
2383 17 0.94
2385 29 0.07
2387 18 0.12
2388 22 0.91
2390 18 0.47
2391 1 0.53
2392 26 0.72
2397 17 0.95
2398 4 0.01
2399 10 0.29
2402 5 0.17
2403 12 0.49
2404 15 0.68
2405 24 0.23
2411 7 0.69
2413 0 0.34
2415 6 0.93
2419 8 0.37
2421 24 0.37
2424 2 0.08
2426 14 0.98
2428 9 0.52
2429 1 0.61
2431 15 0.0
2432 23 0.87
2433 10 0.89
2434 16 0.43
2442 26 0.93
2443 27 0.86
2448 6 0.73
2449 17 0.13
2450 16 0.8
2451 6 0.69
2453 2 0.39
2454 6 0.01
2455 15 0.62
2457 26 0.89
2461 23 0.66
2463 12 0.17
2464 2 0.44
2467 4 0.28
2469 8 0.69
2471 2 0.26
2478 15 0.09
2479 15 0.28
2480 25 0.66
2483 14 0.44
2484 13 0.23
2488 7 0.17
2491 17 0.92
2492 23 0.65
2493 29 0.24
2494 15 0.32
2496 8 0.82
2498 12 0.77
2500 18 0.58
2503 18 0.77
2507 12 0.07
2511 20 0.62
2512 11 0.31
2517 11 0.23
2518 19 0.72
2519 10 0.96
2520 21 0.61
2521 16 0.67
2522 29 0.38
2523 24 0.6
2525 20 0.74
2526 26 0.8
2528 14 0.15
2529 13 0.83
2532 22 0.09
2533 5 0.02
2534 25 0.16
2537 22 0.29
2539 16 0.54
2541 9 0.81
2542 20 0.46
2544 29 0.63
2546 27 0.53
2547 10 0.2
2549 0 0.04
2550 14 0.4
2551 16 0.36
2552 14 0.57
2557 28 0.35
2558 4 0.62
2559 29 0.08
2560 6 0.75
2561 17 0.42
2565 14 0.71
2566 27 0.64
2567 11 0.4
2570 18 0.26
2571 7 0.42
2575 11 0.22
2580 2 0.5
2581 8 0.89
2582 10 0.33
2584 12 0.89
2588 9 0.75
2589 23 0.65
2591 24 0.61
2592 10 0.23
2594 10 0.09
2595 28 0.54
2596 22 0.23
2598 8 0.02
2599 27 0.76
2600 8 0.75
2601 10 0.69
2602 15 0.58
2603 27 0.17
2605 15 0.29
2606 29 0.78
2607 29 0.81
2612 15 0.36
2615 20 0.22
2616 28 0.33
2617 25 0.91
2620 23 0.12
2622 5 0.43
2623 18 0.24
2625 22 0.57
2626 21 0.68
2627 5 0.01
2629 8 0.18
2630 5 0.15
2633 22 0.67
2636 4 0.3
2639 12 0.34
2640 10 0.71
2643 20 0.09
2645 22 0.41
2646 1 0.46
2647 14 0.05
2648 8 0.72
2649 6 0.23
2650 5 0.7
2654 29 0.14
2657 27 0.52
2659 16 0.61
2660 12 0.58
2661 13 0.32
2662 3 0.9
2664 18 0.26
2669 22 0.34
2671 22 0.82
2674 9 0.91
2675 12 0.45
2676 7 0.34
2678 0 0.25
2680 14 0.68
2681 0 0.42
2682 28 0.88
2683 19 0.86
2684 19 0.5
2687 14 0.65
2688 26 0.28
2690 6 0.79
2691 0 0.36
2693 0 0.56
2694 17 0.09
2695 8 0.86
2698 5 0.69
2699 26 0.85
2700 23 0.83
2701 27 0.5
2703 24 0.92
2704 22 0.25
2705 24 0.82
2707 3 0.04
2708 24 0.12
2710 19 0.78
2711 24 0.21
2714 28 0.93
2716 5 0.96
2717 3 0.32
2718 25 0.2
2719 25 0.65
2723 14 0.58
2726 5 0.59
2727 22 0.64
2729 20 0.66
2733 29 0.49
2735 29 0.75
2736 6 0.15
2738 13 0.22
2740 3 0.13
2743 14 0.41
2744 18 0.37
2746 29 0.13
2747 8 0.75
2748 17 0.76
2749 29 0.51
2751 25 0.52
2753 20 0.44
2754 12 0.47
2756 16 0.46
2757 12 0.68
2759 0 0.77
2760 23 0.27
2764 9 0.63
2767 21 0.73
2770 8 0.7
2777 12 0.18
2779 20 0.78
2780 0 0.83
2781 26 0.62
2782 17 0.65
2789 26 0.52
2791 7 0.62
2795 11 0.58
2797 23 0.09
2799 26 0.37
2801 24 0.88
2803 13 0.36
2804 6 0.41
2805 23 0.98
2807 19 0.34
2810 20 0.37
2814 1 0.72
2815 22 0.8
2816 8 0.38
2820 15 0.0
2821 15 0.6
2822 14 0.22
2823 8 0.78
2824 1 0.95
2825 22 0.9
2828 25 0.83
2830 1 0.19
2832 25 0.41
2834 25 0.0
2835 5 0.82
2837 10 0.6
2838 15 0.47
2839 29 0.86
2840 22 0.5
2841 20 0.91
2844 18 0.68
2845 29 0.88
2847 1 0.61
2848 10 0.07
2849 26 0.52
2850 4 0.56
2854 4 0.89
2855 25 0.33
2859 0 0.54
2862 24 0.39
2863 23 0.29
2866 27 0.75
2867 13 0.48
2868 10 0.46
2869 8 0.2
2872 11 0.22
2874 27 0.24
2876 13 0.26
2878 0 0.67
2880 21 0.6
2881 6 0.77
2883 6 0.54
2888 1 0.44
2889 16 0.54
2891 14 0.8
2895 9 0.95
2896 1 0.57
2899 23 0.92
2900 23 0.56
2904 0 0.79
2905 24 0.11
2911 0 0.42
2916 4 0.16
2917 14 0.09
2921 16 0.46
2923 27 0.65
2925 29 0.25
2929 4 0.42
2930 19 0.47
2931 3 0.61
2934 19 0.23
2935 18 0.53
2937 2 0.75
2938 29 0.75
2939 26 0.04
2943 5 0.58
2946 8 0.06
2947 7 0.66
2950 24 0.29
2952 16 0.04
2953 14 0.29
2954 16 0.66
2955 11 0.5
2956 24 0.32
2959 22 0.02
2960 18 0.4
2961 25 0.41
2964 17 0.46
2965 6 0.22
2966 11 0.57
2968 1 0.61
2969 13 0.81
2970 22 0.2
2971 8 0.39
2972 26 0.4
2976 11 0.07
2977 0 0.11
2978 20 0.28
2979 29 0.98
2980 19 0.68
2981 16 0.06
2984 29 0.62
2985 29 0.72
2986 21 0.03
2988 8 0.06
2989 18 0.29
2992 22 0.83
2993 21 0.03
2994 15 0.03
2995 10 0.35
2996 22 0.87
3000 17 0.95
3005 8 0.75
3006 8 0.04
3007 15 0.61
3008 20 0.17
3010 23 0.69
3011 25 0.92
3013 3 0.95
3016 14 0.01
3017 21 0.27
3018 1 0.1
3021 13 0.06
3023 15 0.81
3025 0 0.23
3029 25 0.24
3030 28 0.61
3031 29 0.5
3035 15 0.83
3038 19 0.16
3042 0 0.01
3043 11 0.66
3044 23 0.99
3045 17 0.37
3048 5 0.2
3050 28 1.0
3051 22 0.42
3052 15 0.04
3053 12 0.73
3054 15 0.17
3055 6 0.02
3056 28 0.99
3063 8 0.94
3064 11 0.68
3068 1 0.23
3069 9 0.55
3071 6 0.86
3076 18 0.95
3078 13 0.98
3079 6 0.24
3082 29 0.15
3086 23 0.13
3088 26 0.43
3089 10 0.53
3092 17 0.68
3096 4 0.87
3097 16 0.95
3098 13 0.7
3100 13 0.69
3103 14 0.18
3106 19 1.0
3107 7 0.53
3109 4 0.97
3111 29 0.55
3112 8 0.77
3113 28 0.3
3114 18 0.1
3115 6 0.31
3116 15 0.52
3118 24 0.94
3120 0 0.25
3125 6 0.71
3128 22 0.22
3129 16 0.18
3130 10 0.22
3133 11 0.96
3135 27 0.76
3138 28 0.56
3140 16 0.48
3144 5 0.09
3145 10 0.36
3148 8 0.78
3154 21 0.22
3156 16 0.64
3158 16 0.21
3159 20 0.96
3162 6 0.23
3163 28 0.51
3165 8 0.86
3167 22 0.45
3168 0 0.38
3173 7 0.26
3174 8 0.31
3175 27 0.39
3176 5 0.19
3177 21 0.86
3178 18 0.62
3180 16 0.53
3181 18 0.25
3184 24 0.52
3185 27 0.72
3187 27 0.21
3188 5 0.53
3189 15 0.4
3190 26 0.45
3192 13 0.21
3193 14 0.47
3194 4 0.38
3196 24 0.76
3198 27 0.02
3200 14 0.99
3201 10 0.65
3202 26 0.96
3203 26 0.68
3204 22 0.93
3207 29 0.32
3208 26 0.33
3212 4 0.82
3214 9 0.33
3218 11 0.86
3219 1 0.34
3221 1 0.2
3224 28 0.51
3225 13 0.8
3226 10 0.23
3227 4 0.1
3228 11 0.31
3229 16 0.72
3230 2 0.33
3232 17 0.44
3236 23 0.3
3237 1 0.36
3238 18 0.27
3241 5 0.5
3244 14 0.82
3245 23 0.08
3246 6 0.83
3247 4 0.81
3251 21 0.3
3253 25 0.83
3261 24 0.56
3263 21 0.72
3264 26 0.44
3268 11 0.06
3271 4 0.78
3272 4 0.42
3273 4 0.63
3275 3 0.18
3276 5 0.69
3282 12 0.96
3285 20 0.36
3287 9 0.63
3289 0 0.59
3291 26 0.23
3295 10 0.39
3298 20 0.99
3300 0 0.05
3301 21 0.42
3302 10 0.97
3303 20 0.42
3304 19 0.99
3308 2 0.83
3310 23 0.79
3311 25 0.17
3314 27 0.7
3316 4 0.08
3317 27 0.06
3318 10 0.45
3319 6 0.58
3320 28 0.5
3321 0 0.72
3322 1 0.73
3323 6 0.44
3327 12 0.48
3328 19 0.68
3329 20 0.94
3331 9 0.3
3334 18 0.12
3340 4 0.42
3341 5 0.05
3343 24 0.05
3346 23 0.89
3347 25 0.15
3348 0 0.54
3351 22 0.79
3352 5 0.25
3355 13 0.45
3358 27 0.02
3369 5 0.89
3371 22 0.76
3372 13 0.58
3373 19 0.93
3378 21 0.21
3379 10 0.12
3382 28 0.83
3383 19 0.33
3388 11 0.09
3389 1 0.43
3390 20 0.91
3392 0 0.68
3393 10 0.18
3394 10 0.42
3396 14 0.69
3397 6 0.92
3399 10 0.28
3400 24 0.63
3403 4 0.93
3404 8 0.81
3405 24 0.58
3411 13 0.16
3412 27 0.61
3416 27 0.8
3418 16 0.61
3419 2 0.44
3423 9 0.11
3425 11 0.04
3426 2 0.74
3427 5 0.17
3428 6 0.08
3429 2 0.21
3435 27 0.53
3440 22 0.24
3443 5 0.22
3444 15 0.69
3445 15 0.2
3447 4 0.17
3449 3 0.9
3450 6 0.42
3451 26 0.86
3453 22 0.42
3455 3 0.34
3460 16 0.73
3462 11 0.69
3465 11 0.73
3466 0 0.5
3468 29 0.13
3469 28 0.24
3470 29 0.95
3471 1 0.55
3473 27 0.8
3474 8 0.21
3476 24 0.06
3478 6 0.32
3480 16 0.31
3484 7 0.66
3486 6 0.66
3487 18 0.55
3488 8 0.59
3490 28 0.63
3491 4 0.96
3493 23 0.25
3495 7 0.3
3498 11 0.57
3501 7 0.35
3502 4 0.91
3508 29 0.29
3512 28 0.27
3513 10 0.85
3517 22 0.43
3519 23 0.11
3523 13 0.95
3526 5 0.74
3527 13 0.76
3528 7 0.72
3529 22 0.8
3530 27 0.87
3533 7 0.9
3534 11 0.3
3536 23 0.88
3538 22 0.97
3540 7 0.06
3541 13 0.74
3543 15 0.91
3546 28 0.86
3549 0 0.78
3550 7 0.1
3552 13 0.76
3553 4 0.61
3556 6 0.88
3558 12 0.91
3559 21 0.17
3561 11 0.82
3564 1 0.05
3568 28 0.89
3572 24 0.42
3573 28 0.82
3574 5 0.29
3575 7 0.9
3577 23 0.7
3580 26 0.91
3583 1 0.02
3584 9 0.66
3588 8 0.66
3589 2 0.01
3591 24 0.98
3592 18 0.12
3598 23 0.13
3600 19 0.16
3604 27 0.21
3605 15 0.47
3606 7 0.65
3607 6 0.51
3610 29 0.02
3614 20 0.31
3615 5 0.54
3616 6 0.81
3618 1 0.92
3621 26 0.37
3622 11 0.06
3626 4 0.74
3627 23 0.76
3629 19 0.07
3631 20 0.93
3633 0 0.26
3635 13 0.58
3636 10 0.67
3637 29 0.22
3639 13 0.61
3640 4 0.66
3642 20 0.05
3643 9 0.13
3644 26 0.47
3646 27 0.61
3647 9 0.56
3648 16 0.21
3649 5 0.46
3652 0 0.74
3654 22 0.29
3656 21 0.69
3657 27 0.75
3659 19 0.92
3660 4 0.55
3661 2 0.27
3662 19 0.89
3663 0 0.79
3666 1 0.76
3668 23 0.72
3669 22 0.79
3671 28 0.44
3672 25 0.41
3673 21 0.81
3679 24 0.71
3681 24 0.17
3686 8 0.11
3687 13 0.68
3688 9 0.83
3690 5 0.93
3693 20 0.46
3694 21 0.07
3695 16 0.44
3696 19 0.26
3700 5 0.97
3701 0 0.8
3703 29 0.87
3705 29 0.05
3707 5 0.21
3708 0 0.2
3709 29 0.69
3710 18 0.71
3711 17 0.53
3713 28 0.02
3714 21 0.47
3715 18 0.62
3717 12 0.17
3721 29 0.41
3723 22 0.97
3726 5 0.26
3730 15 0.94
3732 7 0.43
3734 6 0.69
3737 10 0.9
3738 6 0.93
3739 22 0.48
3740 12 0.67
3741 25 0.08
3742 27 0.93
3744 25 0.76
3746 6 0.8
3748 9 0.68
3749 27 0.77
3753 1 0.15
3756 5 0.94
3757 20 0.04
3758 15 0.56
3759 2 0.18
3763 24 0.11
3765 8 0.11
3766 8 0.13
3767 18 0.67
3773 7 0.06
3774 9 0.93
3775 12 0.1
3778 15 0.8
3779 6 0.2
3780 6 0.36
3785 16 0.15
3786 20 0.34
3787 27 0.29
3788 3 0.83
3789 20 0.66
3790 9 0.86
3794 13 0.55
3795 10 1.0
3796 22 0.24
3799 3 0.93
3800 21 0.79
3802 18 0.15
3804 24 0.5
3807 10 0.91
3808 10 0.12
3810 25 0.73
3812 15 0.01
3817 26 0.35
3820 13 0.1
3821 24 0.09
3823 29 0.8
3824 18 0.03
3826 18 0.66
3827 25 0.41
3828 5 0.19
3831 15 0.5
3832 8 0.95
3835 17 0.94
3836 14 0.2
3839 29 0.89
3841 11 0.5
3843 26 0.81
3845 27 0.81
3847 1 0.21
3848 15 0.54
3850 12 0.14
3852 9 0.09
3853 20 0.01
3854 27 0.1
3856 17 0.46
3858 22 0.62
3862 5 0.97
3864 28 0.04
3865 26 0.22
3867 20 0.58
3868 5 0.89
3870 12 0.25
3876 9 0.08
3877 7 0.39
3879 8 0.72
3880 21 0.79
3881 0 0.46
3883 14 0.27
3884 20 0.13
3885 9 0.49
3887 23 0.48
3888 26 0.96
3889 22 0.82
3890 17 0.84
3893 12 0.99
3894 13 0.6
3895 27 0.97
3896 5 0.9
3899 10 0.91
3900 26 0.56
3902 21 0.35
3904 6 0.25
3906 26 0.51
3907 9 0.17
3909 17 0.79
3913 29 0.95
3914 16 0.32
3915 27 0.07
3918 14 0.73
3919 11 0.14
3920 17 0.02
3921 17 0.38
3923 8 0.27
3924 28 0.87
3928 23 0.53
3931 26 0.14
3933 25 0.96
3935 0 0.76
3936 23 0.95
3937 19 0.9
3938 22 0.58
3940 20 0.81
3941 24 0.87
3943 25 0.64
3944 9 0.17
3945 13 0.35
3948 13 0.53
3949 6 0.04
3950 14 0.93
3951 16 0.84
3953 28 0.24
3954 29 0.73
3959 15 0.72
3960 19 0.76
3961 17 1.0
3963 6 0.21
3965 0 1.0
3966 12 0.63
3967 11 0.04
3968 7 0.58
3970 3 0.66
3971 16 0.51
3972 3 0.75
3974 28 0.67
3975 8 0.55
3978 1 0.59
3979 5 0.33
3980 3 0.91
3983 17 0.35
3985 25 0.45
3989 1 0.13
3991 26 0.61
3992 14 0.24
3999 9 0.26
4001 21 0.91
4002 15 0.32
4003 13 0.94
4004 0 0.33
4005 21 0.08
4006 24 0.54
4012 13 0.49
4017 29 0.61
4019 5 0.52
4021 5 0.33
4022 18 0.14
4023 11 0.01
4024 15 0.14
4034 28 0.85
4035 2 0.74
4036 14 0.27
4038 7 0.08
4042 11 0.87
4043 13 0.19
4044 14 0.2
4046 26 0.54
4048 3 0.97
4050 26 0.71
4051 27 0.29
4053 26 0.37
4054 20 0.07
4057 22 0.86
4058 13 0.59
4059 18 0.56
4060 22 0.88
4061 25 0.05
4062 27 0.42
4064 27 0.34
4065 8 0.43
4068 19 0.29
4071 7 0.97
4072 19 0.14
4074 3 0.53
4077 6 0.51
4078 28 0.09
4080 8 0.86
4081 3 0.5
4083 26 0.06
4086 17 0.06
4089 29 0.16
4093 3 0.67
4096 7 0.21
4099 23 0.15
4100 8 0.77
4102 12 0.52
4104 8 0.5
4106 5 0.94
4107 7 0.35
4108 0 0.69
4109 8 0.97
4112 1 0.09
4113 12 0.96
4115 15 0.65
4117 1 0.48
4120 22 0.52
4122 12 0.08
4124 13 0.87
4125 9 0.1
4126 16 0.06
4127 6 0.29
4129 5 0.28
4130 16 0.4
4132 28 0.95
4135 11 0.08
4137 2 0.45
4139 13 0.94
4140 21 0.28
4141 0 0.91
4142 23 0.89
4143 7 0.79
4144 5 0.73
4146 28 0.65
4147 9 0.24
4149 27 0.8
4151 0 0.19
4154 1 0.81
4155 6 0.79
4156 1 0.16
4157 2 0.57
4159 27 0.66
4160 14 0.57
4161 25 0.55
4162 15 0.06
4168 21 0.76
4170 25 0.82
4173 17 0.3
4176 6 0.32
4177 13 0.44
4179 25 0.49
4180 7 0.65
4182 24 0.26
4185 4 0.08
4189 23 0.25
4191 21 0.55
4196 27 0.94
4197 17 0.19
4198 8 0.88
4199 28 0.35
4201 8 0.17
4203 5 0.35
4206 27 0.04
4207 19 0.03
4210 16 0.32
4211 24 0.96
4212 14 0.08
4214 27 0.42
4215 22 0.78
4216 3 0.36
4217 21 0.95
4218 12 0.15
4222 1 0.6
4225 18 0.58
4236 6 0.38
4238 17 0.38
4239 5 0.09
4240 27 0.89
4241 17 0.2
4243 20 0.27
4244 3 0.1
4246 17 0.48
4247 17 0.8
4250 3 0.15
4252 13 0.84
4254 29 0.38
4255 18 0.89
4256 21 0.44
4258 8 0.91
4260 11 0.91
4261 9 0.76
4262 25 0.13
4268 6 0.64
4269 19 0.25
4271 27 0.54
4273 6 0.3
4276 21 0.12
4280 0 0.59
4281 9 0.89
4282 24 0.53
4283 8 0.18
4284 22 0.36
4285 18 0.44
4286 3 0.35
4290 6 0.27
4291 8 0.21
4293 2 0.79
4295 14 0.5
4296 18 0.06
4299 16 0.79
4301 0 0.87
4303 12 0.42
4304 6 0.36
4305 29 0.18
4308 22 0.99
4309 22 0.84
4312 7 0.87
4313 17 0.46
4315 3 0.97
4318 19 0.94
4319 24 0.6
4321 9 0.64
4323 4 0.41
4325 5 0.62
4326 2 0.98
4329 12 0.74
4331 12 0.32
4332 0 0.07
4335 2 0.23
4340 19 0.04
4341 0 0.65
4342 20 0.93
4343 0 0.32
4344 26 0.19
4348 6 0.28
4351 16 0.91
4352 9 0.02
4353 23 0.52
4355 14 0.8
4357 7 0.18
4358 3 0.72
4360 11 0.55
4363 7 0.33
4364 7 0.3
4366 9 0.59
4367 29 0.95
4368 8 0.03
4369 9 0.1
4371 1 0.45
4372 13 0.05
4375 19 0.83
4376 5 0.8
4377 21 0.62
4378 17 0.6
4380 23 0.82
4381 11 0.43
4383 16 0.46
4388 23 0.99
4389 27 0.98
4390 15 0.09
4391 11 0.89
4392 0 0.95
4399 9 0.96
4401 10 0.06
4404 25 0.09
4406 26 0.55
4409 23 0.02
4411 8 0.85
4412 7 0.79
4414 17 0.45
4415 11 0.36
4416 10 0.97
4420 3 0.8
4422 10 0.46
4424 2 0.89
4428 24 0.93
4431 21 0.4
4435 26 0.19
4436 8 0.41
4438 25 0.61
4439 26 0.26
4440 27 0.39
4441 3 0.46
4443 22 0.59
4444 10 0.67
4447 26 0.37
4448 18 0.5
4449 0 0.3
4450 4 0.08
4451 8 0.45
4452 0 0.05
4454 7 0.71
4455 12 0.74
4456 15 0.69
4457 18 0.42
4459 1 0.46
4461 11 0.8
4462 4 0.06
4467 1 0.77
4471 10 0.03
4473 0 0.77
4476 2 0.97
4479 24 0.49
4481 23 0.64
4482 8 0.99
4483 1 0.04
4485 2 0.54
4487 5 0.61
4489 1 0.15
4495 27 0.98
4496 2 0.46
4500 25 0.89
4501 14 0.28
4502 9 0.78
4503 3 1.0
4504 18 0.94
4506 7 0.26
4509 19 0.29
4510 18 0.14
4512 25 0.44
4514 3 0.89
4517 12 0.42
4522 9 0.22
4524 24 0.35
4525 18 0.29
4527 16 0.79
4528 1 0.16
4530 15 0.05
4533 0 0.05
4537 17 0.83
4539 8 0.02
4541 9 0.62
4542 9 0.8
4543 2 0.18
4546 8 0.7
4549 25 0.91
4550 5 0.53
4551 19 0.15
4553 28 0.4
4556 18 0.44
4559 11 0.6
4560 21 0.55
4561 16 0.32
4565 8 0.31
4566 23 0.56
4567 25 0.1
4572 23 0.88
4573 10 0.18
4576 17 0.36
4577 4 0.73
4580 16 0.26
4581 0 0.8
4586 25 0.54
4588 1 0.02
4591 6 0.81
4594 22 0.23
4596 10 0.57
4599 28 0.62
4601 28 0.5
4602 28 0.83
4603 10 0.36
4605 24 0.78
4608 4 0.01
4609 12 0.8
4611 14 0.52
4619 6 0.85
4625 16 0.64
4626 11 0.1
4628 24 0.03
4637 2 0.78
4638 4 0.96
4640 13 1.0
4642 17 0.86
4643 7 0.78
4644 4 0.26
4645 2 0.3
4646 8 0.08
4647 23 0.65
4648 12 0.18
4649 6 0.57
4650 24 0.1
4651 15 0.06
4654 11 0.25
4656 25 0.4
4657 2 0.71
4659 14 0.66
4660 22 0.92
4662 10 0.14
4663 26 0.37
4665 10 0.83
4666 10 0.87
4668 27 0.43
4669 29 0.8
4671 16 0.5
4673 25 0.6
4677 9 0.44
4678 11 0.75
4681 5 0.73
4682 22 0.7
4683 6 0.51
4685 15 0.7
4688 7 0.05
4690 7 0.58
4693 28 0.37
4695 3 0.48
4696 26 0.22
4697 19 0.21
4702 17 0.85
4703 15 0.37
4706 13 0.97
4709 15 0.38
4710 18 0.97
4712 12 0.89
4714 23 0.04
4716 7 0.03
4718 17 0.2
4719 28 0.54
4721 8 0.86
4722 15 0.98
4725 5 0.15
4730 13 0.3
4739 17 0.62
4741 9 0.42
4744 28 0.61
4745 27 0.45
4747 20 0.97
4751 22 0.52
4753 15 0.95
4757 8 0.93
4760 5 0.81
4761 9 0.74
4762 21 0.67
4773 29 0.01
4775 10 0.28
4776 26 0.08
4777 5 0.53
4779 15 0.34
4782 24 0.82
4783 22 0.24
4784 0 0.08
4785 20 0.79
4786 21 0.38
4788 18 0.63
4790 13 0.19
4795 10 0.16
4800 22 0.38
4801 13 0.15
4803 15 0.68
4804 24 0.97
4805 20 0.75
4807 13 0.39
4809 22 0.09
4810 26 0.48
4812 25 0.87
4814 5 0.45
4816 1 0.6
4817 4 0.24
4818 18 0.62
4823 20 0.1
4825 28 0.73
4828 3 0.71
4829 25 0.45
4836 6 0.02
4839 24 0.3
4840 8 0.61
4841 24 0.4
4844 5 0.55
4845 25 0.7
4846 7 0.39
4847 18 0.27
4848 23 0.55
4849 13 0.71
4853 24 0.72
4855 16 0.4
4856 1 0.97
4859 25 0.47
4860 29 0.64
4861 13 0.69
4863 28 0.63
4864 10 0.39
4865 9 0.23
4869 17 0.71
4870 2 0.15
4872 7 0.76
4873 8 0.39
4874 9 0.31
4875 0 0.29
4877 2 0.91
4878 14 0.83
4879 9 0.88
4880 27 0.21
4881 4 0.57
4883 5 0.86
4887 3 0.56
4888 27 0.68
4889 16 0.93
4892 13 0.22
4893 8 0.21
4894 13 0.68
4896 20 0.91
4897 7 0.4
4901 4 0.46
4902 15 0.06
4904 7 0.88
4905 23 0.01
4906 25 0.73
4907 6 0.02
4908 0 0.58
4909 12 0.72
4911 2 0.14
4915 21 0.18
4919 5 0.86
4921 3 0.53
4922 2 0.61
4923 12 0.72
4924 11 0.06
4925 1 0.22
4929 5 0.33
4932 19 0.61
4934 11 0.65
4935 2 0.15
4938 7 0.92
4939 2 0.15
4941 28 0.53
4942 19 0.9
4943 14 0.14
4944 24 0.04
4948 29 0.58
4949 0 0.77
4950 9 0.53
4952 15 0.08
4954 24 0.49
4957 29 0.2
4962 20 0.84
4969 11 0.99
4970 2 0.07
4971 19 0.65
4976 0 0.62
4977 29 0.74
4979 7 0.56
4980 26 0.8
4981 22 0.38
4982 16 0.51
4983 0 0.63
4984 13 0.98
4986 12 1.0
4988 15 0.59
4990 5 0.39
4992 11 0.29
4995 9 0.6
4996 13 0.24
4997 25 0.03
4998 23 0.64
4999 13 0.9
