1 12 0.77
2 7 0.89
3 0 0.87
5 11 0.64
9 24 0.83
18 26 0.42
22 19 0.45
24 12 0.31
32 6 0.37
35 14 0.23
45 27 0.11
47 29 0.93
51 15 1.0
52 11 0.02
55 8 0.59
58 24 0.29
60 5 0.42
66 4 0.08
73 22 0.01
76 29 0.98
86 12 0.89
89 11 0.29
91 21 0.04
97 5 0.25
99 18 0.33
102 1 0.61
110 9 0.51
112 21 0.52
117 17 0.58
119 29 0.8
127 28 0.58
129 23 0.82
131 29 0.02
132 10 0.6
135 0 0.12
136 16 0.54
138 22 0.03
146 27 0.91
147 12 0.13
155 12 0.28
156 8 0.01
159 16 0.33
168 17 0.88
169 28 0.05
186 20 0.09
193 11 0.11
196 6 0.41
197 18 0.12
199 16 0.59
200 28 0.77
202 9 0.73
205 19 0.54
206 20 0.92
211 9 0.73
213 9 0.83
215 10 0.89
218 6 0.53
220 23 0.61
221 25 0.24
222 3 0.77
227 2 0.12
229 2 0.51
236 23 0.75
242 15 0.7
246 14 0.92
247 1 0.23
248 11 0.87
255 17 0.79
258 4 0.38
259 29 0.3
260 23 0.75
268 1 0.18
271 15 0.01
273 19 0.53
276 10 0.66
277 10 0.69
281 19 0.02
284 20 0.06
286 19 0.03
291 0 0.81
295 7 0.65
299 13 0.92
301 9 0.04
302 5 0.24
308 22 0.86
335 8 0.25
338 3 0.14
340 15 0.5
342 23 0.24
345 17 0.26
347 12 0.9
348 9 0.45
349 7 0.7
351 27 0.43
354 28 0.83
357 2 0.36
358 19 0.69
361 7 0.7
368 17 0.4
373 20 0.25
377 24 0.72
381 29 0.72
386 2 0.64
389 20 0.06
391 29 0.47
392 20 0.58
395 11 0.05
401 11 0.83
404 14 0.88
405 3 0.43
416 17 0.01
418 27 0.74
419 13 0.89
423 21 0.54
428 17 0.6
431 11 0.2
435 13 0.6
437 26 0.66
439 0 0.55
440 21 0.25
443 11 0.13
444 28 0.21
445 24 0.22
449 5 0.81
450 20 0.66
454 17 0.25
456 25 0.48
463 22 0.85
466 12 0.36
481 5 0.77
482 10 0.13
485 15 0.9
486 0 0.7
488 16 0.23
509 23 0.92
510 27 0.61
515 14 0.36
518 2 0.28
522 2 0.79
523 22 0.56
530 14 0.71
539 6 0.77
540 29 0.41
541 10 0.18
542 20 0.6
543 0 0.72
554 21 0.76
559 12 0.32
566 21 0.45
570 15 0.72
571 20 0.14
576 11 0.75
578 29 0.11
582 15 0.66
586 13 0.26
592 5 0.75
594 26 0.91
607 29 0.31
610 15 0.77
611 5 0.22
616 28 0.45
620 22 0.49
624 0 0.73
640 22 0.51
649 1 0.23
657 26 0.07
662 18 0.42
663 14 0.5
665 2 0.6
666 19 0.81
668 4 0.52
669 8 0.63
671 25 0.54
672 14 0.44
677 6 0.72
684 16 0.21
698 6 0.8
707 23 0.41
713 20 0.3
718 18 0.05
721 5 0.11
723 17 0.96
726 3 0.9
727 1 0.82
728 16 0.12
730 4 0.38
732 23 0.31
734 23 0.91
735 26 0.92
737 28 0.98
742 1 0.83
743 9 0.92
747 28 0.46
749 1 0.71
752 22 0.74
753 21 0.33
756 14 0.14
757 2 0.93
759 26 0.36
761 25 0.71
764 20 1.0
765 21 0.43
766 7 0.43
768 14 0.78
775 4 0.58
780 25 0.95
785 9 0.98
788 9 0.29
790 24 0.73
794 14 0.96
796 10 0.22
799 1 0.19
801 5 0.05
804 1 0.55
805 11 0.32
807 15 0.62
808 17 0.35
819 1 0.35
821 5 0.52
823 13 0.36
828 15 0.04
829 6 0.27
830 3 0.96
835 11 0.99
837 26 0.14
838 1 0.38
840 14 0.8
844 1 0.99
848 21 0.99
850 25 0.31
856 4 0.04
862 11 0.83
868 27 0.37
870 27 0.94
874 4 0.33
876 10 0.63
881 0 0.5
886 3 0.06
893 29 0.53
898 12 0.48
899 22 0.7
900 21 0.41
904 16 0.11
910 3 0.53
913 22 0.82
919 21 0.82
924 26 0.75
933 21 0.19
936 17 0.15
938 0 0.68
942 29 0.85
944 14 0.26
945 23 0.93
947 7 0.75
949 9 0.26
958 16 0.01
971 13 0.87
972 16 0.37
973 10 0.57
974 2 0.68
979 12 0.49
980 6 0.38
990 13 0.96
991 7 0.82
995 23 0.04
1005 3 0.55
1016 23 0.46
1018 13 0.14
1020 8 0.18
1021 12 0.6
1023 8 0.11
1028 0 0.56
1037 29 0.39
1040 20 0.36
1041 15 0.84
1045 4 0.93
1056 1 0.4
1058 9 0.81
1059 14 0.43
1061 14 0.56
1062 5 0.39
1063 3 0.45
1073 7 0.04
1077 17 0.49
1078 4 0.6
1087 6 0.95
1090 25 0.02
1091 24 0.08
1103 9 0.78
1106 5 0.83
1108 20 0.94
1111 26 0.67
1123 12 0.58
1126 16 0.41
1127 0 0.59
1140 9 0.2
1143 11 0.1
1148 21 0.21
1150 12 0.66
1152 28 0.09
1153 27 0.34
1168 7 0.49
1173 25 0.89
1178 29 0.83
1186 4 0.58
1187 28 0.33
1199 5 0.2
1201 28 0.8
1203 14 0.39
1205 29 0.7
1208 5 0.93
1212 24 0.15
1216 10 0.09
1221 14 0.2
1228 21 0.82
1232 16 0.4
1233 20 0.26
1234 11 0.76
1240 10 0.7
1244 3 0.73
1245 8 0.19
1246 24 0.95
1251 10 0.19
1255 7 0.85
1257 12 0.92
1258 22 0.81
1261 28 0.93
1264 17 0.96
1267 10 0.75
1271 12 0.3
1272 18 0.86
1273 27 0.14
1274 11 0.8
1276 17 0.73
1279 24 0.38
1280 5 0.88
1285 27 0.07
1287 14 0.76
1288 21 0.33
1289 27 0.47
1296 19 0.78
1297 20 0.71
1299 27 0.56
1301 1 0.19
1302 29 0.97
1304 29 0.33
1306 29 0.57
1307 14 0.62
1318 3 0.5
1322 13 0.68
1324 19 0.27
1326 6 0.25
1331 16 0.97
1337 3 0.89
1338 28 0.45
1340 6 0.19
1342 18 0.63
1343 19 0.97
1348 3 0.21
1351 4 0.11
1352 18 0.63
1357 17 0.23
1365 11 0.74
1369 15 0.13
1372 24 0.97
1375 22 0.82
1376 14 0.22
1377 28 0.38
1381 29 0.58
1382 5 0.13
1383 20 0.49
1384 22 0.22
1389 23 0.01
1390 27 0.49
1392 0 0.25
1394 9 0.02
1396 13 0.45
1399 8 0.63
1400 4 0.66
1401 28 0.04
1406 4 0.51
1407 27 0.11
1408 7 0.95
1409 8 0.12
1411 16 0.25
1412 11 0.34
1416 19 0.91
1426 29 0.41
1427 24 0.96
1429 29 0.5
1432 3 0.64
1440 24 0.62
1442 12 0.49
1444 9 0.22
1453 16 0.21
1454 11 0.42
1456 21 0.77
1457 15 0.95
1458 18 0.73
1459 5 0.47
1474 20 0.46
1476 11 0.14
1486 11 0.19
1487 24 0.93
1489 14 0.02
1495 17 0.33
1497 3 0.82
1502 13 0.84
1503 15 0.89
1509 27 0.55
1516 20 0.15
1524 16 0.31
1530 25 0.59
1531 12 0.16
1533 29 0.63
1537 7 0.23
1542 29 0.06
1543 29 0.83
1545 26 0.44
1548 21 0.07
1553 2 0.09
1562 14 0.46
1566 28 0.33
1567 29 0.9
1570 19 0.54
1571 8 0.88
1572 11 0.22
1574 28 0.03
1578 11 0.7
1589 13 0.29
1590 23 0.72
1597 16 0.29
1606 8 0.01
1607 29 0.12
1609 29 0.28
1619 20 0.19
1620 7 0.01
1626 7 0.52
1636 19 0.22
1638 3 0.74
1643 25 0.95
1645 13 0.86
1650 23 0.79
1652 22 0.27
1657 8 0.13
1659 22 0.02
1665 19 0.19
1669 13 0.29
1676 9 0.24
1677 27 0.93
1678 10 0.24
1679 7 0.37
1681 19 0.85
1686 15 0.46
1687 10 0.11
1695 24 0.55
1701 19 0.59
1703 10 0.82
1708 8 0.27
1715 25 0.64
1720 24 0.64
1722 28 0.53
1729 17 0.84
1734 17 0.61
1735 19 0.96
1736 26 0.89
1738 4 0.62
1739 1 0.18
1741 15 0.65
1745 5 0.27
1750 4 0.48
1751 24 0.55
1764 4 0.37
1771 0 0.6
1777 0 0.28
1778 5 0.66
1779 29 0.84
1780 10 0.29
1784 1 0.11
1790 4 0.29
1793 14 0.96
1806 16 0.35
1815 1 0.55
1816 29 0.59
1817 1 0.4
1818 6 0.56
1831 26 0.7
1835 22 0.59
1844 14 0.4
1846 27 0.83
1848 12 0.83
1849 2 0.17
1857 19 0.33
1860 3 0.18
1861 10 0.98
1862 24 0.48
1865 7 0.7
1884 1 0.34
1885 26 0.66
1891 7 0.02
1894 22 0.83
1897 28 0.74
1898 0 0.19
1899 15 0.56
1901 9 0.8
1905 9 0.05
1906 10 0.18
1909 9 0.59
1911 23 0.25
1916 13 0.48
1917 25 0.79
1924 5 0.16
1928 29 0.0
1933 9 0.36
1942 12 0.17
1950 11 0.3
1954 25 0.82
1962 20 0.06
1968 24 0.49
1970 21 0.87
1972 22 0.87
1973 28 0.89
1975 28 0.62
1978 25 0.64
1980 2 0.24
1981 22 0.7
1988 16 0.6
1989 14 0.86
1991 2 0.6
1993 15 0.88
1994 16 0.51
1995 5 0.22
2003 4 0.44
2006 26 0.95
2014 29 0.58
2017 15 0.19
2020 24 0.17
2029 18 0.88
2035 16 0.33
2037 9 0.45
2044 4 0.48
2048 17 0.08
2055 25 0.11
2056 13 0.49
2059 15 0.1
2063 10 0.1
2064 7 0.49
2072 23 0.17
2086 12 0.89
2090 11 0.36
2092 24 0.93
2093 3 0.71
2095 16 0.87
2098 26 0.25
2107 22 0.58
2113 14 0.2
2117 6 0.02
2121 1 0.57
2122 5 0.17
2126 27 0.08
2131 26 0.99
2133 15 0.99
2135 20 0.13
2136 1 0.35
2149 1 0.09
2159 28 0.25
2172 28 0.37
2173 10 0.08
2183 20 0.31
2191 22 0.25
2192 24 0.57
2200 29 0.36
2206 1 0.8
2217 2 0.84
2220 24 0.59
2222 5 0.24
2231 16 0.44
2237 9 0.55
2239 11 0.4
2245 0 0.28
2247 25 0.05
2257 5 0.92
2259 29 0.89
2262 29 0.75
2263 3 0.12
2270 29 0.13
2273 17 0.7
2274 8 0.09
2275 2 0.79
2279 1 0.12
2281 1 0.8
2288 29 0.77
2291 3 0.27
2292 8 0.85
2298 9 0.29
2299 26 0.53
2306 15 0.55
2310 0 0.71
2311 18 0.68
2324 17 0.99
2329 28 0.92
2332 24 0.03
2336 12 0.86
2338 22 0.79
2339 27 0.76
2340 6 0.07
2341 26 0.37
2343 6 0.9
2345 20 0.48
2351 11 0.96
2355 27 0.51
2358 19 0.22
2360 13 0.76
2362 1 0.82
2363 29 0.64
2365 7 0.96
2367 24 0.32
2372 15 0.97
2375 19 0.87
2382 10 0.15
2383 24 0.3
2386 8 0.84
2387 23 0.72
2394 17 0.12
2396 11 0.62
2398 12 0.45
2403 2 0.48
2412 28 0.26
2421 3 0.6
2422 13 0.45
2427 1 0.81
2431 23 0.29
2434 23 0.75
2439 11 0.95
2444 20 0.93
2446 19 0.64
2448 5 0.85
2449 10 0.16
2452 22 0.36
2455 26 0.99
2458 19 0.71
2469 17 0.44
2470 15 0.89
2474 23 0.14
2477 3 0.0
2480 4 0.2
2486 6 0.67
2489 6 0.71
2492 2 0.76
2494 1 0.78
2495 4 0.28
2496 16 0.69
2499 23 0.13
2504 11 0.35
2511 29 0.75
2514 19 0.13
2515 9 0.75
2516 11 0.28
2518 24 0.83
2519 25 0.45
2524 8 0.24
2531 28 0.4
2532 13 0.36
2538 25 0.22
2539 10 0.29
2541 11 0.13
2543 4 0.14
2544 4 0.57
2547 18 0.04
2548 2 0.72
2553 21 0.71
2555 7 0.74
2557 7 0.79
2560 8 0.86
2562 4 0.15
2563 23 0.34
2568 8 0.68
2573 0 0.88
2574 15 0.4
2578 19 0.17
2581 17 0.62
2586 3 0.65
2587 25 0.68
2598 12 0.23
2610 24 0.74
2611 14 0.49
2617 13 0.18
2618 2 0.88
2622 26 0.55
2627 22 0.75
2634 28 0.27
2635 3 0.13
2637 21 0.87
2638 17 0.6
2644 12 0.71
2654 29 0.69
2656 24 0.94
2658 8 0.96
2665 24 0.88
2666 28 0.68
2671 15 0.28
2673 15 0.81
2681 3 0.21
2688 6 0.52
2693 7 0.12
2699 12 0.27
2701 28 0.87
2702 19 0.16
2705 21 0.79
2707 11 0.52
2708 8 0.4
2709 23 0.96
2714 23 1.0
2715 23 0.99
2721 23 0.41
2726 11 0.58
2728 1 0.29
2731 8 0.3
2734 24 0.43
2737 27 0.82
2738 11 0.36
2739 14 0.14
2743 15 0.33
2748 24 0.7
2751 17 0.62
2758 16 1.0
2764 8 0.51
2774 15 0.15
2782 16 0.41
2788 5 0.53
2790 8 0.53
2794 21 0.96
2798 18 0.49
2801 21 0.53
2808 1 0.18
2813 7 0.29
2817 4 0.97
2820 18 0.08
2821 17 0.44
2823 4 0.48
2828 7 0.95
2834 3 0.25
2836 15 0.14
2843 10 0.93
2845 26 0.11
2849 20 0.91
2851 7 0.11
2853 6 0.48
2854 2 0.24
2855 16 0.37
2861 17 0.05
2865 11 0.21
2868 1 0.13
2869 11 0.26
2874 0 0.15
2876 3 0.95
2881 1 0.15
2884 29 0.47
2887 3 0.84
2889 23 0.5
2892 6 0.41
2905 4 0.79
2908 20 0.78
2910 25 0.78
2913 6 0.08
2921 16 0.97
2922 15 0.27
2925 11 0.62
2933 8 0.51
2949 25 0.25
2951 29 0.35
2954 29 0.02
2956 13 0.61
2957 19 0.01
2958 19 0.84
2961 4 0.44
2962 3 0.39
2967 15 0.18
2974 9 0.55
2977 19 0.43
2981 14 0.85
2991 25 0.99
2993 27 0.56
2998 4 0.87
3001 25 0.26
3003 13 0.0
3005 25 0.7
3007 26 0.59
3008 24 0.98
3009 7 0.91
3015 6 0.76
3016 11 0.45
3030 4 0.5
3036 10 0.93
3039 13 0.69
3041 15 0.03
3043 27 0.01
3045 19 0.38
3046 21 0.34
3048 14 0.49
3051 7 0.54
3052 4 0.6
3056 12 0.41
3057 22 0.5
3059 2 0.15
3065 3 0.75
3068 22 0.08
3072 5 0.0
3074 25 0.11
3076 15 0.58
3079 7 0.71
3083 17 0.04
3091 5 0.19
3094 20 0.85
3095 23 0.58
3097 16 0.62
3098 4 0.54
3100 14 0.57
3105 18 0.79
3107 15 0.87
3110 23 0.84
3121 15 0.84
3125 1 0.32
3127 9 0.74
3129 7 0.51
3130 3 0.65
3131 8 0.84
3134 8 0.16
3135 18 0.69
3138 2 0.23
3139 25 0.86
3144 15 0.23
3145 17 0.47
3154 13 0.31
3156 23 0.75
3163 6 0.88
3164 3 0.98
3170 21 0.12
3173 19 0.86
3180 13 0.65
3182 15 0.8
3184 27 0.02
3186 5 0.51
3188 25 0.42
3191 13 0.57
3193 27 0.57
3197 15 0.03
3199 9 0.56
3201 29 0.77
3203 25 0.04
3204 6 0.68
3205 13 0.59
3209 10 0.16
3210 28 0.92
3213 27 0.61
3216 10 0.89
3219 4 0.7
3223 24 0.58
3225 5 0.03
3229 13 0.85
3230 1 0.83
3235 5 0.01
3236 20 0.34
3242 24 0.56
3244 6 0.06
3247 17 0.68
3253 15 0.86
3254 13 0.85
3258 20 0.02
3263 16 0.53
3266 5 0.22
3267 10 0.79
3274 26 0.36
3280 29 0.14
3284 13 0.81
3304 26 0.34
3305 25 0.19
3313 14 0.02
3315 18 0.75
3316 23 1.0
3319 15 0.19
3320 24 0.13
3324 2 0.1
3325 1 0.63
3333 10 0.18
3339 7 0.25
3343 1 0.36
3345 1 0.47
3351 8 0.91
3359 28 0.55
3360 23 0.72
3365 18 0.67
3367 28 0.49
3372 26 0.57
3374 10 0.0
3381 10 0.68
3382 25 0.75
3383 22 0.86
3384 3 0.42
3390 17 0.77
3392 14 0.41
3393 12 0.89
3395 8 0.19
3396 8 0.56
3403 25 0.33
3404 29 0.87
3407 11 0.65
3411 7 0.86
3412 26 0.81
3414 23 0.16
3423 27 0.69
3424 26 0.4
3427 19 0.43
3431 25 0.64
3438 3 0.87
3440 25 0.27
3445 12 0.15
3449 27 0.1
3454 8 0.5
3458 5 0.97
3461 10 0.05
3464 12 0.34
3467 8 0.47
3470 7 0.22
3472 17 0.51
3473 20 0.38
3479 2 0.89
3488 29 0.23
3489 21 0.2
3490 8 0.47
3491 3 0.85
3492 12 0.25
3500 14 0.4
3505 4 0.39
3518 15 0.41
3521 28 0.58
3522 16 0.97
3524 18 0.52
3528 15 0.27
3529 12 0.56
3532 24 0.59
3534 13 0.18
3547 6 0.13
3553 6 0.23
3558 15 0.06
3560 6 0.63
3561 13 0.94
3564 22 0.97
3569 2 0.58
3575 27 0.53
3577 0 0.74
3581 20 0.56
3583 18 0.6
3587 22 0.87
3589 27 0.31
3594 15 0.29
3599 6 0.04
3607 15 0.3
3613 0 0.09
3617 0 0.09
3630 13 1.0
3632 19 0.28
3636 6 0.1
3644 3 0.43
3645 1 0.58
3646 27 0.13
3647 20 0.07
3648 18 0.57
3649 19 0.63
3650 25 0.87
3656 23 0.74
3659 16 0.03
3662 21 0.57
3663 19 0.0
3668 18 0.47
3684 6 0.29
3694 13 0.75
3696 9 0.51
3697 7 0.17
3700 12 0.82
3708 7 0.87
3710 10 0.73
3712 3 0.06
3719 4 0.69
3723 27 0.5
3725 28 0.4
3730 26 0.1
3748 28 0.96
3750 21 0.96
3752 18 0.67
3755 26 0.57
3757 26 0.99
3758 13 0.58
3759 15 0.93
3761 8 0.86
3762 9 0.68
3766 3 0.74
3770 9 0.33
3771 11 0.95
3779 19 0.53
3782 12 0.97
3785 7 0.47
3786 23 0.48
3788 1 0.65
3789 27 0.03
3798 0 0.99
3802 22 0.9
3807 9 1.0
3808 10 0.15
3814 2 0.12
3817 13 0.13
3826 6 0.85
3833 26 0.39
3839 10 0.89
3843 23 0.8
3845 29 0.29
3847 11 0.76
3854 20 0.64
3855 24 0.52
3859 8 0.66
3860 20 0.01
3864 10 0.55
3866 3 0.4
3877 4 0.39
3888 15 0.45
3889 21 0.14
3890 7 0.97
3893 15 0.05
3896 22 0.79
3905 6 0.95
3908 7 0.9
3915 11 0.18
3919 23 0.38
3927 16 0.26
3928 7 0.38
3929 19 0.25
3930 12 0.88
3935 4 0.5
3937 4 0.61
3938 6 0.53
3941 13 0.17
3943 29 0.87
3946 20 0.56
3947 21 0.16
3953 22 0.3
3956 13 0.68
3972 18 0.25
3976 2 0.04
3980 5 0.06
3984 1 0.94
3985 8 0.75
4000 25 0.47
4002 21 0.14
4005 1 0.58
4010 20 0.06
4017 0 0.76
4023 4 0.03
4025 29 0.23
4027 22 0.37
4029 4 0.94
4033 11 0.52
4034 14 0.14
4037 14 0.33
4040 15 0.59
4047 27 0.26
4054 3 0.12
4056 5 0.61
4058 18 0.13
4060 17 0.64
4062 22 0.03
4066 11 0.88
4070 13 0.89
4074 12 0.05
4077 20 0.68
4079 8 0.1
4080 20 0.9
4081 25 0.43
4088 7 0.88
4110 22 0.58
4111 23 0.7
4124 19 0.02
4129 25 0.68
4156 26 0.97
4160 0 0.91
4166 19 0.11
4174 24 0.14
4175 13 0.62
4176 11 0.98
4181 7 0.85
4182 17 0.01
4191 29 0.84
4192 2 0.56
4197 17 0.05
4198 9 0.55
4203 22 0.66
4204 29 0.03
4210 18 0.87
4211 29 0.56
4213 6 0.57
4217 23 0.41
4233 29 0.69
4244 23 0.82
4250 16 0.24
4256 29 0.94
4265 23 0.39
4268 27 0.49
4270 7 0.77
4277 1 0.62
4279 7 0.62
4292 16 0.46
4294 17 0.96
4298 17 0.33
4300 12 0.59
4303 0 0.39
4304 6 0.81
4305 25 0.43
4306 17 0.38
4307 10 0.26
4313 23 0.34
4315 29 0.28
4319 11 0.49
4322 5 0.14
4328 11 0.35
4335 7 0.43
4336 21 0.41
4338 27 0.87
4341 16 0.78
4348 19 0.66
4349 1 0.65
4350 15 0.94
4351 24 0.06
4355 8 0.39
4359 3 0.43
4364 20 0.22
4366 23 0.47
4370 26 0.33
4371 15 0.9
4372 16 0.85
4377 10 0.71
4379 23 0.66
4384 17 0.9
4386 27 0.72
4387 15 0.02
4395 26 0.17
4404 2 0.93
4408 0 0.58
4410 16 0.49
4412 12 0.0
4422 1 0.59
4428 18 0.84
4431 5 0.97
4440 16 0.88
4444 6 0.71
4449 7 0.11
4456 16 0.74
4460 19 0.87
4463 7 0.05
4470 9 0.65
4474 0 0.7
4476 28 0.54
4479 15 0.61
4480 4 0.59
4484 11 0.55
4493 17 0.75
4494 18 0.68
4496 22 0.02
4499 5 0.43
4503 16 0.73
4509 3 0.18
4510 11 0.62
4512 3 0.84
4516 8 0.31
4518 4 0.29
4523 20 0.95
4536 19 0.84
4537 23 0.52
4538 4 0.48
4544 29 0.8
4547 4 0.97
4549 3 0.06
4550 12 0.16
4551 21 0.72
4555 1 0.83
4561 19 0.8
4564 18 0.68
4565 3 0.96
4566 3 0.03
4567 26 0.22
4568 6 0.7
4569 8 0.76
4577 25 0.09
4583 13 0.67
4588 8 0.89
4598 9 0.68
4604 8 0.44
4607 21 0.47
4615 8 0.06
4617 16 0.88
4619 22 0.41
4620 17 0.62
4621 25 0.13
4625 22 0.23
4632 12 0.14
4643 21 0.31
4651 8 0.15
4659 16 0.16
4661 8 0.98
4665 3 0.55
4670 27 0.4
4676 29 0.05
4679 21 0.61
4682 16 0.17
4683 0 0.38
4685 20 1.0
4697 7 0.26
4698 27 0.26
4707 10 0.6
4721 9 0.9
4724 20 0.11
4730 16 0.92
4732 15 0.88
4742 28 0.53
4743 15 0.61
4744 17 0.71
4745 12 0.99
4750 4 0.32
4755 19 0.02
4757 21 0.95
4758 13 0.59
4761 29 0.26
4763 0 0.26
4765 0 0.72
4767 27 0.85
4772 21 0.9
4775 9 0.16
4779 10 0.29
4780 27 0.67
4782 16 0.27
4788 2 0.05
4794 24 0.01
4795 17 0.8
4799 25 0.59
4800 28 0.18
4806 28 0.09
4808 12 0.28
4813 7 0.59
4820 18 0.6
4824 15 0.06
4829 10 0.05
4832 26 0.44
4833 9 0.26
4837 3 0.21
4842 8 0.27
4844 29 1.0
4845 29 0.96
4846 21 0.12
4848 17 0.08
4850 25 0.61
4855 15 0.34
4861 10 0.9
4867 18 0.91
4871 8 0.13
4873 3 0.02
4880 11 0.94
4881 26 0.8
4882 19 0.31
4885 2 0.87
4895 1 0.21
4899 8 0.13
4909 14 0.67
4912 12 0.72
4925 7 0.0
4931 24 0.44
4934 5 0.55
4935 17 0.96
4936 6 0.45
4937 16 0.84
4939 7 0.71
4941 23 0.17
4944 15 0.86
4951 0 0.41
4959 0 0.29
4962 14 0.07
4965 19 0.72
4969 9 0.37
4972 16 0.04
4973 27 0.17
4977 10 0.71
4979 2 0.79
4980 13 0.57
4988 18 0.17
4990 18 0.57
4996 8 0.5
4999 17 0.7
