5 21 0.39
14 19 0.68
29 1 0.05
121 7 0.99
155 7 0.29
247 10 0.08
251 4 0.95
257 26 0.83
259 29 0.46
261 29 0.38
276 10 0.3
286 27 0.72
321 23 0.95
333 26 0.85
336 0 0.93
356 6 0.31
374 8 0.61
375 5 0.52
386 17 0.8
402 12 0.56
413 5 0.18
435 29 0.99
440 25 0.06
457 11 0.15
474 13 0.27
497 10 0.33
530 9 0.69
574 16 0.1
629 1 0.2
632 15 0.49
652 22 0.57
674 29 0.53
679 8 0.7
687 7 0.68
722 21 0.06
740 1 0.59
754 1 0.18
764 25 0.74
779 15 0.18
813 1 0.51
880 13 0.52
908 28 0.99
929 4 0.34
1009 5 0.97
1022 16 0.55
1024 19 0.93
1030 28 0.65
1031 9 0.3
1052 9 0.31
1059 28 1.0
1069 19 0.31
1094 26 0.8
1097 18 0.65
1108 0 0.4
1156 7 0.9
1182 29 0.0
1184 21 0.11
1192 19 0.48
1204 2 0.98
1237 24 0.38
1238 11 0.59
1243 18 0.78
1285 7 0.51
1312 0 0.94
1328 28 0.53
1394 17 0.69
1406 4 0.16
1461 28 0.16
1471 6 0.78
1482 0 0.83
1508 10 0.67
1544 0 0.78
1548 27 0.96
1570 7 0.11
1571 24 0.3
1581 5 0.26
1582 19 0.9
1593 0 0.79
1606 3 0.73
1613 18 0.69
1622 11 0.59
1642 8 0.31
1686 21 0.24
1698 0 0.35
1761 6 0.91
1769 11 0.62
1773 17 0.01
1776 19 0.63
1780 18 0.27
1819 18 0.04
1822 11 0.21
1904 4 0.91
1905 18 0.63
1921 24 0.81
1948 12 0.55
1965 11 0.68
1975 23 0.0
1986 6 0.81
2015 24 0.76
2025 22 0.11
2061 26 0.34
2080 27 0.43
2090 2 0.3
2093 27 0.38
2103 28 0.49
2108 1 0.05
2117 5 0.33
2120 20 0.92
2133 13 0.68
2182 27 0.5
2186 28 0.46
2192 22 0.37
2196 27 0.47
2222 9 0.14
2232 3 0.23
2260 4 0.46
2262 10 0.51
2273 6 0.38
2285 27 0.75
2292 13 0.77
2294 8 0.15
2313 18 0.57
2314 12 0.26
2315 22 0.59
2334 8 0.86
2351 15 0.82
2354 14 0.11
2385 19 0.15
2440 15 0.23
2453 13 0.39
2455 5 0.03
2458 3 0.18
2464 5 0.47
2471 23 0.44
2472 17 0.4
2493 7 0.19
2504 16 0.16
2524 0 0.46
2545 12 0.2
2572 11 0.44
2581 0 0.87
2598 20 0.91
2600 23 0.15
2625 18 0.86
2676 24 0.77
2711 22 0.55
2722 10 0.04
2781 26 0.55
2795 7 0.27
2803 14 0.48
2828 0 0.74
2834 29 0.97
2835 19 0.44
2855 0 0.34
2865 26 0.98
2914 6 0.13
2952 14 0.0
2955 13 0.05
2961 15 0.99
2962 14 0.88
3030 25 0.79
3088 14 0.99
3098 20 0.84
3109 11 0.07
3117 25 0.8
3128 23 0.65
3178 26 0.12
3193 25 0.66
3196 10 0.56
3231 16 0.72
3277 16 0.25
3279 0 0.21
3288 17 0.35
3304 11 0.69
3309 2 0.59
3348 23 0.3
3351 4 0.72
3358 17 0.7
3374 1 0.45
3388 22 0.74
3476 7 0.73
3494 4 0.48
3505 9 0.14
3537 19 0.83
3549 17 0.15
3593 11 0.58
3615 25 0.16
3617 17 0.43
3623 3 0.36
3632 16 0.78
3649 8 0.02
3673 10 0.7
3686 24 0.1
3694 14 0.21
3707 4 0.23
3717 17 0.22
3746 15 0.19
3757 16 0.87
3763 20 0.14
3766 4 0.38
3840 3 0.63
3869 8 0.18
3886 1 0.85
3912 18 0.69
3920 14 0.21
3939 12 0.67
3962 7 0.55
3970 22 0.8
3980 14 0.56
3988 4 0.21
4035 23 0.54
4052 2 0.69
4064 19 0.99
4112 3 0.98
4152 8 0.61
4178 19 0.12
4207 1 0.29
4234 8 0.61
4253 14 0.52
4257 19 0.26
4285 12 0.41
4311 20 0.42
4312 19 0.76
4313 29 0.99
4336 15 0.12
4363 16 0.66
4382 3 0.45
4387 2 0.03
4403 5 0.86
4427 21 0.67
4431 10 0.42
4452 8 0.47
4454 26 0.31
4472 5 0.4
4476 8 0.53
4482 15 0.44
4497 25 0.77
4498 13 0.28
4540 20 0.37
4564 26 0.81
4593 13 0.18
4601 2 0.8
4610 7 0.35
4650 10 0.57
4651 13 0.11
4672 22 0.37
4734 17 0.63
4755 17 0.01
4781 12 0.13
4790 2 0.97
4792 7 0.04
4793 5 0.27
4794 7 0.48
4828 22 0.6
4845 15 0.17
4857 2 0.07
4888 2 0.24
4893 13 0.09
4911 6 0.43
4914 17 0.65
4918 17 0.12
4955 5 0.0
4956 1 0.9
4973 29 0.64
4976 10 0.2
5003 29 0.5
5015 24 0.02
5045 17 0.88
5062 8 0.41
5100 6 0.47
5105 23 0.65
5106 2 0.35
5116 17 0.98
5133 2 0.97
5195 16 0.13
5203 21 0.94
5206 3 0.87
5231 24 0.53
5262 21 0.57
5282 7 0.76
5283 10 0.81
5292 14 0.66
5308 4 0.68
5312 16 0.26
5321 0 0.59
5327 6 0.07
5388 12 0.12
5440 12 0.48
5443 6 0.06
5446 13 0.64
5450 6 0.96
5470 8 0.54
5475 0 0.8
5479 25 0.3
5501 22 0.33
5519 13 0.47
5524 27 0.04
5527 14 0.37
5536 23 0.46
5565 19 0.3
5568 9 0.08
5579 15 0.84
5596 28 0.79
5632 2 0.47
5658 9 0.78
5660 10 0.04
5687 24 0.47
5688 1 0.61
5695 22 0.04
5703 29 0.28
5739 21 0.11
5749 2 0.4
5786 25 0.29
5796 22 0.12
5825 29 0.97
5875 28 0.24
5880 20 0.33
5905 4 0.9
5918 20 0.78
5924 18 0.4
5938 3 0.55
5974 12 0.51
5988 0 0.88
5992 17 0.97
6004 13 0.65
6009 15 0.43
6024 7 0.53
6048 5 0.25
6112 23 0.05
6139 5 0.74
6161 16 0.05
6216 2 0.72
6272 24 0.78
6284 6 0.09
6285 24 0.09
6318 17 0.66
6334 7 0.41
6342 0 0.77
6359 0 0.03
6360 17 0.38
6371 11 0.55
6434 20 0.69
6449 12 0.52
6471 0 0.46
6500 28 0.56
6517 25 0.95
6532 9 0.02
6557 13 0.97
6614 16 0.34
6633 22 0.11
6639 7 0.9
6648 25 0.4
6649 22 0.8
6652 12 0.5
6655 18 0.89
6660 10 0.08
6668 2 0.44
6670 29 0.66
6671 26 0.31
6677 0 0.56
6698 11 0.22
6733 6 0.37
6750 8 0.47
6770 1 0.12
6772 8 0.28
6793 8 0.99
6815 14 0.71
6879 20 0.46
6884 22 0.84
6893 20 0.19
6895 11 0.78
6900 18 0.97
6931 22 0.61
6940 10 0.17
6963 16 0.64
7002 22 0.74
7043 26 0.79
7056 19 0.83
7057 18 0.59
7058 6 0.39
7060 18 0.54
7062 13 0.44
7071 9 0.47
7098 29 0.69
7103 8 0.23
7128 8 0.03
7135 9 0.06
7138 0 0.61
7142 1 0.18
7160 22 0.34
7194 2 0.31
7209 3 0.55
7212 23 0.27
7262 6 0.1
7265 9 0.71
7284 27 0.01
7287 22 0.57
7309 0 0.17
7325 5 0.42
7354 24 0.22
7356 23 0.2
7372 2 0.4
7432 26 0.18
7447 19 0.37
7500 4 0.05
7505 24 0.58
7530 21 0.38
7546 13 0.9
7547 10 0.35
7557 16 0.64
7565 5 0.47
7569 2 0.62
7574 19 0.09
7592 8 0.87
7609 8 0.67
7635 11 0.16
7654 23 0.4
7659 27 0.39
7704 7 0.54
7717 27 0.04
7724 23 0.57
7737 1 0.35
7740 5 0.38
7772 13 0.1
7773 25 0.94
7789 21 0.16
7792 9 0.58
7802 23 0.91
7817 21 0.82
7818 8 0.65
7842 16 0.46
7854 7 0.34
7867 5 0.82
7871 0 0.36
7898 10 0.98
7921 22 0.84
7962 8 0.99
7974 22 0.64
7975 14 0.32
7978 19 0.91
7982 27 0.49
7989 14 0.54
7995 0 0.98
8014 9 0.17
8019 15 0.47
8022 5 0.31
8029 15 0.18
8044 14 0.36
8055 13 0.36
8060 4 0.38
8064 23 0.23
8102 21 0.39
8105 17 0.1
8112 29 0.3
8132 9 0.64
8137 1 0.86
8141 6 0.35
8157 28 0.25
8160 3 0.06
8162 21 0.05
8170 24 0.1
8188 20 0.61
8194 4 0.46
8212 23 0.11
8217 9 0.02
8237 16 0.57
8243 9 0.12
8300 15 0.01
8312 9 0.79
8355 1 0.29
8372 13 0.25
8376 17 0.14
8421 19 0.23
8425 7 0.58
8452 29 0.5
8484 16 0.75
8493 18 0.73
8515 28 0.23
8521 4 0.69
8531 17 0.17
8549 16 0.42
8576 8 0.51
8611 14 0.36
8667 8 0.06
8668 13 0.8
8682 14 0.9
8684 1 0.84
8692 18 0.79
8704 1 0.17
8707 28 0.94
8729 26 0.23
8738 28 0.88
8740 16 0.38
8745 8 0.7
8747 26 0.75
8789 29 0.98
8823 1 0.05
8824 21 0.12
8837 21 0.49
8845 19 0.36
8853 22 0.67
8862 20 0.54
8869 18 0.43
8888 1 0.82
8919 16 0.93
8941 6 0.47
8952 7 0.92
8956 26 0.7
8958 0 0.02
8961 6 0.76
8972 2 0.41
9048 20 0.63
9053 16 0.7
9054 9 0.26
9084 27 0.88
9134 26 0.07
9136 17 0.96
9139 13 0.91
9149 8 0.09
9182 22 0.82
9195 27 0.25
9233 16 0.73
9294 29 0.31
9299 9 0.49
9324 29 0.45
9347 13 0.12
9362 2 0.19
9366 18 0.33
9443 10 0.92
9456 2 0.35
9458 29 0.48
9466 29 0.54
9479 24 0.68
9494 2 0.82
9530 24 0.58
9532 26 0.03
9547 9 0.13
9666 0 0.69
9683 3 0.55
9686 2 0.75
9744 7 0.97
9777 20 0.7
9779 5 0.04
9806 22 0.33
9807 12 0.02
9808 21 0.15
9822 3 0.5
9846 1 0.42
9851 3 0.54
9863 0 0.43
9878 21 0.09
9908 4 0.38
9931 11 0.97
9986 28 0.93
10003 19 0.81
10010 9 0.32
10014 7 0.26
10043 13 0.45
10059 7 0.69
10067 2 0.38
10091 29 0.44
10119 23 0.25
10132 10 0.01
10158 20 0.97
10159 17 0.82
10192 6 0.16
10223 14 0.57
10254 14 0.41
10261 2 0.08
10264 1 0.4
10292 21 0.68
10293 12 0.77
10306 11 0.66
10323 8 0.33
10340 10 0.33
10368 21 0.15
10403 19 0.49
10408 29 0.66
10482 27 0.72
10502 16 0.09
10514 28 0.76
10522 13 0.59
10552 12 0.28
10599 22 0.77
10657 19 0.66
10660 11 0.98
10674 21 0.17
10686 22 0.42
10690 29 0.67
10738 20 0.1
10739 24 0.03
10749 14 0.27
10754 11 0.15
10787 10 0.97
10807 16 0.03
10820 22 0.2
10823 25 0.89
10829 21 0.15
10886 15 0.76
10903 7 0.08
10916 16 0.82
10931 12 0.2
10948 11 0.39
10976 19 0.16
10988 10 0.25
11004 16 0.21
11014 27 0.26
11015 22 0.49
11062 8 0.72
11089 1 0.13
11098 3 0.33
11100 14 0.74
11114 8 0.89
11144 27 0.45
11156 28 0.26
11159 24 0.57
11205 20 0.38
11273 14 0.54
11277 21 0.8
11321 24 0.84
11342 25 0.23
11344 6 0.78
11366 18 0.02
11383 27 0.59
11384 16 0.3
11387 0 0.55
11388 4 0.1
11396 9 0.72
11397 5 0.55
11399 16 0.82
11435 27 0.65
11437 14 0.42
11439 23 0.65
11469 23 0.7
11489 13 0.01
11519 17 0.83
11537 15 0.87
11555 26 0.6
11577 6 0.39
11580 24 1.0
11623 15 0.85
11625 2 0.32
11631 25 0.86
11648 4 0.05
11674 19 0.19
11712 29 0.43
11731 10 0.09
11737 19 0.77
11773 4 0.28
11800 19 0.09
11801 11 0.62
11810 25 0.04
11821 23 0.32
11826 4 0.82
11905 7 0.43
11920 18 0.02
11922 12 0.5
11936 23 0.93
12032 16 0.44
12068 6 0.06
12072 18 0.38
12075 21 0.04
12107 25 0.86
12126 1 0.63
12134 1 0.28
12138 16 0.78
12148 5 0.92
12207 11 0.13
12209 24 0.09
12213 15 0.24
12233 12 0.25
12240 7 0.96
12243 6 0.74
12256 17 0.97
12259 0 0.33
12271 23 0.98
12278 26 0.27
12285 22 0.67
12294 28 0.03
12315 15 0.63
12361 23 0.19
12381 6 0.51
12394 9 0.32
12439 26 0.0
12479 12 0.43
12510 6 0.9
12526 26 0.66
12570 13 0.37
12592 21 0.5
12595 28 0.8
12620 0 0.54
12677 4 0.85
12695 29 0.01
12705 24 0.72
12710 2 0.66
12763 9 0.54
12784 9 0.6
12805 13 0.97
12818 26 0.98
12848 7 0.96
12899 5 0.71
12910 28 0.58
12985 18 0.71
12986 4 0.37
12994 13 0.89
13002 9 0.86
13012 24 0.24
13026 23 0.49
13042 10 0.97
13048 24 0.42
13085 2 0.36
13103 5 0.07
13115 1 0.88
13120 14 0.01
13166 5 0.37
13173 6 0.6
13213 22 0.78
13232 20 0.01
13236 11 0.41
13240 7 0.92
13251 17 0.39
13286 12 0.92
13312 12 0.53
13325 5 0.14
13333 20 0.04
13338 22 0.47
13346 13 0.21
13347 5 0.47
13348 18 0.5
13386 22 0.01
13414 2 0.23
13434 4 1.0
13439 5 0.76
13462 20 0.04
13479 25 0.45
13488 6 1.0
13489 22 0.76
13500 11 0.18
13502 12 0.72
13526 0 0.23
13563 13 0.78
13564 17 0.69
13587 25 0.2
13599 2 0.39
13605 24 0.98
13646 3 0.29
13668 13 0.87
13671 14 0.0
13672 22 0.81
13685 5 0.02
13695 19 0.7
13728 14 0.49
13748 10 0.44
13749 13 0.06
13773 0 0.47
13837 1 0.38
13841 8 0.88
13851 4 0.11
13891 13 0.04
13906 17 0.19
13908 10 0.45
13954 18 0.47
13975 18 0.68
13995 13 0.66
13996 1 0.98
14001 21 0.68
14041 26 0.98
14051 21 0.92
14078 11 0.15
14091 0 0.66
14144 17 0.42
14180 8 0.15
14184 25 0.02
14191 4 0.37
14206 18 0.14
14225 25 0.88
14227 22 0.51
14237 5 0.28
14240 7 0.57
14248 3 0.13
14256 17 0.24
14263 3 0.39
14269 2 0.06
14280 7 0.6
14298 23 0.32
14299 23 0.3
14328 14 0.39
14361 5 0.52
14365 19 0.47
14377 29 0.74
14381 9 0.24
14397 26 0.74
14475 25 0.51
14487 22 0.46
14499 23 0.56
14599 14 0.29
14603 12 0.21
14648 4 0.61
14652 29 0.02
14679 4 0.39
14708 6 0.5
14718 26 0.53
14738 0 0.1
14744 3 0.97
14787 2 0.23
14800 22 0.51
14850 3 0.74
14860 29 0.96
14871 21 0.72
14873 2 0.13
14892 29 0.88
14923 24 0.67
14941 17 0.74
14961 5 0.55
14963 10 1.0
14984 29 0.76
14997 0 0.2
15005 22 0.01
15007 2 0.69
15012 12 0.54
15039 8 0.06
15043 9 0.92
15055 24 0.24
15065 5 0.84
15070 4 0.33
15102 14 0.54
15136 5 0.14
15137 18 0.01
15141 1 0.63
15175 22 0.53
15178 19 0.8
15184 24 0.16
15216 3 0.64
15228 20 0.64
15246 17 0.47
15263 12 0.52
15291 21 0.13
15313 2 0.61
15321 4 0.71
15325 9 0.92
15332 12 0.42
15349 10 0.83
15389 9 0.62
15414 2 0.91
15431 20 0.39
15447 0 0.7
15448 24 0.82
15468 17 0.22
15470 14 0.11
15488 18 0.69
15500 22 0.75
15505 1 0.39
15542 8 0.51
15551 26 0.26
15592 26 0.12
15613 28 0.44
15636 5 0.31
15678 5 0.94
15699 11 0.99
15701 7 0.25
15711 4 0.27
15721 10 0.11
15761 29 1.0
15803 13 0.42
15816 20 0.03
15817 27 0.62
15819 11 0.6
15874 14 0.84
15879 1 0.81
15883 1 0.77
15895 22 0.05
15933 20 0.67
15960 4 0.95
15998 13 0.02
16042 20 0.73
16051 14 0.5
16054 26 0.33
16066 6 0.43
16094 16 0.6
16095 27 0.59
16102 22 0.65
16115 8 0.57
16191 11 0.78
16215 2 0.95
16216 16 0.44
16308 29 0.08
16340 25 0.89
16354 20 0.79
16355 21 0.53
16369 12 0.98
16457 19 0.4
16505 1 0.67
16525 12 0.2
16540 7 0.92
16565 6 0.78
16573 17 0.48
16582 14 0.57
16611 2 0.44
16662 2 0.33
16698 0 0.16
16715 9 0.04
16722 9 0.73
16743 21 0.16
16747 17 0.93
16748 29 0.47
16751 1 0.21
16759 1 0.42
16778 27 0.1
16795 12 0.77
16796 27 0.57
16815 15 0.02
16833 11 0.19
16869 6 0.32
16920 8 0.43
16931 11 0.64
16962 14 0.73
16977 3 0.69
16999 2 0.45
17048 8 0.31
17117 9 0.02
17121 29 0.8
17131 10 0.03
17133 29 0.29
17134 12 0.36
17150 20 0.54
17170 28 0.77
17209 22 0.74
17216 19 0.39
17227 5 0.03
17257 11 0.91
17272 5 0.65
17282 12 0.47
17319 10 0.34
17345 2 0.38
17360 23 0.1
17419 21 0.09
17426 16 0.23
17431 5 0.54
17437 21 0.68
17457 28 0.98
17466 22 0.72
17483 10 0.89
17503 18 0.98
17547 9 0.76
17576 9 0.93
17593 29 0.61
17612 25 0.55
17630 23 0.46
17659 29 0.9
17663 15 0.88
17668 14 0.77
17683 27 0.34
17699 4 0.58
17731 8 0.75
17740 0 0.91
17744 22 0.94
17787 7 0.68
17895 24 0.14
17932 26 0.82
17938 8 0.8
17940 24 0.77
17950 18 0.37
17970 21 0.08
17985 1 0.36
17993 5 0.08
17994 2 0.72
18013 15 0.62
18027 17 0.66
18043 23 0.66
18069 2 0.95
18083 23 0.48
18103 0 0.9
18105 12 0.78
18108 2 0.63
18134 25 0.99
18153 23 0.89
18162 14 0.34
18166 12 0.14
18177 12 0.03
18188 19 0.62
18190 22 0.7
18227 14 0.32
18250 16 0.8
18292 18 0.64
18307 8 0.3
18309 5 0.33
18315 0 0.75
18323 8 0.47
18344 12 0.32
18420 22 0.68
18427 3 0.25
18432 12 0.74
18435 14 0.9
18461 23 0.47
18473 26 0.67
18497 29 0.29
18537 27 0.46
18555 14 0.95
18560 21 0.67
18591 3 0.35
18609 28 0.15
18612 15 0.49
18643 10 0.29
18680 7 0.9
18791 11 0.93
18816 24 0.26
18822 19 0.93
18823 24 0.76
18857 11 0.37
18859 12 0.29
18866 28 0.32
18920 15 0.86
18932 2 0.76
18944 0 0.56
18960 29 0.51
18970 16 0.4
18994 29 0.7
18996 2 0.56
19006 27 0.45
19007 16 0.54
19022 11 0.57
19023 7 0.37
19025 8 0.09
19032 22 0.9
19063 14 0.4
19083 29 0.4
19100 0 0.7
19119 26 0.67
19165 4 0.94
19166 23 0.51
19191 4 0.66
19194 25 0.19
19198 24 0.4
19219 29 0.38
19248 9 0.78
19282 5 0.8
19293 18 0.9
19314 16 0.34
19338 23 0.91
19350 16 0.22
19443 18 0.73
19446 29 0.38
19450 14 0.14
19452 26 0.06
19456 28 0.7
19506 17 0.17
19516 26 0.93
19569 21 0.63
19596 7 0.25
19624 2 0.1
19642 8 0.78
19649 22 0.99
19655 27 0.64
19663 15 0.27
19673 10 0.66
19690 8 0.73
19697 22 0.79
19698 12 0.64
19719 7 0.29
19735 3 0.43
19753 15 0.21
19775 19 0.41
19778 27 0.98
19787 21 0.17
19791 2 0.89
19793 15 0.0
19805 12 0.65
19807 20 0.79
19817 24 0.04
19852 2 0.93
19899 13 0.66
19903 2 0.33
19905 6 0.53
19950 8 0.44
19958 28 0.16
19975 25 0.93
19978 18 0.73
19989 23 0.98
19992 2 0.37
20012 2 0.92
20024 0 0.92
20030 6 0.54
20035 0 0.61
20053 6 0.53
20091 14 0.37
20118 15 0.09
20139 24 0.66
20164 3 0.7
20175 5 0.52
20201 17 0.07
20218 21 0.26
20230 2 0.59
20247 10 0.85
20291 2 0.47
20303 15 0.66
20349 19 0.47
20359 14 0.66
20401 27 0.62
20412 16 0.31
20429 17 0.26
20446 10 0.07
20456 26 0.15
20469 4 0.06
20470 5 0.44
20492 9 0.59
20521 15 0.45
20536 28 0.63
20542 9 0.22
20571 8 0.09
20582 22 0.29
20587 26 0.17
20596 2 0.06
20606 24 0.12
20612 12 0.3
20619 12 0.32
20624 11 0.08
20634 17 0.12
20638 28 0.7
20641 28 0.53
20693 29 0.62
20697 24 0.33
20721 27 0.04
20752 21 0.01
20755 16 0.22
20771 20 0.66
20773 3 0.87
20792 9 0.09
20795 4 0.22
20817 20 0.62
20825 5 0.01
20826 0 0.85
20837 17 0.71
20845 5 0.92
20875 6 0.76
20884 9 0.41
20885 29 0.52
20909 11 0.12
20917 21 0.21
20982 27 0.32
21040 20 0.83
21070 6 0.65
21076 12 0.6
21084 3 0.66
21101 9 0.94
21147 13 0.94
21148 18 0.04
21149 24 0.48
21156 29 0.47
21158 0 0.48
21167 11 0.54
21175 5 0.55
21190 20 0.36
21217 5 0.21
21246 22 0.72
21247 17 0.26
21265 20 0.42
21291 3 0.06
21297 5 0.07
21326 2 0.64
21327 27 0.39
21329 20 0.63
21358 3 0.16
21370 6 0.92
21379 16 0.83
21420 18 0.14
21422 16 0.74
21441 24 0.9
21449 25 0.85
21461 24 0.5
21475 0 0.9
21528 8 0.35
21538 13 0.78
21548 12 0.11
21586 1 0.9
21607 17 0.07
21612 8 0.36
21629 10 0.81
21646 3 0.68
21649 15 0.38
21659 5 0.37
21678 7 0.02
21687 19 0.81
21702 20 0.6
21708 28 0.1
21733 15 0.44
21755 1 0.81
21785 22 0.85
21786 6 0.49
21821 0 0.03
21833 3 0.11
21834 16 0.5
21837 15 0.25
21875 3 0.13
21881 2 0.68
21886 29 0.2
21889 20 0.24
21892 24 0.33
21903 20 0.05
21935 3 0.72
21945 8 0.29
21987 18 0.79
21988 1 0.01
22022 21 0.38
22028 9 0.83
22030 15 0.42
22068 17 0.37
22074 18 0.94
22122 19 0.83
22173 2 0.6
22200 7 0.9
22205 28 0.64
22216 1 0.88
22247 29 0.86
22259 24 0.93
22281 4 0.44
22288 20 0.69
22298 15 0.2
22308 5 0.53
22310 9 0.31
22321 1 0.52
22338 16 0.87
22344 22 0.84
22350 2 0.51
22365 13 0.6
22367 8 0.91
22369 23 0.57
22411 14 0.63
22418 24 0.48
22427 1 0.17
22444 17 0.47
22453 13 0.48
22457 8 0.48
22460 26 0.02
22474 22 0.92
22475 25 0.18
22500 9 0.54
22505 27 0.95
22511 3 0.01
22552 11 0.38
22581 24 0.63
22605 1 0.22
22618 28 0.86
22644 1 0.68
22652 2 0.03
22671 14 0.98
22676 16 0.17
22686 21 0.33
22723 21 0.14
22737 22 0.34
22769 3 0.84
22823 3 0.02
22843 2 0.47
22848 1 0.94
22867 14 0.75
22869 0 0.25
22884 28 0.19
22897 2 0.15
22898 19 0.57
22900 22 0.43
22907 4 0.93
22950 13 0.44
22967 1 0.78
22996 5 0.44
23010 29 0.87
23028 22 0.3
23038 25 0.57
23044 13 0.98
23059 24 0.04
23063 12 0.24
23082 4 0.75
23097 11 0.79
23153 23 0.57
23158 25 0.07
23183 15 0.32
23208 17 0.31
23220 5 0.53
23226 16 0.22
23240 12 0.13
23247 22 0.31
23258 15 0.64
23266 14 0.13
23275 18 0.36
23283 9 0.97
23286 6 0.18
23356 17 0.29
23362 3 0.48
23423 9 0.36
23439 10 0.46
23443 18 0.87
23483 7 0.32
23494 9 0.35
23504 4 0.74
23529 26 0.33
23530 27 0.74
23538 26 0.88
23542 9 0.98
23552 24 0.14
23553 6 0.23
23556 4 0.47
23669 23 0.51
23683 9 0.68
23747 20 0.82
23755 23 0.34
23758 17 0.9
23759 10 0.87
23811 29 0.14
23817 21 0.59
23823 3 0.33
23842 8 0.28
23910 20 0.84
23926 25 0.54
23930 15 0.43
23943 6 0.48
23957 1 0.11
23970 29 0.12
23971 9 0.33
23987 21 0.01
24065 22 0.7
24074 20 0.84
24083 6 0.1
24094 17 0.43
24106 0 0.74
24150 19 0.2
24155 10 0.43
24156 4 0.83
24253 6 0.93
24254 22 0.54
24262 28 0.01
24263 20 0.62
24272 28 0.48
24273 14 0.12
24322 9 0.8
24331 10 0.43
24347 13 1.0
24352 29 0.55
24359 27 0.4
24362 27 0.58
24373 15 0.13
24379 6 0.5
24381 7 0.19
24399 25 0.69
24415 4 0.39
24424 12 0.56
24433 8 0.6
24467 14 0.28
24490 21 0.64
24508 19 0.96
24515 9 0.67
24522 27 0.23
24556 0 0.32
24557 24 0.57
24613 13 0.84
24627 20 0.11
24659 23 0.59
24668 9 0.6
24670 6 0.7
24671 13 0.74
24673 23 0.3
24688 19 0.69
24701 25 0.54
24808 22 0.78
24847 28 0.06
24851 2 0.82
24856 16 0.38
24867 23 0.64
24877 13 0.89
24896 24 0.24
24906 12 0.81
24944 23 0.02
24946 27 0.57
24947 24 0.49
24989 23 0.63
24996 2 0.61
25018 19 0.09
25019 21 0.28
25026 29 0.78
25041 29 0.94
25067 23 0.36
25106 5 0.25
25112 29 0.74
25146 26 0.53
25151 19 0.09
25186 19 0.04
25205 12 0.14
25216 5 0.94
25272 13 0.46
25274 18 0.66
25283 10 0.83
25292 14 0.67
25314 3 0.16
25324 16 0.5
25369 15 0.97
25383 27 0.34
25385 26 0.08
25434 25 0.11
25442 16 0.4
25459 15 0.93
25486 27 0.83
25527 14 0.1
25581 6 0.12
25609 26 0.23
25622 3 0.92
25644 17 0.32
25669 6 0.26
25684 9 0.15
25708 9 0.29
25717 17 0.38
25726 3 0.29
25746 29 0.95
25811 3 0.18
25817 20 0.9
25819 8 0.95
25831 16 0.9
25861 29 0.31
25903 6 0.32
25906 10 0.17
25932 19 0.68
26035 8 0.32
26038 18 0.26
26071 29 0.06
26120 21 0.8
26137 22 0.59
26139 20 0.3
26171 5 0.3
26220 8 0.31
26242 1 0.23
26250 20 0.17
26257 20 0.95
26285 8 0.09
26344 21 0.56
26350 6 0.43
26370 4 0.61
26384 26 0.63
26392 3 0.71
26423 23 0.13
26448 8 0.98
26488 8 0.84
26503 15 0.25
26514 8 0.49
26524 28 0.76
26568 21 0.16
26620 29 0.39
26629 15 0.87
26678 22 0.97
26685 16 0.91
26696 22 0.32
26737 3 0.7
26742 4 0.13
26798 4 0.86
26811 6 0.77
26813 13 0.41
26820 18 0.11
26834 28 0.36
26838 14 0.53
26847 15 0.92
26865 9 0.64
26889 20 0.43
26983 0 0.41
27021 0 0.59
27026 29 0.57
27049 29 0.3
27074 6 0.04
27092 7 0.29
27098 13 0.65
27113 9 0.55
27133 28 0.88
27145 10 0.57
27156 5 0.16
27174 20 0.66
27177 25 0.15
27187 26 0.62
27235 15 0.96
27239 14 0.17
27243 29 0.36
27254 5 0.19
27266 25 0.76
27305 28 0.56
27351 17 0.99
27362 18 0.18
27387 29 0.17
27393 2 0.29
27472 8 0.75
27484 28 0.02
27514 18 0.41
27545 26 0.8
27574 16 0.67
27583 21 0.69
27611 16 0.22
27651 14 0.59
27661 25 0.24
27662 12 0.52
27692 16 0.47
27707 3 0.15
27723 15 0.15
27732 12 0.85
27738 5 0.81
27739 3 0.44
27744 27 0.59
27746 25 0.52
27756 9 0.8
27776 7 0.82
27781 22 0.91
27833 10 0.35
27853 21 0.12
27880 16 0.95
27964 6 0.28
27992 13 0.29
28039 0 1.0
28052 27 0.17
28061 19 0.87
28063 19 0.39
28104 6 0.53
28110 21 0.1
28115 1 0.27
28121 29 0.44
28135 1 0.55
28162 28 0.43
28173 6 0.4
28187 10 0.45
28193 20 0.86
28195 9 0.93
28227 22 0.36
28240 25 0.42
28257 22 0.86
28273 18 0.74
28295 23 0.9
28300 23 0.93
28311 21 0.19
28337 22 0.71
28342 29 0.42
28393 13 0.7
28401 2 0.38
28431 21 0.32
28442 7 0.25
28450 13 0.96
28467 27 0.41
28470 20 0.96
28487 4 0.52
28504 17 0.66
28515 6 0.68
28525 4 0.84
28526 6 0.75
28527 19 0.67
28567 10 0.71
28583 6 0.52
28604 8 0.86
28622 26 0.61
28669 19 0.59
28701 7 0.05
28717 9 0.28
28749 6 0.05
28758 1 0.02
28787 21 0.99
28814 29 0.3
28824 15 0.58
28848 18 0.51
28856 24 0.04
28885 9 0.3
28909 28 0.07
28922 4 0.02
28938 0 0.75
28941 29 0.13
28946 4 0.73
28956 12 0.01
28967 15 0.76
28970 1 0.1
28994 23 0.25
29011 3 0.24
29021 18 0.73
29030 12 0.13
29044 28 0.17
29057 17 0.37
29061 4 0.91
29066 20 0.54
29072 29 0.14
29095 0 0.25
29154 27 0.19
29170 11 0.88
29202 2 0.03
29216 14 0.18
29251 20 0.44
29308 23 0.95
29322 2 0.63
29397 16 0.35
29402 11 0.21
29405 9 0.82
29471 27 0.61
29473 8 0.63
29498 7 0.35
29499 22 0.9
29532 16 0.97
29602 3 0.58
29606 15 0.11
29645 21 0.74
29647 27 0.07
29653 8 0.59
29687 1 0.69
29698 13 0.94
29701 4 0.37
29725 29 0.34
29749 13 0.07
29776 28 0.0
29779 11 0.8
29797 25 0.57
29798 13 0.72
29802 14 0.12
29807 16 0.98
29830 22 0.06
29837 17 0.85
29863 19 0.87
29886 22 0.67
29897 7 0.83
29945 20 0.51
29968 26 0.92
29980 11 0.07
29995 17 0.53
30008 0 0.02
30030 7 0.87
30039 28 0.66
30055 29 0.81
30063 14 0.71
30081 14 0.07
30086 17 0.61
30088 7 0.18
30108 29 0.04
30112 18 0.19
30113 17 0.66
30127 26 0.34
30162 22 0.13
30163 9 0.62
30177 14 0.69
30184 9 0.71
30186 28 0.5
30229 8 0.59
30257 23 0.23
30264 2 0.0
30266 0 0.66
30272 18 0.3
30276 5 0.67
30284 26 0.38
30305 15 0.27
30346 14 0.9
30359 25 0.03
30367 13 0.06
30373 28 0.33
30374 26 0.05
30379 9 0.06
30405 14 0.94
30414 8 0.93
30420 15 0.43
30474 22 0.29
30482 12 0.37
30487 6 0.47
30513 16 0.11
30517 3 0.3
30557 3 0.79
30563 21 0.72
30580 16 0.18
30591 26 0.08
30594 10 0.1
30599 10 0.43
30610 24 0.98
30620 23 0.67
30621 4 0.17
30626 24 0.18
30660 6 0.89
30662 18 0.55
30677 28 0.81
30733 0 0.19
30738 24 0.95
30795 24 0.2
30808 22 0.86
30809 24 0.74
30817 22 0.09
30890 11 0.99
30921 29 0.76
30941 27 0.91
30946 26 0.42
30967 10 0.95
30970 16 0.75
30988 7 0.08
30995 26 0.22
31004 27 0.94
31007 15 0.37
31027 5 0.73
31031 3 0.21
31090 22 0.12
31104 13 0.64
31180 3 0.27
31181 8 0.6
31205 1 0.9
31230 1 0.83
31279 13 0.38
31292 14 0.68
31300 6 0.33
31330 15 0.73
31361 22 0.07
31364 3 0.6
31381 26 0.68
31391 20 0.54
31420 7 0.33
31429 20 0.19
31432 12 0.42
31453 4 0.77
31479 21 0.87
31511 23 0.1
31513 22 0.24
31515 3 0.55
31522 8 0.18
31546 6 0.41
31552 3 0.34
31567 6 0.51
31580 9 0.02
31591 24 0.2
31597 17 0.49
31609 21 0.99
31617 8 0.05
31634 24 0.98
31660 27 0.26
31689 12 0.77
31711 4 0.77
31712 19 0.94
31719 4 0.16
31725 28 0.57
31739 0 0.17
31767 29 0.95
31798 24 0.99
31817 12 0.02
31824 24 0.01
31872 26 0.87
31906 14 0.72
31928 28 0.3
31939 24 0.71
31948 10 0.96
31959 13 0.59
31995 25 0.15
32041 14 0.02
32061 11 0.01
32078 11 0.48
32080 1 0.79
32100 0 0.54
32103 4 0.89
32122 6 0.32
32140 4 0.74
32146 13 0.19
32188 2 0.85
32198 17 0.79
32218 10 0.22
32244 0 0.98
32276 19 0.01
32277 28 0.56
32287 16 0.99
32295 20 0.36
32310 9 0.21
32344 11 0.1
32345 20 0.5
32350 21 0.61
32362 29 0.74
32366 23 0.66
32395 13 0.79
32397 20 0.81
32416 13 0.55
32422 5 0.42
32426 0 0.8
32464 14 0.88
32479 16 0.76
32490 17 0.1
32497 25 0.08
32513 16 0.71
32536 16 0.51
32548 18 0.97
32567 12 0.45
32581 27 0.98
32583 6 0.81
32584 11 0.12
32591 0 0.12
32606 25 0.02
32610 15 0.81
32614 15 0.92
32636 14 0.54
32672 2 0.78
32700 9 0.14
32716 17 0.26
32719 23 0.15
32723 18 0.73
32732 14 0.98
32744 22 0.0
32751 24 0.6
32753 22 0.08
32769 25 0.54
32791 23 0.44
32793 12 0.86
32814 23 0.51
32819 23 0.09
32820 24 0.44
32824 24 0.71
32848 8 0.92
32851 3 0.18
32855 28 0.94
32857 8 0.23
32879 20 0.24
32909 16 0.48
32921 15 0.68
32922 27 0.82
32951 0 0.7
32955 7 0.1
33002 28 0.99
33003 1 0.52
33119 10 0.66
33147 27 0.96
33155 12 0.16
33188 17 0.32
33196 17 0.43
33214 6 0.46
33246 1 0.74
33274 11 0.14
33316 6 0.99
33332 20 0.56
33337 6 0.81
33354 9 0.68
33416 18 0.14
33421 21 0.59
33445 10 0.27
33490 28 0.06
33491 11 0.1
33493 24 0.14
33524 14 0.49
33538 8 0.6
33558 4 0.38
33573 22 0.06
33593 20 0.68
33595 9 0.7
33603 22 0.32
33618 9 0.63
33623 15 0.94
33631 6 0.8
33636 18 0.2
33637 14 0.69
33643 11 0.57
33650 8 0.28
33656 2 0.73
33662 17 0.12
33666 6 0.25
33667 16 0.65
33725 17 0.33
33733 11 0.41
33760 26 0.49
33770 14 0.56
33785 4 0.48
33839 0 0.72
33867 19 0.76
33892 18 0.6
33894 6 0.97
33895 17 0.92
33901 25 0.31
33905 17 0.94
33916 29 0.77
33925 26 0.14
33931 4 0.1
33951 25 0.61
33957 11 0.36
34026 3 0.69
34063 8 0.43
34071 11 0.85
34073 2 0.12
34080 1 1.0
34089 29 0.46
34124 14 0.88
34125 21 0.34
34138 3 0.02
34170 7 0.74
34178 5 0.71
34181 15 0.4
34218 16 0.42
34222 3 0.24
34245 22 0.73
34261 11 0.16
34298 25 0.62
34350 25 0.54
34358 16 0.15
34373 4 0.57
34378 17 0.14
34414 25 0.08
34416 21 0.08
34453 12 0.01
34471 7 0.95
34523 10 0.05
34581 7 0.94
34598 5 0.78
34644 0 0.95
34651 12 0.05
34681 22 0.82
34749 3 0.23
34772 3 0.73
34826 17 0.46
34851 10 0.34
34875 21 0.57
34915 4 0.11
34926 16 0.5
34931 1 0.22
34977 8 0.21
35007 12 0.42
35012 12 0.46
35041 22 0.38
35050 20 0.53
35126 25 0.8
35130 20 0.89
35137 20 0.3
35194 0 0.11
35249 13 0.93
35268 9 0.96
35275 8 0.19
35287 3 0.17
35298 13 0.72
35300 10 0.62
35305 9 0.32
35309 24 0.98
35319 11 0.49
35327 29 0.48
35344 3 0.99
35411 17 0.35
35419 11 0.75
35451 23 0.36
35524 17 0.9
35542 2 0.46
35543 8 0.47
35566 4 0.92
35600 2 0.27
35603 7 0.96
35625 27 0.74
35672 23 0.24
35689 8 0.58
35712 25 0.51
35767 5 0.86
35842 25 0.36
35866 7 0.81
35875 7 0.66
35922 3 0.3
35961 18 0.78
35977 5 0.58
35984 20 0.64
35999 21 0.17
36017 13 0.66
36029 0 0.28
36033 6 0.05
36039 9 0.34
36070 4 0.25
36075 6 0.78
36093 26 0.22
36098 4 0.11
36104 19 0.05
36109 26 0.73
36129 13 0.08
36142 16 0.12
36143 3 0.82
36148 10 0.09
36163 11 0.52
36171 26 0.52
36188 10 0.36
36191 16 0.59
36211 9 0.52
36258 22 0.28
36265 2 0.54
36271 21 0.11
36296 21 0.76
36305 13 0.71
36310 24 0.45
36321 28 0.31
36347 23 0.16
36362 29 0.0
36365 10 0.78
36392 8 0.52
36434 21 0.01
36435 18 0.11
36437 12 0.75
36461 7 0.02
36479 7 0.36
36490 22 0.69
36515 10 0.59
36577 6 0.83
36588 28 0.28
36591 29 0.95
36602 13 0.8
36603 18 0.38
36609 21 0.71
36616 19 0.28
36620 29 0.38
36621 1 0.69
36636 20 0.5
36704 21 0.13
36719 21 0.95
36739 4 0.33
36740 22 0.92
36750 27 0.14
36756 25 0.47
36794 6 0.83
36799 26 0.91
36823 15 0.1
36831 28 0.49
36837 27 0.42
36852 23 0.73
36909 18 0.74
36928 29 0.31
36993 14 0.89
37002 4 0.82
37016 16 0.83
37047 22 0.78
37054 3 0.17
37072 20 0.1
37077 15 0.99
37085 2 0.95
37167 19 0.09
37186 23 0.96
37191 11 0.51
37193 25 0.18
37199 8 0.76
37213 22 0.15
37246 16 0.3
37255 8 0.71
37267 21 0.6
37304 9 0.71
37313 15 0.17
37416 9 0.89
37441 13 0.35
37462 15 0.95
37480 22 0.36
37491 28 0.98
37502 11 0.58
37505 11 0.95
37534 3 0.28
37539 21 0.79
37549 25 0.28
37580 23 0.22
37581 6 0.61
37583 0 0.74
37627 17 0.8
37638 29 0.92
37648 26 0.89
37692 1 0.36
37720 14 0.76
37768 24 0.69
37775 13 0.33
37787 2 0.82
37810 28 0.8
37840 9 0.37
37847 25 0.43
37867 18 0.05
37870 20 0.7
37893 20 0.12
37898 8 1.0
37900 24 0.48
37928 1 0.46
37934 21 0.34
37940 26 0.49
37951 13 0.8
37953 28 0.36
37964 0 0.6
37970 5 0.79
38025 0 0.37
38032 28 0.92
38033 26 0.33
38034 28 0.21
38039 1 0.23
38067 25 0.01
38080 0 0.07
38081 10 0.75
38083 9 0.33
38089 28 0.93
38100 9 0.67
38109 27 0.54
38120 14 0.51
38139 28 0.53
38170 4 0.48
38200 18 0.74
38203 16 0.41
38210 24 0.56
38241 8 0.11
38248 19 0.68
38253 22 0.46
38263 11 0.99
38285 4 0.43
38291 0 0.22
38313 21 0.19
38328 19 0.31
38329 7 0.48
38335 4 0.51
38365 3 0.49
38416 23 0.51
38457 27 0.89
38466 18 1.0
38496 17 0.63
38510 4 0.0
38512 13 0.82
38513 11 0.75
38524 28 0.41
38543 3 0.59
38601 4 0.35
38641 11 0.63
38643 9 0.3
38649 1 0.81
38651 2 0.93
38667 27 0.72
38718 3 0.72
38723 25 0.27
38757 1 0.53
38776 26 0.16
38836 0 0.65
38845 16 0.22
38861 1 0.95
38862 26 0.37
38866 25 0.99
38874 22 0.83
38881 23 0.02
38887 17 0.14
38895 1 0.03
38909 12 0.95
38933 1 0.37
38936 27 0.87
38957 3 0.98
38959 26 0.47
38960 4 0.47
38983 26 0.62
38996 26 0.14
39008 17 0.6
39013 11 0.51
39018 29 0.16
39038 6 0.73
39068 2 0.07
39071 4 0.27
39099 28 0.3
39108 17 0.7
39113 14 0.83
39119 15 0.25
39141 26 0.05
39148 27 0.79
39149 11 0.11
39223 22 0.26
39266 20 0.66
39272 0 0.37
39277 9 0.68
39309 29 0.82
39320 10 0.03
39328 9 0.28
39333 24 0.96
39350 11 0.84
39363 21 0.9
39368 5 0.91
39404 23 0.88
39424 20 0.78
39433 17 0.63
39446 6 0.85
39452 1 0.85
39464 0 0.44
39468 27 0.63
39504 17 0.77
39552 0 1.0
39559 1 0.37
39564 1 0.39
39588 27 0.1
39618 14 0.28
39635 20 0.04
39637 5 0.61
39693 13 0.33
39721 27 0.47
39722 7 0.08
39724 1 0.63
39776 7 0.67
39790 3 0.91
39791 6 0.38
39804 21 0.84
39865 7 0.67
39998 3 0.43
40007 7 0.83
40010 3 0.5
40021 4 0.79
40030 27 0.77
40060 10 0.8
40062 26 0.98
40084 12 0.23
40102 12 0.72
40116 6 0.96
40128 22 0.75
40132 14 0.99
40143 9 0.97
40256 24 0.04
40318 28 0.05
40401 0 0.05
40404 5 0.04
40464 24 0.4
40467 27 0.44
40473 12 0.29
40475 28 0.71
40489 14 0.71
40499 10 0.16
40512 29 0.27
40516 23 0.56
40541 0 0.75
40604 19 0.7
40617 7 0.57
40627 6 0.2
40632 11 0.83
40665 19 0.13
40696 24 0.77
40717 0 0.99
40726 26 0.05
40734 29 0.35
40735 9 0.41
40754 14 0.58
40775 2 0.38
40779 5 0.75
40790 16 0.96
40793 6 0.93
40802 6 0.81
40823 4 0.77
40825 23 0.25
40826 26 0.83
40839 12 0.0
40843 2 0.01
40844 1 0.9
40858 8 0.34
40870 12 0.27
40885 14 0.42
40904 28 0.64
40905 8 0.91
40920 20 0.92
40921 13 0.14
40939 19 0.98
40948 15 0.23
40982 21 0.14
41006 10 0.97
41042 8 0.04
41048 27 0.72
41065 27 0.17
41080 2 0.66
41085 0 0.88
41108 18 0.25
41109 0 0.97
41125 6 0.11
41126 1 0.94
41143 16 0.29
41149 20 0.81
41164 18 0.63
41182 14 0.71
41184 16 0.27
41185 11 0.24
41194 11 0.3
41222 27 0.72
41270 8 0.13
41319 7 0.87
41322 19 0.69
41330 16 0.16
41339 29 0.58
41353 16 0.55
41379 18 0.03
41399 19 0.71
41402 4 0.42
41414 26 0.98
41420 3 0.97
41454 22 0.85
41457 13 0.89
41460 22 0.09
41467 14 0.75
41477 2 0.2
41544 2 0.94
41573 7 0.25
41593 18 0.66
41596 24 0.39
41650 14 0.71
41710 9 0.09
41748 19 0.93
41764 8 0.66
41771 29 0.7
41825 5 0.02
41862 9 0.88
41868 3 0.93
41871 15 0.37
41887 14 0.54
41954 26 0.57
41974 28 0.13
42015 16 0.13
42037 9 0.82
42051 9 0.97
42054 9 0.1
42060 23 0.9
42067 11 0.77
42084 17 0.88
42089 22 0.7
42102 10 0.64
42114 26 0.92
42116 25 0.86
42120 10 0.63
42157 14 0.49
42164 18 0.02
42176 4 0.36
42185 24 0.04
42201 13 0.99
42203 19 0.65
42214 17 0.11
42260 4 0.38
42287 22 0.82
42288 24 0.79
42308 2 0.02
42315 0 0.09
42347 4 0.32
42412 25 0.25
42426 29 0.85
42442 9 0.59
42445 26 0.08
42451 28 0.72
42466 24 0.3
42501 17 0.25
42516 20 0.3
42522 18 0.51
42541 22 0.87
42574 7 0.53
42590 13 0.1
42637 11 0.15
42640 17 0.03
42648 9 0.39
42649 11 0.91
42663 13 0.15
42673 4 0.64
42694 9 0.04
42725 23 0.68
42728 18 0.81
42734 29 0.76
42736 18 0.76
42745 10 0.97
42772 15 0.54
42779 21 0.25
42781 7 0.59
42813 0 0.42
42830 26 0.91
42836 7 0.83
42857 0 0.15
42890 8 0.17
42899 21 0.71
42942 11 0.76
42944 16 0.94
42953 1 0.65
42966 1 0.92
42980 16 0.58
42985 17 0.56
43019 13 0.71
43067 7 0.79
43073 20 0.54
43088 23 0.14
43122 3 0.93
43128 7 0.67
43141 29 0.68
43152 15 0.73
43176 0 0.79
43180 28 0.64
43211 9 0.72
43218 4 0.96
43224 0 0.79
43228 19 0.21
43252 5 0.99
43254 5 0.5
43257 16 0.63
43274 14 0.07
43285 24 0.93
43298 4 0.85
43331 27 0.32
43334 27 0.31
43337 0 0.92
43370 3 0.1
43376 11 0.59
43422 5 0.1
43423 29 0.59
43436 16 0.91
43438 29 0.29
43439 4 0.36
43472 13 0.98
43518 22 0.6
43545 19 0.04
43550 24 0.0
43584 28 0.29
43620 21 0.15
43623 16 0.06
43637 20 0.66
43660 15 0.7
43685 17 0.45
43692 7 0.86
43768 25 0.94
43777 24 0.15
43778 28 0.12
43813 4 0.0
43815 28 0.28
43832 11 0.26
43835 0 0.17
43839 26 0.02
43845 15 0.3
43883 26 0.81
43889 6 0.85
43917 18 0.33
43931 8 0.53
43937 16 0.04
43952 12 0.22
43953 14 0.42
43960 13 0.19
43972 25 0.98
44006 24 0.61
44007 6 0.37
44009 16 0.86
44019 1 0.78
44020 22 0.38
44026 0 0.36
44048 7 0.98
44071 4 0.81
44099 20 0.69
44115 11 0.62
44156 3 0.91
44174 15 0.14
44175 24 0.21
44187 5 0.26
44195 8 0.81
44209 23 0.96
44214 4 0.39
44237 6 0.08
44255 26 0.77
44260 15 0.53
44262 8 0.02
44273 23 1.0
44286 15 0.64
44314 23 0.34
44330 13 0.99
44341 29 0.94
44347 22 0.74
44421 25 0.63
44536 16 0.2
44575 20 0.6
44578 15 0.71
44605 22 0.31
44634 14 0.37
44644 0 0.35
44646 16 0.49
44654 19 0.16
44665 15 0.99
44693 2 0.4
44798 21 0.97
44825 6 0.44
44835 9 0.53
44838 26 0.82
44851 29 0.65
44968 18 0.61
44972 21 0.74
44979 18 0.64
44989 13 0.8
45003 15 0.46
45020 19 0.4
45022 20 0.05
45033 1 0.62
45045 10 0.41
45050 22 0.77
45072 24 0.72
45099 18 0.44
45115 20 0.94
45131 14 0.37
45140 5 0.25
45160 12 0.52
45214 22 0.34
45237 5 0.87
45242 27 0.14
45247 6 0.52
45280 3 0.79
45302 8 0.88
45341 0 0.26
45342 12 0.07
45378 4 0.01
45395 19 0.61
45442 21 0.86
45448 20 0.37
45454 4 0.73
45482 28 0.73
45490 29 0.5
45501 4 0.38
45548 1 0.83
45570 17 0.09
45580 24 0.53
45601 3 0.57
45603 10 0.67
45611 11 0.1
45639 24 0.4
45659 7 0.81
45681 29 0.14
45683 10 0.16
45693 20 0.7
45706 3 0.6
45712 3 0.78
45718 22 0.38
45768 22 0.29
45779 28 0.17
45795 20 0.52
45796 2 0.49
45816 15 0.64
45836 13 0.63
45841 16 0.56
45856 20 0.18
45857 6 0.41
45859 28 0.27
45900 15 0.71
45903 19 0.44
45926 4 0.85
45945 13 0.39
45952 6 0.53
45989 4 0.64
45991 24 0.86
45999 5 0.21
46021 22 0.49
46041 8 0.58
46043 27 0.25
46070 28 0.82
46116 5 0.67
46163 25 0.43
46167 10 0.17
46168 23 0.28
46189 5 0.57
46203 18 0.53
46211 7 0.11
46238 28 0.35
46268 4 0.6
46271 25 0.12
46285 14 0.49
46319 5 0.17
46348 10 0.84
46383 28 0.2
46400 15 0.69
46408 10 0.35
46419 23 0.95
46479 3 0.95
46505 9 0.53
46527 16 0.25
46535 28 0.92
46542 21 0.88
46544 16 0.93
46554 14 0.83
46585 28 0.01
46589 8 0.31
46593 1 0.57
46606 16 0.57
46625 19 0.48
46633 25 0.9
46638 27 0.32
46661 9 0.04
46663 17 0.26
46672 10 0.56
46673 24 0.35
46684 12 0.07
46735 6 0.69
46778 29 0.23
46800 19 0.35
46807 4 0.03
46824 2 0.75
46828 2 0.92
46847 15 0.22
46854 5 0.98
46882 1 0.25
46886 5 0.96
46929 15 0.39
46932 0 0.66
46947 13 0.54
46964 20 0.86
46988 23 0.2
46993 0 0.75
46994 4 0.67
47011 1 0.5
47046 14 0.15
47054 7 0.96
47060 9 0.21
47066 7 0.64
47080 13 0.45
47087 6 0.81
47138 4 0.2
47158 4 0.53
47166 5 0.42
47212 11 0.34
47276 12 0.01
47283 0 0.72
47348 3 0.36
47352 10 0.75
47369 12 0.41
47388 23 0.86
47415 13 0.05
47420 10 0.59
47464 27 0.42
47470 22 0.62
47478 13 0.75
47503 21 0.68
47504 12 0.01
47519 8 0.92
47536 10 0.09
47547 8 0.87
47572 7 0.11
47637 26 0.01
47639 11 0.28
47646 21 0.8
47687 13 0.92
47698 1 0.38
47702 11 0.56
47724 2 0.06
47725 18 0.17
47741 7 0.36
47752 19 0.22
47760 21 0.7
47768 28 0.24
47786 2 0.03
47795 0 0.61
47827 4 0.21
47828 16 0.13
47868 17 0.9
47895 5 0.29
47927 6 0.78
47940 14 0.47
47976 17 0.92
48001 5 0.0
48011 9 0.85
48014 7 0.92
48032 19 0.81
48050 2 0.85
48059 25 0.0
48116 4 0.61
48124 7 0.28
48126 10 0.66
48131 11 0.67
48146 11 0.58
48148 2 0.75
48187 7 0.17
48202 17 0.71
48208 27 0.93
48212 23 0.93
48272 23 0.95
48317 17 0.33
48365 11 0.49
48375 19 0.36
48408 18 0.41
48412 25 0.56
48436 26 0.16
48464 14 0.84
48513 23 0.26
48516 17 0.77
48518 12 0.09
48530 5 0.76
48542 11 0.66
48566 0 0.4
48567 4 0.16
48572 3 0.09
48590 19 0.99
48600 18 0.67
48620 0 0.85
48639 15 0.21
48642 9 0.78
48657 3 0.91
48658 23 0.77
48689 9 0.39
48696 28 0.08
48750 11 0.64
48758 27 0.93
48763 21 0.91
48768 0 0.82
48783 25 0.29
48792 22 0.03
48799 16 0.0
48819 0 0.17
48824 28 0.93
48849 23 0.46
48867 11 0.77
48870 12 0.55
48917 22 0.32
48978 7 0.25
49026 1 0.65
49052 9 0.61
49054 19 0.44
49055 25 0.83
49058 14 0.06
49074 29 0.85
49077 18 0.06
49097 26 0.07
49101 25 0.93
49129 10 0.31
49155 19 0.07
49168 14 0.5
49173 4 0.86
49182 21 0.88
49222 7 0.93
49248 10 0.66
49259 24 0.91
49283 22 0.87
49300 12 0.71
49366 18 0.27
49419 2 0.84
49436 22 0.72
49473 25 0.84
49497 26 0.0
49498 21 0.31
49521 22 0.32
49536 7 0.37
49541 5 0.35
49546 29 0.83
49548 28 0.81
49580 3 0.03
49581 16 0.6
49584 14 0.39
49599 14 0.02
49604 6 0.23
49616 1 0.21
49632 0 0.07
49650 11 0.76
49662 25 0.49
49677 18 0.5
49697 25 0.53
49742 5 0.44
49748 13 0.73
49749 26 0.22
49759 0 0.59
49761 10 0.91
49771 0 0.56
49787 26 0.11
49795 2 0.3
49821 2 0.38
49870 7 0.49
49874 12 0.46
49953 18 0.86
49967 18 0.88
49969 28 0.84
49978 2 0.6
49982 24 0.39
