15 24 0.61
19 5 0.76
21 1 0.79
42 0 0.59
44 10 0.86
52 24 0.21
56 3 0.74
67 19 0.91
80 22 0.32
81 4 0.26
82 11 0.29
88 1 0.53
90 29 0.25
94 14 0.61
110 25 0.72
125 13 0.22
143 5 0.42
146 1 0.61
150 26 0.49
164 8 0.55
180 8 0.69
196 10 0.07
202 3 0.08
205 24 0.44
210 2 0.34
213 6 0.57
220 11 0.58
223 19 0.94
237 15 0.68
252 17 0.14
273 12 0.5
281 22 0.52
282 18 0.56
287 25 0.53
289 28 0.02
292 15 0.28
295 23 0.72
297 21 0.43
305 23 0.53
324 17 0.18
333 16 0.79
341 7 0.4
354 28 0.89
356 26 0.79
360 8 0.64
368 15 0.78
375 0 0.5
379 11 0.52
383 27 0.51
394 17 0.21
397 22 0.64
415 29 0.03
419 11 0.81
428 28 0.47
448 27 0.93
461 26 0.25
481 28 0.17
482 3 0.37
496 4 0.03
500 11 0.03
506 20 0.12
511 26 0.59
542 20 0.05
569 18 0.26
571 14 0.3
578 16 0.71
592 5 0.5
597 19 0.66
599 7 0.32
601 4 0.59
613 18 0.85
622 4 0.31
625 25 0.17
628 15 0.56
634 2 0.69
639 18 0.04
662 14 0.21
667 16 0.04
668 28 0.44
674 7 0.12
687 27 0.58
699 27 0.38
704 26 0.15
736 4 0.97
756 1 0.98
763 10 0.93
769 4 0.01
773 5 0.03
778 28 0.76
796 11 0.53
809 24 0.67
850 28 0.67
855 9 0.44
861 18 0.94
862 3 0.73
866 15 0.41
867 14 0.95
869 17 0.27
876 14 0.76
889 2 0.12
897 6 0.04
900 15 0.51
909 3 0.4
921 27 0.9
926 7 0.15
928 1 0.23
934 12 0.13
935 16 0.3
943 22 0.28
959 28 0.71
968 28 0.57
969 8 0.13
971 5 0.22
995 24 0.21
997 25 0.92
1001 23 0.29
1026 27 0.41
1028 10 0.37
1030 0 0.04
1044 18 0.0
1047 15 0.98
1048 3 0.04
1052 0 0.69
1053 19 0.4
1063 22 0.76
1075 7 0.92
1088 6 0.32
1096 11 0.71
1111 29 0.11
1127 19 0.58
1141 20 0.35
1154 21 0.99
1158 16 0.05
1164 7 0.69
1167 22 0.85
1174 24 0.77
1187 29 0.86
1188 22 0.23
1205 11 0.61
1210 13 0.4
1225 15 0.59
1227 2 0.47
1229 0 0.82
1240 3 0.87
1241 12 0.0
1242 4 0.58
1261 26 0.74
1263 7 0.67
1270 14 0.77
1276 4 0.92
1283 27 0.25
1287 12 0.6
1295 24 0.02
1298 5 0.74
1302 13 0.28
1312 4 0.03
1317 14 0.14
1322 21 0.98
1325 25 0.69
1335 23 0.53
1342 2 0.67
1346 1 0.72
1352 28 0.8
1358 26 0.87
1368 20 0.75
1370 0 0.31
1372 29 0.83
1374 5 0.93
1378 11 0.45
1381 0 0.94
1382 12 0.13
1395 13 0.16
1400 11 0.83
1459 2 0.06
1466 18 0.33
1467 20 0.61
1476 18 0.59
1480 13 0.0
1481 25 0.41
1483 26 0.68
1498 22 0.35
1513 7 0.38
1527 25 0.57
1555 18 0.67
1566 24 0.19
1571 1 0.0
1585 19 0.86
1590 5 0.47
1598 20 0.11
1641 1 0.13
1669 2 0.19
1672 27 0.3
1678 2 0.64
1693 5 0.35
1697 15 0.45
1701 9 0.09
1709 10 0.96
1726 11 0.33
1731 14 0.17
1739 9 0.6
1767 1 0.73
1773 28 0.74
1776 19 0.51
1790 19 0.14
1791 18 0.87
1794 16 0.54
1829 28 0.91
1847 13 0.07
1852 26 0.58
1860 12 0.38
1861 29 0.55
1872 0 0.38
1898 19 0.99
1902 2 0.41
1933 3 0.87
1946 27 0.19
1953 0 0.19
1954 25 0.16
1957 5 0.34
1959 1 0.43
1961 11 0.14
1967 18 0.84
1977 23 0.57
1978 13 0.18
1982 19 0.94
2000 18 0.92
2001 25 0.95
2004 1 0.23
2014 10 0.2
2022 29 0.67
2049 10 0.19
2051 28 0.72
2052 4 0.54
2054 1 0.93
2055 2 0.58
2062 23 0.46
2070 21 0.46
2071 13 0.75
2075 18 0.36
2079 22 0.75
2084 23 0.91
2098 27 0.18
2110 11 0.93
2117 8 0.08
2121 24 0.96
2124 4 0.44
2145 24 0.86
2151 23 0.72
2162 28 0.11
2168 6 0.98
2181 22 0.47
2190 27 0.97
2194 8 0.09
2208 11 0.24
2215 7 0.01
2229 5 0.72
2247 13 0.54
2251 27 0.02
2272 18 0.77
2278 18 0.92
2289 0 0.33
2301 11 0.12
2314 3 0.92
2323 14 0.87
2332 23 0.26
2338 10 0.69
2347 9 0.72
2353 13 0.6
2365 27 0.36
2366 9 0.57
2387 7 0.23
2389 9 0.81
2396 4 0.81
2401 24 0.96
2434 5 0.14
2445 12 0.46
2469 29 0.16
2477 8 0.23
2482 15 0.52
2495 5 0.62
2519 14 0.17
2532 17 0.87
2553 3 0.5
2556 19 0.46
2575 25 0.67
2582 4 0.68
2585 4 0.09
2588 14 0.36
2590 7 0.01
2593 2 0.28
2603 15 0.64
2604 18 0.74
2613 9 0.5
2616 8 0.64
2618 29 0.9
2623 3 0.38
2625 9 0.78
2633 23 0.79
2649 12 0.17
2656 18 0.69
2658 4 0.1
2665 23 0.24
2672 25 0.9
2689 2 0.79
2690 26 0.26
2714 24 0.78
2729 27 0.48
2734 6 0.12
2739 11 0.5
2740 5 0.95
2744 9 0.8
2745 24 0.2
2758 16 0.84
2778 14 0.8
2787 14 0.88
2792 0 0.01
2799 2 0.57
2805 13 0.89
2812 3 0.88
2848 17 0.87
2857 0 0.14
2871 24 0.73
2872 4 0.95
2890 28 0.29
2899 7 0.31
2901 24 0.54
2903 10 0.77
2906 1 0.77
2907 11 0.39
2912 25 0.98
2914 26 0.9
2916 14 0.02
2929 22 0.43
2933 2 0.11
2959 29 0.58
2964 6 0.72
2972 16 0.94
2988 24 0.59
3002 10 0.94
3016 4 0.53
3037 12 0.86
3038 9 0.91
3042 14 0.26
3049 8 0.38
3054 22 0.89
3058 6 0.19
3064 23 0.58
3071 12 0.2
3072 15 0.76
3078 20 0.0
3082 29 0.98
3087 6 0.08
3094 20 0.67
3097 13 0.68
3102 28 0.01
3103 2 0.01
3104 28 0.53
3125 13 0.02
3127 7 0.8
3129 19 0.64
3149 28 0.81
3150 13 0.31
3171 15 0.76
3180 10 0.86
3185 7 0.71
3189 12 0.45
3209 3 0.28
3226 4 0.97
3227 3 0.88
3232 20 0.48
3244 2 0.67
3251 0 0.81
3264 10 0.55
3287 12 0.9
3322 12 0.85
3342 20 0.99
3349 8 0.41
3358 27 0.74
3362 7 0.12
3380 10 0.99
3388 20 0.35
3398 2 0.57
3405 13 0.93
3407 28 0.95
3410 6 0.92
3417 6 0.37
3421 19 0.85
3423 29 0.64
3428 21 0.48
3429 22 0.87
3453 21 0.19
3456 18 0.93
3464 24 0.81
3478 24 0.19
3480 19 0.98
3511 25 0.83
3524 8 0.38
3542 12 0.28
3547 0 0.52
3554 2 0.2
3578 7 0.14
3635 23 0.93
3640 15 0.24
3641 25 0.37
3653 28 0.94
3656 25 0.28
3669 16 0.64
3671 19 0.34
3678 3 0.91
3683 1 0.11
3691 28 0.7
3701 0 0.45
3710 13 0.44
3711 2 0.13
3751 22 0.79
3765 1 0.26
3787 14 0.76
3790 2 0.19
3799 0 0.47
3807 9 0.45
3813 9 0.29
3818 2 0.49
3833 1 0.53
3836 25 0.37
3838 29 0.43
3840 1 0.92
3844 0 0.75
3858 3 0.54
3863 19 0.38
3874 0 0.08
3878 28 0.14
3884 12 0.65
3892 4 0.17
3899 2 0.93
3922 9 0.71
3950 22 0.4
3952 11 0.94
3954 19 1.0
3970 22 0.32
3974 3 0.68
3975 29 0.28
3980 5 0.54
3986 26 0.4
3989 20 0.17
3997 26 0.97
4010 6 0.02
4014 17 0.98
4035 8 0.31
4036 8 0.4
4040 26 0.98
4070 29 0.51
4076 13 0.21
4078 25 0.72
4083 19 0.39
4097 10 0.46
4103 7 0.64
4110 14 0.69
4123 4 0.63
4124 20 0.03
4135 3 0.99
4136 16 0.47
4154 11 0.76
4180 11 0.91
4186 12 0.74
4187 19 0.04
4199 10 0.45
4216 12 0.51
4237 17 0.08
4239 3 0.98
4245 3 0.72
4261 14 0.91
4267 20 0.48
4273 22 0.85
4277 20 0.77
4279 17 0.31
4283 27 0.72
4288 11 0.96
4299 14 0.48
4319 26 0.04
4322 16 0.42
4328 1 0.89
4334 23 0.49
4344 16 0.14
4351 7 0.15
4357 28 0.9
4378 25 0.63
4407 9 0.54
4411 5 0.91
4424 12 0.47
4434 26 0.32
4442 13 0.43
4444 22 0.49
4451 28 0.08
4466 12 0.23
4474 26 0.44
4497 13 0.99
4504 6 0.26
4505 0 0.3
4533 19 0.02
4558 4 0.31
4559 9 0.2
4568 10 0.08
4606 1 0.75
4614 3 0.16
4618 16 0.79
4623 17 0.15
4631 14 0.66
4656 20 0.11
4669 12 0.69
4671 24 0.12
4689 2 0.87
4693 4 0.04
4712 29 0.97
4715 25 0.82
4717 4 0.03
4733 12 0.01
4747 27 0.35
4756 7 0.11
4763 23 0.38
4766 17 0.35
4773 17 0.51
4774 11 0.88
4785 24 0.31
4801 7 1.0
4803 2 0.14
4809 0 0.35
4814 25 0.09
4820 7 0.36
4827 1 0.62
4849 14 0.62
4852 3 0.84
4882 28 0.43
4887 2 0.29
4899 27 0.09
4906 25 0.36
4913 19 0.79
4955 0 0.75
4970 20 0.16
4978 7 0.47
4982 26 0.64
4988 0 0.7
4995 1 0.07
