27 22 0.51
30 24 0.15
31 27 0.71
49 26 0.78
50 16 0.42
51 27 0.5
78 29 0.7
85 21 0.5
87 27 0.83
100 6 0.55
104 23 0.36
110 20 0.99
114 4 0.46
119 2 0.99
124 5 0.7
129 5 0.21
139 25 0.84
143 2 0.59
157 3 0.31
172 3 0.95
174 23 0.39
181 20 0.46
182 29 0.03
188 25 0.38
201 27 0.03
203 6 0.78
215 9 0.12
223 1 0.31
231 5 0.45
232 6 0.96
234 5 0.83
256 17 0.54
289 1 0.08
299 1 0.44
300 23 0.73
308 5 0.23
321 25 0.4
328 29 0.53
346 0 0.82
353 13 0.69
367 17 0.74
368 2 0.32
379 4 0.37
381 24 0.18
382 4 0.12
400 11 0.31
422 6 0.04
429 1 0.93
432 26 0.06
445 11 0.73
448 1 0.87
449 13 0.11
455 7 0.9
477 3 0.79
482 16 0.23
483 8 0.88
502 7 0.45
509 7 0.68
549 29 0.73
557 25 0.15
567 3 0.99
580 15 0.27
588 24 0.82
619 9 0.32
632 29 0.37
636 29 0.54
645 11 0.2
674 3 0.83
691 27 0.13
700 15 0.21
705 22 0.57
714 23 0.76
715 28 0.62
720 10 0.84
724 5 0.06
729 18 0.92
730 10 0.4
731 0 0.49
746 0 0.34
757 9 0.73
769 0 0.33
772 3 0.07
782 3 0.31
784 8 0.05
801 27 0.39
814 23 0.87
816 28 0.54
824 19 0.12
827 21 0.04
836 16 0.79
845 28 0.29
854 14 0.74
856 9 0.99
862 2 0.12
869 13 0.64
887 2 0.93
899 0 0.72
916 7 0.56
936 23 0.68
938 2 0.82
948 17 0.72
957 26 0.61
968 16 0.58
987 23 0.03
994 18 0.14
1007 18 0.22
1009 1 1.0
1014 12 0.91
1021 24 0.15
1045 22 0.43
1077 19 0.92
1106 0 0.46
1109 28 0.82
1110 4 0.34
1126 11 0.48
1147 17 0.78
1157 1 0.14
1164 13 0.84
1172 10 0.36
1182 17 0.92
1185 23 0.42
1190 19 1.0
1193 19 0.4
1199 22 0.08
1218 21 0.19
1223 1 0.06
1232 5 0.19
1234 6 0.66
1239 24 0.96
1244 25 0.93
1249 12 0.84
1261 11 0.28
1279 22 0.28
1281 4 0.52
1288 16 0.1
1315 12 0.56
1326 14 0.52
1339 28 0.64
1345 0 0.23
1374 14 0.12
1377 29 0.36
1380 5 0.74
1385 13 0.42
1389 23 0.72
1396 10 0.6
1398 17 0.88
1435 1 0.81
1437 15 0.92
1439 19 0.14
1445 10 0.96
1453 14 0.31
1459 22 0.96
1479 17 0.07
1486 25 0.82
1489 27 0.61
1512 4 0.18
1518 17 0.76
1519 0 0.79
1524 23 0.03
1533 6 0.83
1535 0 0.32
1540 2 0.51
1547 20 0.73
1560 0 0.71
1563 29 0.49
1577 24 0.58
1582 9 0.82
1633 12 0.4
1645 6 0.12
1663 16 0.71
1676 21 0.5
1685 6 0.71
1687 1 0.48
1696 0 0.42
1703 7 0.18
1715 5 0.25
1730 0 0.89
1740 15 0.03
1749 2 0.01
1757 28 0.87
1781 2 0.26
1791 27 0.11
1798 1 0.54
1807 9 0.58
1813 25 0.46
1825 14 0.68
1836 27 0.39
1849 3 0.83
1867 15 0.29
1873 23 1.0
1907 29 0.64
1926 25 0.97
1935 7 0.27
1936 2 0.04
1939 14 0.88
1943 1 0.32
1946 4 0.42
1957 6 0.42
1960 19 0.16
1961 18 0.8
1964 1 0.9
1976 1 0.58
1985 7 0.32
1991 7 0.24
2021 11 0.33
2023 28 0.17
2027 15 0.61
2030 27 0.59
2046 6 0.06
2047 20 0.73
2053 24 0.54
2067 18 0.77
2071 16 0.1
2087 28 0.61
2093 5 0.82
2114 10 0.75
2117 6 0.66
2133 7 0.64
2149 4 0.38
2163 18 0.19
2170 0 0.75
2176 8 0.2
2178 23 0.64
2204 4 0.49
2218 25 0.87
2231 29 0.71
2232 11 0.82
2233 22 0.41
2250 14 0.68
2252 1 0.19
2259 7 0.67
2284 19 0.88
2292 4 0.43
2294 15 0.52
2323 27 0.69
2325 4 0.63
2328 11 0.84
2331 22 0.17
2334 15 0.87
2339 9 0.13
2340 17 0.78
2350 27 0.43
2354 11 0.16
2374 24 0.28
2385 2 0.81
2390 6 0.76
2394 18 0.39
2397 8 0.76
2431 22 0.85
2450 12 0.19
2466 19 0.1
2478 14 0.94
2490 4 0.21
2494 1 0.13
2507 23 0.16
2511 9 0.24
2525 3 0.73
2536 4 0.26
2537 7 0.43
2540 0 0.68
2543 3 0.38
2544 16 0.05
2548 9 0.44
2553 4 0.85
2555 23 0.8
2584 28 0.93
2585 24 0.7
2586 24 0.72
2589 25 0.13
2590 6 0.24
2609 19 0.25
2612 16 0.41
2624 19 0.18
2628 23 0.25
2630 1 0.82
2631 3 0.9
2637 18 0.79
2649 2 0.18
2662 18 0.38
2675 13 0.56
2676 20 0.5
2681 15 0.19
2694 6 0.11
2703 4 0.92
2714 3 0.12
2719 23 0.8
2720 0 0.68
2725 17 0.01
2734 16 0.2
2736 12 0.66
2737 19 0.66
2744 17 0.84
2756 7 0.34
2759 9 0.86
2761 3 0.64
2762 18 0.86
2781 22 1.0
2802 25 0.56
2816 25 0.86
2823 25 0.58
2833 16 0.23
2839 1 0.61
2845 23 0.91
2858 21 0.86
2866 7 0.22
2893 8 0.07
2897 13 0.17
2921 21 0.08
2923 20 0.6
2925 3 0.56
2926 0 0.41
2940 23 0.53
2943 2 0.85
2969 8 0.91
2971 28 0.75
2979 19 0.71
2988 5 0.26
2998 7 0.28
3017 12 0.54
3032 10 0.13
3041 11 0.46
3059 7 0.02
3075 15 0.67
3078 2 0.79
3080 4 0.77
3091 6 0.32
3093 25 0.79
3118 28 0.09
3120 1 0.53
3126 29 0.97
3133 8 0.95
3167 25 0.27
3168 28 0.52
3172 24 0.54
3183 28 0.71
3218 7 0.29
3228 26 0.32
3248 25 0.55
3259 3 0.45
3261 17 0.91
3265 19 0.53
3277 23 0.47
3284 23 0.49
3292 10 0.61
3294 5 0.57
3296 10 0.53
3303 10 0.22
3315 6 0.1
3329 13 0.32
3330 14 0.74
3335 25 0.47
3343 1 0.46
3355 22 0.37
3373 1 0.94
3392 16 0.14
3407 20 0.29
3426 11 0.73
3469 24 0.48
3472 17 0.47
3487 0 0.21
3498 29 0.45
3509 13 0.2
3520 14 0.28
3526 28 0.62
3532 14 0.77
3533 24 0.78
3535 17 0.48
3550 3 0.24
3554 4 0.25
3555 17 0.87
3557 24 0.68
3562 5 0.7
3564 5 0.65
3587 3 0.81
3596 21 0.62
3599 15 0.65
3616 4 0.65
3630 3 0.35
3635 6 0.8
3649 18 0.48
3667 19 0.17
3673 5 0.2
3674 22 0.5
3677 25 0.55
3679 22 0.73
3689 1 0.23
3703 6 0.54
3709 25 0.56
3713 16 0.64
3715 28 0.15
3718 21 0.67
3720 6 0.72
3722 13 0.82
3723 22 0.25
3725 21 0.09
3763 18 0.08
3770 21 0.73
3775 6 0.23
3783 17 0.7
3795 27 0.01
3801 19 0.1
3823 25 0.3
3834 16 0.86
3835 19 0.0
3858 21 0.14
3877 13 0.82
3879 6 0.83
3895 16 0.65
3907 11 0.13
3926 19 0.53
3948 14 0.32
3954 22 0.12
3957 20 0.42
3967 11 0.77
3980 4 0.58
3982 15 0.44
3987 6 0.22
3988 2 0.05
3992 11 0.77
3995 28 0.35
3996 11 0.8
3998 14 0.73
4003 29 0.71
4008 3 0.14
4009 2 0.84
4012 21 0.33
4026 10 0.9
4030 4 0.11
4031 19 0.63
4037 14 0.01
4045 0 0.47
4056 10 0.4
4057 13 0.58
4059 29 0.81
4064 6 0.63
4068 6 0.35
4082 1 0.21
4087 22 0.65
4091 21 0.99
4098 15 0.71
4102 13 0.7
4108 22 0.04
4112 19 0.3
4113 9 0.48
4124 18 0.05
4152 22 0.67
4160 17 0.37
4176 23 0.69
4182 2 0.38
4187 12 0.07
4195 23 0.4
4204 18 0.6
4219 5 0.05
4245 7 0.88
4249 9 0.96
4253 21 0.16
4258 29 0.52
4260 8 0.11
4264 10 0.87
4314 17 0.73
4318 29 0.57
4322 7 0.49
4328 0 0.74
4330 18 0.69
4336 15 0.32
4339 20 0.79
4352 17 0.97
4361 26 0.41
4365 12 0.12
4375 15 0.02
4387 13 0.43
4400 3 0.82
4407 8 0.69
4417 18 0.33
4418 22 0.08
4425 29 0.36
4429 20 0.16
4443 5 0.51
4449 25 0.71
4456 23 0.37
4462 1 0.22
4465 10 0.05
4476 15 0.07
4493 7 0.93
4510 17 0.21
4517 24 0.68
4524 13 0.68
4530 2 0.7
4534 5 0.58
4539 6 0.97
4550 3 0.82
4551 0 0.6
4554 25 0.5
4559 4 0.21
4562 15 0.44
4571 6 0.12
4572 16 0.41
4583 24 0.96
4590 0 0.06
4596 11 0.5
4604 20 0.07
4605 23 0.63
4606 20 0.09
4609 8 0.99
4613 4 0.16
4620 15 0.87
4633 13 0.3
4690 18 0.06
4695 7 0.28
4709 8 0.89
4717 24 0.83
4721 8 0.2
4723 28 0.84
4727 19 0.05
4742 18 0.92
4764 16 0.55
4780 26 0.93
4783 3 0.48
4797 16 0.66
4803 20 0.46
4816 29 0.78
4828 12 0.32
4849 1 0.56
4856 22 0.68
4860 9 0.32
4867 21 0.0
4872 14 0.25
4874 8 0.85
4883 13 0.06
4884 5 0.17
4887 8 0.5
4891 0 0.76
4954 2 0.74
4959 25 1.0
4982 0 0.56
4990 7 0.87
5000 8 0.65
5013 3 0.78
5021 14 0.52
5025 13 0.83
5031 14 0.95
5062 19 0.28
5072 14 0.87
5077 10 0.53
5090 18 0.42
5091 7 0.62
5097 20 0.26
5101 29 0.76
5108 2 0.79
5109 18 0.58
5135 8 0.25
5140 21 0.72
5178 13 0.97
5191 1 0.16
5205 20 0.71
5211 27 0.72
5218 6 0.7
5221 12 0.68
5222 16 0.13
5239 28 0.98
5261 28 0.69
5273 25 0.09
5281 8 0.71
5291 4 0.38
5303 24 0.27
5350 3 0.19
5351 5 0.43
5361 25 0.51
5370 27 0.28
5372 0 0.71
5378 0 0.87
5382 10 0.28
5404 23 0.79
5406 27 0.4
5412 19 0.61
5416 10 0.35
5423 17 0.68
5430 2 0.39
5437 2 0.98
5450 7 0.53
5452 20 0.75
5461 21 0.59
5492 19 0.9
5495 26 0.29
5499 16 0.0
5524 1 0.42
5552 27 0.12
5559 27 0.53
5560 24 0.19
5562 25 0.03
5564 5 0.54
5567 7 0.07
5569 5 0.19
5574 14 0.11
5589 5 0.03
5598 10 0.94
5599 18 0.44
5626 27 0.64
5644 2 0.16
5649 11 0.05
5651 5 0.69
5653 22 0.83
5656 8 0.71
5672 17 0.08
5681 20 0.65
5684 26 0.17
5685 0 0.05
5701 21 0.55
5703 11 0.12
5704 7 0.68
5707 15 0.18
5709 1 0.08
5722 24 0.1
5737 7 0.5
5746 22 0.87
5751 21 0.83
5760 14 0.39
5762 4 0.03
5766 16 0.15
5768 6 0.11
5778 2 0.22
5781 1 0.17
5804 13 0.22
5813 0 0.92
5814 10 0.79
5827 19 0.23
5833 4 0.42
5834 18 0.82
5837 25 0.09
5847 9 0.25
5852 28 0.04
5871 27 0.14
5877 27 0.64
5883 22 0.04
5893 28 0.9
5903 10 0.18
5916 23 0.56
5931 15 0.01
5952 15 0.68
5966 13 0.47
5987 10 0.97
5999 0 0.37
6004 0 0.78
6017 24 0.29
6019 12 0.28
6030 10 0.15
6036 14 0.72
6037 29 0.58
6043 10 0.5
6048 0 0.7
6072 20 0.96
6081 3 0.37
6089 13 0.03
6093 12 0.58
6102 4 0.72
6128 16 0.01
6137 9 0.92
6140 22 0.55
6150 22 0.35
6162 26 0.15
6163 4 0.32
6184 21 0.92
6191 2 0.4
6197 21 0.24
6208 25 0.38
6210 4 0.03
6221 29 0.04
6227 26 0.07
6230 6 0.09
6255 29 0.61
6263 0 0.38
6286 11 0.39
6291 26 0.9
6309 1 0.98
6310 2 0.57
6322 18 0.99
6340 13 0.03
6344 19 0.69
6345 28 0.37
6348 20 0.35
6367 19 0.33
6378 10 0.22
6380 2 0.16
6387 15 0.81
6393 20 0.09
6394 13 0.64
6410 13 0.99
6429 15 1.0
6443 6 0.82
6444 16 0.4
6445 20 0.57
6447 16 0.84
6469 28 0.8
6473 20 0.39
6478 1 0.39
6499 7 0.99
6505 6 0.89
6510 19 0.13
6521 10 0.09
6522 5 0.5
6527 19 0.41
6531 4 0.98
6534 5 0.81
6562 12 0.93
6607 23 0.95
6617 24 0.94
6619 1 0.82
6620 21 0.98
6621 21 0.35
6637 11 0.66
6646 18 0.18
6672 24 0.29
6682 23 0.69
6685 24 0.38
6697 8 0.97
6728 17 0.52
6738 11 0.31
6749 25 0.67
6753 22 0.84
6757 19 0.62
6772 9 0.04
6779 19 0.66
6781 16 0.43
6786 19 0.4
6803 28 0.59
6822 4 0.06
6829 6 0.08
6865 19 0.05
6866 3 0.08
6869 5 0.93
6877 23 0.75
6883 17 0.96
6891 5 0.38
6903 0 0.46
6909 22 0.45
6920 7 0.91
6954 20 0.31
6960 18 0.87
6978 14 0.1
6989 25 0.48
6999 25 0.29
7032 8 0.4
7041 13 0.36
7044 17 0.18
7061 20 0.35
7065 19 0.33
7068 29 0.04
7082 8 0.1
7128 27 0.84
7130 27 0.16
7138 11 0.97
7147 6 1.0
7149 16 0.37
7158 28 0.17
7164 11 0.78
7166 4 0.29
7173 14 0.55
7175 26 0.99
7176 23 0.36
7201 5 0.67
7208 13 0.09
7218 23 0.71
7223 26 0.99
7231 24 0.71
7232 23 0.51
7256 7 0.04
7257 15 0.9
7258 19 0.86
7261 19 0.72
7280 26 0.26
7295 12 0.08
7326 18 0.23
7337 11 0.68
7357 24 0.32
7367 14 0.08
7395 14 0.1
7411 5 0.86
7416 4 0.48
7446 24 0.76
7448 10 0.91
7461 1 0.48
7465 17 0.9
7472 0 0.33
7482 16 0.19
7490 2 0.07
7491 12 0.67
7494 2 0.02
7495 0 0.48
7499 7 0.67
7517 9 0.66
7525 13 0.77
7529 10 0.48
7541 11 0.9
7544 26 0.63
7552 2 0.11
7561 3 0.11
7587 11 0.98
7615 27 0.76
7622 12 0.69
7626 20 0.64
7627 24 0.8
7642 18 0.43
7657 27 0.32
7666 11 0.11
7667 18 0.95
7670 27 0.84
7673 28 0.96
7687 26 0.19
7708 14 0.67
7710 20 0.35
7724 24 0.99
7739 23 0.03
7741 9 0.57
7757 20 0.39
7765 12 0.84
7790 29 0.4
7791 4 0.89
7792 12 0.08
7793 28 0.26
7802 26 0.62
7829 19 0.35
7839 18 0.77
7840 29 0.31
7860 26 0.01
7863 19 0.48
7876 13 0.9
7913 25 0.01
7931 21 0.54
7933 27 0.57
7934 11 0.65
7936 9 0.55
7946 18 0.66
7972 25 0.27
7981 21 0.03
8000 5 0.01
8002 14 0.92
8014 16 0.92
8033 23 0.83
8036 2 0.43
8050 6 0.54
8051 15 0.23
8055 16 0.74
8071 2 0.64
8083 7 0.41
8085 8 0.99
8087 9 0.54
8099 14 0.96
8113 6 0.45
8129 20 0.24
8142 12 0.85
8153 22 0.97
8155 0 0.03
8158 19 0.07
8164 16 0.63
8209 23 0.46
8212 22 0.12
8217 24 0.79
8221 1 0.84
8223 20 0.84
8237 26 0.94
8242 12 0.5
8250 5 0.8
8268 21 0.16
8273 29 0.78
8279 16 0.08
8294 8 0.79
8307 24 0.43
8314 4 0.63
8317 26 0.49
8329 8 0.34
8346 2 0.31
8350 8 0.62
8351 20 0.16
8359 15 0.03
8368 10 0.72
8374 16 0.67
8382 9 0.69
8383 5 0.01
8398 8 0.01
8429 28 0.56
8431 9 0.97
8448 20 0.55
8451 20 0.07
8455 27 0.01
8460 16 0.76
8479 6 0.72
8498 8 0.83
8501 29 0.19
8516 16 0.13
8518 2 0.86
8525 22 0.85
8552 6 0.07
8557 25 0.68
8559 16 0.36
8562 9 0.81
8593 3 0.53
8597 3 0.09
8612 3 0.71
8616 3 0.1
8635 3 0.26
8668 14 0.98
8678 29 0.33
8684 7 0.54
8685 26 0.31
8687 12 0.68
8703 28 0.65
8724 2 0.5
8728 25 0.58
8733 16 0.89
8743 26 0.2
8744 22 0.22
8746 13 0.26
8747 15 0.46
8761 7 0.88
8773 2 0.39
8779 18 0.33
8781 28 0.26
8783 1 0.54
8787 24 0.31
8798 29 0.28
8800 15 0.97
8803 6 0.73
8812 23 0.31
8829 28 0.1
8838 9 0.3
8846 3 0.72
8854 18 0.73
8865 29 0.78
8867 28 0.71
8873 25 0.24
8874 24 0.18
8884 24 0.34
8895 6 0.41
8896 15 0.02
8897 19 0.25
8918 28 0.79
8919 0 0.93
8929 26 0.45
8932 13 0.11
8949 6 0.85
8961 0 0.74
8964 16 0.43
8967 23 0.35
8971 10 0.9
8983 18 0.78
8987 2 0.69
8995 15 0.8
9018 4 0.64
9031 3 0.9
9043 10 0.5
9050 21 0.18
9062 2 0.08
9085 24 0.99
9086 19 0.99
9091 6 0.27
9126 5 0.79
9127 6 0.85
9138 10 0.92
9142 4 0.3
9169 17 0.02
9194 28 0.6
9195 25 0.44
9197 5 0.75
9198 19 0.23
9199 14 0.58
9230 29 0.94
9233 10 0.5
9237 11 0.25
9243 26 0.08
9249 4 0.06
9255 7 0.66
9256 6 0.37
9261 25 0.81
9263 5 0.47
9269 13 0.51
9275 21 0.54
9278 26 0.11
9307 27 0.88
9312 3 0.81
9330 19 0.31
9335 12 0.46
9351 21 0.12
9357 9 0.78
9364 18 0.78
9390 9 0.22
9400 2 0.68
9419 0 0.57
9460 13 0.07
9462 28 0.79
9473 19 0.84
9480 27 0.16
9485 13 0.25
9491 23 0.2
9521 29 0.08
9535 18 0.96
9564 0 0.09
9580 1 0.66
9583 12 0.28
9595 22 0.95
9602 29 0.04
9620 10 0.79
9631 0 0.68
9647 28 0.89
9649 7 0.53
9653 25 0.31
9657 19 0.79
9665 28 0.71
9678 3 0.67
9692 1 0.23
9708 24 0.56
9719 9 0.09
9724 21 0.17
9730 5 0.4
9731 7 0.42
9734 11 0.48
9750 14 0.93
9755 1 0.83
9761 0 0.57
9766 18 0.24
9782 24 0.41
9784 10 0.11
9798 21 0.3
9804 21 0.25
9819 28 0.11
9824 28 0.56
9839 14 0.01
9841 8 0.48
9851 5 0.01
9854 17 0.86
9862 15 0.88
9872 11 0.96
9884 26 0.86
9891 11 0.62
9892 23 0.33
9902 29 0.71
9907 2 0.73
9917 21 0.52
9921 21 0.53
9924 21 0.93
9942 19 0.34
9949 28 0.38
9968 20 0.3
9978 23 0.2
10005 2 0.62
10008 23 0.58
10014 8 0.11
10023 21 0.21
10026 25 0.28
10028 15 0.78
10033 16 0.19
10036 20 0.73
10051 13 0.04
10052 1 0.67
10062 28 0.99
10078 10 0.02
10086 5 0.35
10107 1 0.56
10118 14 0.9
10146 6 0.25
10159 26 0.57
10175 18 0.1
10178 16 0.69
10181 14 0.29
10185 12 0.21
10187 3 0.55
10192 29 0.03
10205 28 0.77
10210 26 0.89
10211 17 0.69
10223 1 0.98
10240 14 0.58
10277 22 0.86
10292 20 0.81
10303 17 0.64
10310 25 0.57
10320 27 0.97
10331 26 0.01
10345 2 0.91
10348 24 0.12
10356 22 0.26
10377 29 0.2
10393 4 0.62
10404 19 0.23
10409 6 0.85
10427 13 0.01
10441 10 0.94
10451 1 0.94
10455 13 0.71
10462 13 0.61
10467 7 0.96
10477 20 0.61
10479 19 0.38
10483 1 0.5
10484 26 0.5
10485 1 0.5
10486 8 0.51
10496 9 0.82
10498 7 0.63
10506 5 0.63
10515 12 0.1
10522 2 0.49
10530 12 0.83
10548 16 0.6
10559 20 0.25
10581 15 0.4
10598 14 0.78
10623 20 1.0
10627 10 0.48
10628 13 0.82
10651 6 0.79
10652 11 0.06
10654 27 0.53
10666 20 0.61
10677 3 0.32
10691 5 0.69
10733 16 0.8
10737 12 0.64
10748 26 0.03
10760 14 0.87
10767 8 0.19
10777 10 0.22
10784 23 0.28
10795 1 0.26
10797 13 0.28
10798 25 0.26
10810 21 0.03
10822 7 0.82
10844 29 0.17
10850 15 0.52
10856 6 0.74
10871 4 0.13
10877 23 0.24
10879 2 0.28
10881 12 0.74
10894 29 0.24
10904 19 0.0
10908 4 0.22
10924 20 0.07
10937 17 0.43
10946 3 0.68
10958 12 0.74
10959 26 0.29
10966 1 0.54
10967 18 0.23
10976 12 0.16
10980 12 0.89
10992 23 0.0
10993 24 0.67
10995 15 0.97
11018 4 0.2
11020 14 0.76
11029 16 0.69
11033 7 0.36
11035 0 0.21
11045 7 0.17
11047 7 0.15
11066 27 0.8
11071 22 0.99
11075 13 1.0
11092 18 0.57
11100 18 0.37
11101 4 0.52
11107 6 0.25
11108 19 0.36
11127 27 0.18
11137 16 0.69
11139 2 0.87
11144 2 0.48
11145 20 0.24
11154 28 0.61
11162 23 0.74
11173 18 0.31
11203 15 0.23
11209 29 0.39
11225 20 0.5
11233 27 0.91
11244 8 0.73
11245 17 0.92
11257 19 0.13
11259 29 0.67
11264 2 0.74
11273 8 0.71
11276 17 0.19
11341 29 0.52
11350 0 0.54
11352 6 0.23
11358 3 0.14
11361 9 0.43
11363 13 0.96
11368 0 0.63
11383 3 0.61
11385 25 0.02
11388 18 0.46
11397 5 0.56
11407 21 0.28
11412 26 0.32
11427 15 0.57
11438 13 0.32
11446 26 0.67
11447 1 0.95
11451 17 0.58
11458 19 0.37
11460 5 0.75
11476 0 0.3
11480 22 0.61
11516 12 0.47
11518 5 0.31
11541 17 0.39
11557 1 0.66
11559 18 0.09
11575 27 0.43
11585 18 0.97
11619 3 0.64
11633 2 0.13
11639 11 0.09
11648 3 0.17
11662 5 0.4
11667 0 0.71
11677 15 0.79
11698 8 0.45
11706 20 0.24
11707 4 0.98
11714 17 0.33
11733 1 0.31
11744 11 0.93
11747 14 0.96
11750 8 0.86
11766 0 0.76
11775 11 0.33
11782 11 0.25
11792 12 0.05
11808 3 0.7
11811 23 0.37
11817 18 0.76
11821 27 0.54
11844 24 0.49
11865 21 0.27
11872 21 0.56
11902 16 0.57
11904 1 0.47
11916 2 0.2
11917 1 0.97
11926 25 0.17
11927 18 0.04
11939 6 0.86
11943 14 0.62
11952 26 0.74
11963 26 0.66
11976 26 0.19
11977 13 0.29
11978 16 0.72
11980 29 0.69
11982 7 0.92
11988 1 0.68
12000 1 0.43
12001 22 0.63
12014 11 0.98
12017 15 0.07
12023 8 0.94
12035 28 0.5
12044 18 0.23
12050 10 0.32
12060 7 0.19
12071 29 0.31
12072 0 0.64
12073 11 0.58
12088 23 0.48
12117 0 0.51
12124 4 0.63
12133 9 0.69
12167 9 0.88
12169 29 0.66
12177 5 0.53
12178 12 0.92
12192 16 0.69
12216 18 0.28
12224 4 0.33
12230 26 0.3
12243 18 0.57
12271 28 0.23
12274 8 0.7
12275 20 0.11
12299 12 0.77
12303 10 0.61
12311 11 0.83
12321 2 0.84
12323 27 0.11
12326 5 0.17
12332 3 0.97
12336 16 0.96
12378 9 0.15
12385 27 0.56
12387 21 0.94
12389 9 0.1
12402 23 0.72
12417 28 0.83
12428 27 0.38
12437 26 0.18
12461 6 0.92
12483 11 0.53
12484 13 0.15
12520 1 0.98
12521 9 0.87
12529 21 0.79
12539 6 0.45
12549 14 0.74
12561 20 0.61
12566 9 0.97
12570 23 0.69
12574 4 0.01
12575 2 0.88
12579 28 0.83
12587 0 0.3
12596 27 0.39
12613 28 0.95
12623 15 0.78
12627 27 0.6
12648 21 0.37
12668 25 0.88
12673 2 0.25
12690 22 0.81
12693 3 0.96
12698 14 0.37
12699 27 0.64
12744 12 0.27
12746 11 0.48
12753 17 0.17
12757 5 0.06
12768 19 0.07
12786 24 0.61
12805 13 0.29
12820 21 0.06
12828 13 0.19
12846 13 0.95
12860 26 0.51
12879 11 0.87
12886 12 0.16
12889 22 0.82
12896 21 0.35
12897 9 0.71
12900 11 0.75
12901 0 0.62
12917 2 0.92
12919 28 0.92
12921 3 0.04
12923 4 0.32
12930 4 0.88
12937 4 0.58
12953 26 0.68
12957 25 0.48
12959 27 0.14
12968 28 0.47
12969 25 0.1
12989 7 0.97
12992 19 0.73
12999 0 0.96
13001 13 0.19
13021 27 0.91
13026 10 0.01
13043 20 0.82
13046 8 0.69
13049 1 0.36
13067 20 1.0
13070 24 0.8
13071 7 0.31
13079 2 0.37
13085 15 0.53
13105 24 0.33
13130 1 0.47
13133 26 0.67
13147 2 0.47
13163 23 0.76
13176 12 0.37
13191 2 0.2
13206 13 0.04
13218 11 0.91
13223 15 0.75
13251 5 0.14
13256 15 0.78
13262 0 0.3
13272 13 0.02
13276 15 0.67
13294 0 0.93
13303 24 0.58
13305 10 0.73
13309 16 0.96
13329 9 0.37
13331 25 0.49
13344 27 0.64
13352 4 0.9
13357 12 0.28
13374 24 0.41
13381 25 0.12
13397 10 0.53
13401 19 0.87
13404 1 0.14
13409 24 0.28
13411 28 0.16
13416 22 0.05
13431 13 0.35
13451 25 0.2
13462 2 0.24
13467 29 0.75
13471 10 0.59
13492 18 0.38
13498 10 0.15
13502 23 0.66
13527 24 0.35
13531 27 0.94
13538 29 0.57
13546 4 0.25
13553 3 0.45
13563 4 0.93
13567 29 0.61
13577 5 0.69
13582 15 0.66
13590 4 0.12
13596 4 0.16
13599 18 0.13
13609 6 0.57
13619 1 0.34
13635 6 0.85
13653 12 0.72
13654 20 0.19
13679 24 0.33
13685 23 0.99
13691 12 0.14
13692 5 0.8
13703 0 0.57
13712 21 0.8
13723 14 0.77
13741 20 0.65
13764 20 0.75
13765 4 0.43
13769 14 0.15
13788 29 0.45
13792 11 0.39
13803 26 0.34
13807 4 0.53
13814 8 0.34
13823 2 0.77
13842 29 0.04
13869 22 0.35
13880 6 0.29
13885 1 0.67
13888 24 0.66
13903 9 0.79
13924 17 0.98
13945 22 0.71
13946 25 0.67
13959 1 0.92
13963 24 0.18
13968 0 0.29
13986 23 0.21
13988 9 0.18
13991 9 0.61
13999 22 0.96
14001 21 0.71
14023 15 0.52
14030 15 0.48
14033 26 0.23
14035 12 0.34
14037 25 0.66
14052 26 0.02
14058 29 0.97
14063 21 0.29
14064 29 0.44
14065 16 0.33
14066 7 0.72
14070 29 0.3
14081 19 0.78
14103 0 0.54
14108 23 0.98
14127 22 0.78
14147 18 0.38
14148 15 0.22
14154 29 0.4
14165 0 0.25
14173 26 0.92
14179 8 0.2
14183 24 0.44
14200 0 0.24
14232 29 0.25
14233 2 0.86
14235 13 0.22
14243 16 0.52
14255 14 0.16
14265 3 0.88
14272 19 0.06
14287 10 0.07
14291 17 0.14
14309 2 0.6
14317 7 0.22
14331 21 0.76
14344 1 0.63
14348 10 0.15
14385 4 0.71
14387 16 0.54
14399 29 0.34
14412 27 0.9
14432 17 0.78
14443 0 0.01
14446 2 0.42
14450 13 0.78
14451 24 0.47
14461 19 0.99
14466 28 0.9
14470 13 0.09
14485 20 0.07
14488 6 0.71
14499 24 0.8
14503 19 0.79
14556 1 0.61
14558 20 0.51
14566 29 0.08
14568 4 0.51
14591 24 0.53
14597 2 0.18
14608 29 0.41
14610 0 0.95
14614 10 0.43
14616 16 0.92
14624 14 0.91
14628 24 0.98
14630 2 0.39
14632 26 0.44
14637 25 0.35
14643 18 0.64
14674 14 0.13
14682 0 0.34
14714 7 0.62
14736 27 0.8
14761 27 0.78
14765 7 0.04
14779 1 0.15
14780 22 0.95
14793 17 0.12
14824 9 0.81
14833 23 0.72
14838 29 0.58
14839 10 0.0
14864 24 0.71
14865 13 0.27
14868 18 0.46
14871 11 0.75
14885 20 0.4
14886 19 0.05
14887 26 0.29
14904 12 0.11
14918 2 0.53
14921 21 0.25
14922 5 0.42
14925 10 0.77
14929 21 0.66
14939 14 0.26
14987 19 0.48
14995 1 0.34
14996 13 0.77
14999 21 0.55
15005 18 0.25
15025 27 0.55
15029 16 0.31
15045 4 0.28
15062 11 0.1
15063 17 0.32
15064 2 0.81
15070 0 0.24
15119 12 0.48
15123 9 0.08
15148 7 0.96
15161 6 0.96
15223 6 0.02
15242 9 0.48
15244 29 0.69
15252 20 0.56
15263 27 0.57
15269 28 0.05
15292 11 0.12
15312 26 0.02
15316 23 0.07
15327 4 0.39
15330 13 0.64
15362 12 0.03
15371 17 0.19
15381 22 0.52
15403 3 0.68
15411 6 0.03
15420 3 0.41
15448 28 0.63
15449 23 0.88
15455 15 0.53
15466 3 0.81
15467 20 0.6
15471 25 0.9
15478 11 0.9
15482 22 0.85
15488 23 0.85
15494 14 0.57
15497 0 0.07
15503 5 0.93
15530 1 0.24
15561 25 0.38
15587 26 0.13
15592 15 0.29
15602 18 0.88
15613 8 0.65
15615 5 0.96
15617 6 0.24
15621 6 0.69
15624 17 0.98
15648 11 0.41
15670 12 0.09
15678 7 0.06
15689 18 0.36
15697 26 0.54
15698 1 0.58
15707 26 0.77
15720 8 0.66
15729 25 0.88
15730 26 0.83
15736 11 0.72
15775 12 0.08
15777 8 0.26
15800 11 0.26
15801 20 0.89
15802 3 0.1
15809 27 0.49
15812 1 0.59
15829 20 0.8
15841 13 0.65
15860 15 0.8
15869 17 0.15
15872 19 0.66
15874 23 0.33
15876 27 0.96
15884 26 0.31
15886 4 0.04
15893 5 0.22
15899 4 0.03
15909 8 0.14
15912 22 0.39
15928 14 0.83
15940 16 0.15
15941 2 0.82
15945 7 0.09
15946 26 0.6
15961 0 0.56
15964 20 0.08
15976 6 0.6
15978 22 0.05
15985 23 0.07
16013 27 0.51
16018 29 0.41
16023 3 0.41
16027 3 0.09
16029 28 0.48
16032 20 0.22
16033 17 0.12
16035 17 0.04
16044 17 0.34
16060 15 0.52
16067 2 0.77
16072 29 0.08
16077 12 0.39
16080 1 0.18
16087 15 0.28
16089 12 0.12
16110 1 0.13
16116 0 0.61
16137 25 0.96
16138 5 0.32
16142 3 0.71
16151 6 0.77
16167 25 0.38
16174 19 0.89
16176 16 0.78
16186 17 0.34
16193 18 0.59
16200 0 0.66
16229 20 0.29
16241 6 0.85
16242 28 0.29
16243 2 0.55
16247 23 0.89
16251 9 0.68
16267 24 0.06
16268 11 0.9
16271 14 0.26
16276 21 0.4
16286 24 0.69
16296 27 0.9
16302 27 0.11
16306 10 0.99
16307 11 0.01
16309 29 0.52
16328 13 0.13
16330 14 0.11
16346 11 0.67
16373 11 0.03
16378 6 0.19
16380 21 0.86
16408 15 0.14
16409 29 0.39
16426 6 0.34
16427 19 0.46
16458 14 0.12
16460 25 0.22
16464 27 0.61
16467 29 0.23
16492 18 0.67
16507 22 0.43
16530 1 0.71
16550 12 0.03
16563 29 0.03
16579 27 0.29
16584 16 0.87
16585 15 0.97
16595 3 0.45
16599 23 0.68
16602 24 0.91
16605 8 0.43
16622 25 0.67
16631 17 0.07
16635 5 0.96
16647 18 0.9
16655 0 0.07
16656 6 0.56
16657 14 0.05
16677 7 0.87
16679 14 0.41
16719 13 0.89
16728 24 0.27
16739 11 0.71
16750 24 0.72
16752 5 0.36
16757 25 0.58
16762 6 0.08
16784 22 0.22
16813 13 0.49
16825 12 0.72
16841 27 0.65
16856 15 0.38
16864 20 0.8
16881 0 1.0
16885 27 0.48
16887 9 0.83
16900 10 0.44
16905 16 0.61
16922 13 0.04
16923 22 0.6
16944 14 0.19
16959 25 0.13
16967 24 0.29
16971 12 0.22
16972 8 0.11
16995 12 0.97
16996 19 0.48
17001 16 0.27
17006 17 0.7
17013 15 0.74
17015 12 0.35
17023 5 0.55
17025 1 0.02
17035 13 0.85
17053 29 0.09
17058 15 0.89
17059 10 0.4
17076 16 0.96
17086 14 0.46
17095 26 0.18
17100 24 0.46
17116 6 0.43
17123 24 0.5
17134 10 0.95
17135 28 0.1
17147 23 0.44
17148 5 0.63
17159 0 0.42
17164 8 0.12
17185 19 0.28
17193 26 0.76
17198 18 0.41
17199 25 0.79
17209 24 0.8
17215 29 0.19
17218 5 0.65
17229 1 0.04
17259 0 0.55
17262 1 0.25
17263 13 0.8
17301 13 0.4
17313 3 0.45
17320 26 0.0
17338 18 0.1
17343 16 0.39
17345 15 0.03
17348 13 0.28
17365 25 0.4
17394 21 0.11
17401 5 0.36
17407 12 0.68
17410 22 0.23
17436 20 0.24
17443 10 0.61
17444 25 0.09
17453 17 0.1
17464 18 0.93
17465 28 0.02
17466 14 0.61
17475 20 0.37
17487 6 1.0
17488 1 0.2
17503 6 0.24
17507 25 0.57
17518 29 0.11
17525 0 0.76
17555 19 0.34
17561 20 0.06
17566 18 0.0
17579 20 0.35
17585 27 0.71
17599 1 0.82
17602 11 0.52
17604 23 0.05
17609 14 0.37
17637 3 0.15
17656 10 0.88
17659 16 0.41
17666 28 0.02
17678 10 0.45
17688 16 0.56
17698 15 0.73
17706 20 0.71
17710 28 0.42
17720 12 0.13
17722 21 0.99
17731 24 0.03
17742 21 0.97
17744 14 0.57
17767 1 0.71
17774 6 0.98
17788 22 0.59
17799 8 0.16
17802 27 0.58
17810 1 0.29
17817 11 0.02
17820 16 0.46
17831 14 0.71
17843 12 0.42
17858 26 0.24
17863 2 0.87
17866 14 0.22
17867 16 0.31
17871 12 0.33
17874 27 0.34
17892 15 0.28
17948 24 0.51
17964 17 0.41
17966 11 0.79
17977 18 0.78
17978 28 0.9
17982 3 0.25
17986 15 0.23
17992 7 0.16
17994 19 0.85
18003 20 0.69
18007 9 0.62
18009 4 0.54
18019 15 0.01
18022 14 0.28
18027 22 0.36
18029 14 0.88
18034 10 0.85
18038 13 0.58
18056 22 0.97
18062 12 0.24
18079 24 0.93
18097 2 0.95
18109 7 0.37
18112 8 0.08
18118 11 0.56
18123 15 0.54
18138 11 0.94
18141 20 0.62
18148 22 0.86
18177 26 0.93
18181 20 0.01
18191 4 0.21
18196 15 0.37
18211 25 0.97
18238 25 0.72
18250 19 0.49
18253 25 0.12
18261 2 0.68
18263 12 0.17
18264 4 0.58
18268 20 0.01
18270 13 0.86
18275 17 0.39
18278 5 0.21
18294 12 0.8
18299 28 0.11
18316 25 0.08
18322 12 0.57
18346 25 0.79
18363 29 0.66
18372 12 0.7
18380 16 0.71
18382 4 0.57
18387 1 0.2
18389 5 0.72
18392 14 0.64
18405 15 0.03
18406 27 0.36
18412 20 0.13
18417 24 0.79
18422 2 0.79
18430 11 0.56
18439 6 0.87
18446 14 0.75
18465 24 0.91
18491 22 0.95
18517 17 0.14
18542 15 0.13
18545 12 0.63
18556 27 0.22
18558 9 0.97
18566 6 0.87
18569 11 0.33
18581 1 0.89
18586 23 0.77
18600 17 0.85
18610 11 0.56
18628 13 0.9
18637 7 0.97
18657 18 0.52
18665 6 0.49
18671 27 0.1
18692 13 0.48
18707 25 0.84
18708 9 0.93
18711 1 0.57
18717 13 0.84
18723 14 0.52
18741 1 0.26
18749 14 0.09
18754 9 0.6
18755 13 0.5
18790 0 0.64
18800 14 0.55
18804 8 0.78
18812 1 0.25
18821 18 0.96
18831 28 0.2
18865 17 0.83
18873 21 0.07
18891 28 0.42
18915 1 0.58
18919 8 0.9
18923 19 0.08
18941 1 0.69
18944 12 0.31
18948 5 0.27
18957 4 0.29
18968 15 0.15
18970 14 0.28
18990 1 0.69
18996 18 0.84
19008 15 0.06
19009 1 0.1
19015 29 0.86
19017 14 0.45
19025 18 0.26
19026 14 0.83
19031 7 0.71
19054 8 0.53
19061 23 0.09
19073 29 0.19
19097 7 0.37
19105 27 0.71
19107 28 0.12
19118 20 0.75
19126 4 0.56
19136 3 0.48
19145 12 0.4
19146 14 0.18
19177 2 0.32
19187 24 0.15
19189 28 0.87
19192 11 0.16
19198 3 0.29
19204 25 0.97
19207 29 0.91
19217 3 0.32
19236 25 0.61
19238 7 0.59
19239 13 0.89
19248 19 0.54
19255 8 0.32
19298 14 0.01
19299 20 0.55
19301 18 0.16
19329 21 0.31
19335 18 0.77
19347 26 0.13
19353 4 0.08
19384 9 0.5
19395 16 0.34
19412 10 0.23
19421 1 0.59
19422 10 0.83
19426 10 0.21
19443 8 0.39
19444 19 0.78
19451 8 0.63
19459 0 0.56
19469 14 0.35
19477 6 0.85
19486 15 0.54
19499 28 0.76
19517 9 0.8
19524 6 0.94
19530 9 0.5
19546 11 0.55
19556 0 0.87
19595 29 0.52
19603 23 0.48
19618 3 0.75
19666 22 0.54
19670 7 0.01
19674 7 0.23
19693 10 0.12
19703 12 0.75
19709 5 0.42
19712 5 0.46
19715 24 0.45
19720 13 0.99
19733 20 0.53
19734 1 0.54
19740 14 0.04
19741 4 0.24
19752 2 0.98
19755 4 0.65
19758 24 0.33
19765 21 0.24
19785 19 0.52
19798 21 0.84
19807 19 0.08
19811 28 0.41
19818 15 0.06
19828 21 0.93
19841 22 0.05
19899 15 0.3
19909 19 0.11
19918 13 0.2
19924 14 0.3
19940 19 0.42
19969 28 0.3
19977 2 0.23
19983 1 0.0
19988 10 0.15
19998 6 0.32
20012 2 0.66
20014 8 0.13
20038 4 0.12
20042 29 0.62
20050 12 0.24
20055 7 0.08
20058 13 0.35
20073 0 0.34
20074 27 0.5
20078 29 0.05
20097 26 0.66
20102 0 0.9
20142 21 0.94
20153 23 0.45
20162 3 0.45
20166 22 0.12
20175 19 0.92
20183 22 0.19
20185 4 0.34
20205 4 0.47
20226 6 0.71
20231 12 0.68
20244 13 0.81
20245 2 0.22
20258 3 0.56
20269 25 0.81
20280 12 0.36
20282 12 0.13
20294 8 0.16
20296 2 0.47
20303 14 0.11
20312 18 0.63
20316 0 0.68
20336 28 0.53
20340 13 0.72
20344 16 0.25
20350 3 0.12
20361 26 0.01
20362 12 0.12
20365 3 0.55
20368 18 0.92
20383 17 0.3
20393 27 0.99
20394 13 0.49
20411 27 0.39
20431 15 0.65
20440 21 0.23
20443 10 0.72
20444 5 0.25
20483 17 0.76
20492 23 1.0
20504 26 0.5
20533 19 0.44
20534 2 0.58
20542 12 0.45
20544 16 0.22
20564 29 0.29
20575 9 0.99
20585 13 0.48
20595 11 0.74
20598 22 0.09
20601 20 0.87
20602 9 0.54
20604 24 0.58
20607 29 0.65
20611 5 0.81
20613 10 0.93
20632 12 0.95
20638 14 0.56
20661 27 0.24
20665 10 0.91
20679 12 0.9
20680 26 0.81
20698 0 0.17
20702 3 0.5
20712 8 0.43
20715 21 0.64
20716 12 0.45
20719 6 0.96
20725 26 0.82
20730 10 0.01
20734 16 0.49
20747 9 0.36
20749 8 0.02
20760 6 0.72
20761 27 0.85
20779 23 0.56
20791 24 0.16
20793 7 0.57
20812 19 0.55
20818 13 0.34
20831 18 0.29
20837 16 0.37
20838 22 0.98
20839 9 0.27
20847 6 0.85
20867 11 0.63
20868 4 0.91
20873 4 0.48
20877 21 0.43
20892 18 0.4
20904 28 0.69
20943 15 0.16
20958 18 0.93
20980 7 0.45
20982 4 0.21
20994 29 0.74
21006 20 0.72
21031 6 0.25
21044 0 0.24
21100 25 0.74
21102 7 0.13
21112 8 0.89
21143 21 0.21
21144 8 0.67
21167 12 0.9
21170 14 0.81
21177 14 0.64
21178 3 0.76
21179 24 0.62
21190 7 0.3
21212 24 0.46
21214 14 0.94
21215 27 0.81
21230 26 1.0
21234 14 0.0
21246 6 0.25
21248 25 0.65
21255 21 0.05
21258 14 0.07
21273 22 0.38
21283 13 0.69
21286 20 0.56
21295 17 0.83
21296 5 0.65
21303 23 0.81
21307 21 0.42
21321 18 0.67
21334 0 0.43
21341 8 0.33
21360 28 0.89
21372 26 0.93
21375 25 0.26
21389 2 0.2
21425 6 0.04
21445 10 0.89
21448 9 0.24
21461 13 0.79
21465 14 0.43
21476 13 0.96
21479 19 0.64
21482 12 0.01
21487 11 0.15
21498 23 0.24
21510 20 0.82
21522 22 0.03
21525 6 0.19
21537 16 0.32
21551 27 0.75
21565 8 0.57
21583 23 0.88
21586 13 0.9
21587 29 0.05
21608 24 0.93
21624 23 0.12
21626 26 0.41
21631 12 0.56
21635 28 0.08
21640 2 0.95
21642 2 0.8
21643 12 0.08
21652 16 0.08
21662 1 0.28
21667 0 0.67
21673 29 0.82
21678 5 0.87
21694 20 0.9
21695 1 0.65
21698 18 0.14
21716 21 0.84
21721 15 0.3
21722 17 0.28
21723 28 0.4
21728 1 0.29
21729 15 0.52
21730 1 0.39
21748 11 0.46
21751 26 0.45
21754 21 0.99
21759 15 0.58
21762 10 0.27
21787 20 0.56
21796 4 0.74
21799 9 0.51
21802 10 0.92
21811 18 0.4
21813 7 0.66
21826 14 0.93
21848 22 0.01
21861 14 0.3
21862 27 0.37
21866 22 0.14
21872 19 0.27
21881 8 0.6
21890 15 0.83
21894 28 0.65
21914 19 0.24
21926 9 0.85
21930 27 0.83
21935 14 0.08
21936 29 0.38
21947 21 0.49
21955 3 0.3
21956 1 0.35
21963 21 0.94
21994 28 0.93
21998 11 0.97
22034 29 0.44
22048 22 0.13
22057 27 0.71
22071 14 1.0
22089 18 0.88
22107 23 0.37
22109 15 0.38
22111 14 0.74
22116 13 0.34
22122 12 0.14
22132 29 0.76
22135 4 0.32
22144 23 0.53
22166 11 0.17
22169 0 0.63
22176 13 0.34
22178 17 0.56
22183 3 0.98
22189 11 0.77
22190 19 0.06
22202 24 0.14
22210 16 0.12
22231 9 0.64
22232 15 0.18
22233 7 0.45
22234 21 0.22
22245 12 0.03
22246 17 0.3
22255 0 0.35
22275 17 0.39
22278 19 0.5
22325 5 0.47
22332 12 0.39
22367 27 0.95
22375 1 0.87
22380 5 0.35
22381 23 0.9
22386 16 0.26
22388 10 0.04
22398 2 0.27
22413 25 0.43
22416 9 0.93
22426 15 0.41
22435 15 0.93
22436 17 0.34
22440 1 0.96
22477 17 0.57
22502 3 0.73
22523 4 0.98
22527 5 0.31
22554 27 0.75
22561 14 0.52
22569 3 0.82
22584 21 0.83
22591 12 0.7
22592 19 0.47
22611 14 0.55
22612 26 0.47
22631 19 0.21
22636 7 0.23
22647 17 0.33
22659 0 0.14
22664 20 0.46
22670 20 0.09
22673 17 0.55
22702 3 0.68
22725 11 0.09
22732 16 0.78
22740 1 0.26
22780 21 0.18
22836 10 0.21
22866 26 0.4
22877 14 0.36
22878 10 0.54
22881 4 0.99
22895 19 0.16
22903 21 0.11
22913 26 0.89
22916 26 0.5
22919 3 0.71
22949 13 0.19
22965 16 0.36
22992 24 0.15
23003 12 0.16
23005 0 0.99
23031 22 0.07
23045 24 0.02
23059 8 0.51
23060 10 0.42
23061 3 0.84
23075 2 0.18
23081 26 0.56
23082 19 0.42
23109 2 0.45
23112 3 0.29
23139 10 0.33
23147 14 0.15
23150 26 0.18
23155 14 0.25
23159 27 0.74
23160 15 0.44
23168 26 0.48
23176 23 0.4
23178 26 0.89
23184 8 0.14
23203 2 0.1
23207 13 0.99
23211 28 0.44
23234 0 0.9
23239 13 0.4
23240 23 0.05
23242 1 0.85
23244 13 0.87
23265 18 0.33
23269 27 0.89
23279 26 0.83
23281 12 0.57
23287 18 0.98
23310 4 0.51
23327 21 0.25
23328 4 0.96
23352 19 0.25
23372 20 0.28
23374 9 0.37
23375 22 0.59
23377 15 0.68
23381 9 0.64
23389 2 0.35
23391 6 0.48
23395 18 0.83
23409 14 0.36
23412 22 0.92
23418 15 0.83
23427 18 0.24
23429 4 0.89
23437 7 0.61
23439 16 0.89
23454 18 0.47
23462 6 0.65
23467 3 0.68
23473 22 0.59
23482 24 0.56
23487 5 0.4
23488 16 0.54
23493 27 0.94
23495 26 0.54
23515 25 0.42
23518 23 0.99
23547 21 0.18
23560 22 0.1
23561 23 0.03
23563 1 0.64
23565 6 0.02
23575 22 0.91
23579 0 0.88
23623 16 0.49
23631 8 0.73
23638 21 0.52
23680 16 0.38
23681 28 0.46
23682 3 0.45
23687 21 0.49
23691 7 0.04
23703 28 0.38
23705 2 0.37
23711 17 0.24
23717 29 0.03
23723 1 0.03
23737 12 0.2
23753 4 0.99
23760 13 0.83
23763 4 0.66
23766 28 0.78
23768 22 0.49
23770 17 0.51
23773 25 0.1
23803 1 0.97
23824 16 0.51
23841 26 0.81
23858 0 0.06
23859 3 0.38
23866 26 0.06
23873 1 0.73
23879 19 0.94
23892 6 0.45
23912 5 0.2
23942 16 0.1
23959 12 0.41
23977 17 0.32
23993 0 0.93
24002 21 0.14
24029 25 0.75
24034 27 0.15
24035 27 0.29
24074 15 0.47
24077 6 0.63
24079 6 0.6
24087 4 0.99
24093 6 0.19
24139 2 0.41
24158 10 0.35
24179 22 0.76
24184 2 0.44
24185 19 0.73
24193 3 0.32
24206 5 0.82
24227 3 0.86
24234 13 0.42
24252 28 0.85
24256 21 0.07
24264 24 0.73
24265 22 0.79
24266 24 0.71
24269 8 0.08
24271 14 0.59
24277 26 0.34
24285 19 0.42
24300 20 0.61
24311 18 0.69
24314 29 0.6
24334 19 0.53
24336 6 0.13
24338 27 0.47
24354 21 0.51
24359 17 0.97
24425 5 0.28
24427 28 0.96
24437 25 0.95
24442 12 0.16
24444 16 0.04
24449 18 0.59
24470 26 0.14
24475 14 0.61
24482 13 0.86
24495 2 0.82
24498 24 0.79
24499 25 0.18
24502 11 0.64
24519 24 0.01
24520 9 0.81
24532 26 0.47
24537 14 0.11
24542 10 0.39
24576 16 0.96
24630 4 0.1
24631 1 0.97
24644 7 0.68
24645 22 0.35
24656 14 0.85
24672 13 0.57
24678 5 0.48
24694 21 0.22
24717 15 0.47
24718 16 0.17
24726 11 0.03
24728 4 0.47
24730 29 0.03
24748 22 0.01
24749 6 0.64
24751 13 0.64
24758 2 0.32
24759 20 0.28
24761 20 0.63
24767 9 0.99
24768 22 0.63
24784 15 0.81
24813 13 0.8
24822 12 0.97
24824 22 0.41
24829 6 0.74
24830 14 0.6
24849 25 0.42
24858 28 0.43
24872 26 0.88
24873 5 0.81
24877 15 0.92
24880 2 0.36
24889 16 0.7
24916 12 0.55
24921 6 0.12
24933 24 0.61
24939 29 0.81
24940 10 0.08
24962 18 0.71
24963 5 0.74
24980 18 0.95
24983 29 0.58
24991 20 0.58
24999 20 0.47
25003 27 0.2
25011 9 0.81
25017 29 0.8
25029 1 0.36
25041 26 0.98
25047 16 0.31
25053 0 0.45
25059 13 0.23
25074 11 0.48
25078 0 1.0
25079 21 0.61
25089 5 0.93
25095 9 0.24
25109 15 0.91
25111 9 0.55
25112 29 0.56
25132 26 0.2
25142 10 0.25
25149 16 0.78
25150 12 0.02
25158 21 0.48
25165 25 0.72
25167 7 0.01
25168 5 0.03
25178 7 0.14
25181 18 0.24
25182 22 0.79
25185 9 0.24
25188 8 0.18
25191 19 0.75
25198 25 0.37
25202 13 0.52
25210 25 0.93
25212 29 0.89
25218 22 0.41
25221 4 0.6
25226 21 0.14
25227 6 0.72
25239 23 0.51
25252 8 0.24
25282 4 0.01
25283 12 0.53
25292 26 0.02
25294 25 0.06
25300 10 0.44
25307 0 0.53
25312 29 0.8
25344 8 0.74
25353 24 0.41
25360 15 0.44
25375 15 0.23
25385 9 0.62
25388 2 0.49
25389 8 0.88
25403 4 0.37
25415 5 0.56
25421 1 0.71
25445 2 0.18
25459 2 0.59
25475 16 0.26
25484 12 0.73
25489 6 0.35
25499 9 0.93
25507 21 0.1
25513 19 0.47
25519 16 0.11
25532 20 0.83
25533 27 0.12
25540 25 0.11
25547 2 0.01
25548 16 0.88
25551 19 0.51
25560 26 0.95
25572 15 0.09
25573 10 0.94
25589 4 0.07
25590 2 0.34
25595 20 0.41
25608 15 0.31
25620 11 0.32
25632 4 0.84
25640 11 0.4
25644 29 0.1
25658 1 0.28
25659 14 0.06
25662 18 0.09
25689 20 1.0
25703 24 0.75
25710 12 0.14
25712 28 0.04
25722 1 0.02
25724 7 0.77
25727 23 0.55
25737 4 0.59
25745 0 0.84
25748 17 0.8
25749 22 0.94
25782 15 0.88
25798 28 0.03
25810 1 0.61
25812 8 0.44
25815 1 0.22
25817 9 0.34
25841 23 0.56
25849 13 0.51
25853 20 0.16
25856 10 0.65
25860 9 0.87
25877 24 0.89
25888 0 0.89
25897 11 0.61
25917 24 0.81
25933 8 0.86
25957 13 0.18
25962 24 0.26
25974 17 0.34
25984 21 0.36
25985 13 0.26
25991 3 0.38
26022 17 0.79
26023 29 0.98
26042 21 0.21
26044 21 0.35
26063 3 0.21
26067 26 0.26
26075 1 0.18
26077 18 0.58
26079 20 0.11
26082 12 0.09
26097 12 0.67
26111 9 0.7
26118 0 0.3
26134 28 0.5
26139 9 0.7
26143 8 0.77
26146 18 0.56
26172 13 0.65
26189 12 0.44
26220 19 0.64
26231 23 0.73
26237 1 0.16
26238 25 0.16
26261 0 0.17
26270 13 0.85
26275 1 0.98
26278 13 0.18
26282 11 0.07
26298 2 0.5
26318 15 0.78
26331 24 0.82
26332 16 0.51
26337 25 0.34
26342 8 0.9
26351 5 0.17
26367 8 0.95
26375 7 0.76
26376 3 0.57
26384 15 0.04
26385 24 0.35
26388 13 0.73
26406 16 0.15
26412 19 0.1
26429 28 0.83
26437 3 0.49
26470 15 0.8
26478 23 0.93
26488 18 0.04
26489 21 0.63
26490 14 0.38
26497 5 0.01
26500 19 0.88
26508 25 0.12
26513 1 0.06
26525 0 0.99
26530 6 0.42
26540 5 0.87
26548 28 0.51
26549 24 0.78
26555 9 0.71
26556 28 0.12
26594 0 0.4
26596 19 0.14
26639 13 0.12
26640 25 0.54
26645 19 0.39
26650 10 0.31
26662 7 0.76
26674 7 0.48
26680 8 0.16
26692 24 0.16
26710 1 0.96
26713 9 0.24
26730 21 0.24
26733 23 0.22
26735 3 0.43
26770 28 0.33
26771 26 0.01
26785 27 0.44
26789 15 0.92
26798 2 0.8
26805 20 1.0
26808 14 0.07
26809 15 0.16
26823 18 0.0
26837 14 0.62
26838 2 0.15
26840 27 0.58
26844 13 0.22
26847 21 0.23
26851 12 0.26
26854 26 0.83
26855 7 0.17
26857 2 0.73
26865 5 0.42
26867 18 0.23
26868 26 0.6
26869 15 0.13
26876 10 0.65
26886 16 0.12
26897 11 0.65
26900 22 0.2
26929 19 0.13
26934 2 0.02
26935 18 0.91
26944 15 0.91
26947 20 0.36
26956 26 0.78
26960 29 0.92
26974 21 0.59
26979 16 0.73
26980 7 0.59
26986 15 0.66
27006 19 0.3
27013 19 0.79
27015 20 0.11
27040 27 0.79
27044 22 0.85
27050 2 0.14
27053 16 0.39
27062 9 0.54
27074 11 0.56
27084 1 0.09
27092 16 0.87
27093 21 0.02
27125 22 0.75
27140 9 0.22
27142 1 0.3
27151 9 0.73
27170 10 0.28
27173 11 0.79
27177 25 0.45
27255 10 0.71
27256 10 0.48
27259 28 0.82
27263 14 0.77
27265 20 0.73
27266 21 0.93
27273 18 0.33
27282 3 0.44
27285 13 0.02
27289 10 0.64
27292 17 0.75
27297 16 0.02
27303 18 0.74
27312 21 0.05
27317 8 0.19
27319 21 0.8
27322 17 0.65
27323 11 0.16
27330 8 0.01
27332 14 0.7
27337 21 0.71
27346 22 0.11
27347 17 0.7
27378 5 0.87
27385 9 0.64
27389 0 0.5
27403 1 0.94
27408 29 0.07
27411 25 0.54
27419 25 0.42
27426 4 0.53
27439 9 0.64
27443 17 0.19
27445 14 0.34
27452 24 0.58
27458 12 0.54
27461 27 0.43
27470 11 0.01
27471 16 0.32
27472 25 0.42
27483 13 0.4
27484 7 0.15
27490 27 0.86
27509 9 0.36
27510 8 0.37
27531 28 0.88
27537 18 0.76
27538 4 0.1
27542 21 0.71
27548 21 0.75
27553 26 0.67
27556 26 0.65
27557 7 0.89
27565 11 0.71
27581 0 0.18
27590 19 0.23
27593 13 0.57
27605 29 0.42
27628 22 0.24
27637 10 0.38
27644 25 0.24
27649 17 0.01
27663 12 0.78
27674 11 0.66
27680 24 0.81
27683 13 0.84
27686 0 0.29
27690 0 0.87
27694 16 0.94
27712 27 0.08
27714 27 0.72
27717 9 0.59
27726 10 0.99
27732 14 0.82
27738 22 0.82
27773 8 0.49
27776 25 0.76
27782 12 0.04
27796 15 0.17
27797 11 0.37
27812 19 0.91
27821 8 0.34
27828 4 0.89
27831 24 0.7
27846 1 0.6
27853 6 0.0
27855 6 0.93
27875 18 0.8
27881 11 0.61
27886 6 0.59
27919 27 0.11
27935 27 0.79
27943 20 0.37
27951 29 0.27
27960 11 0.88
27963 7 0.15
27971 23 0.69
27973 22 0.58
27982 7 0.48
27990 17 0.16
27992 28 0.81
28012 23 0.04
28014 29 0.44
28027 17 0.13
28030 27 0.03
28036 9 0.82
28039 20 0.09
28040 7 0.77
28052 29 0.59
28065 7 0.74
28067 14 0.98
28080 9 0.82
28082 6 0.3
28090 3 0.4
28117 0 0.59
28125 3 0.49
28136 10 0.64
28146 29 0.76
28151 13 0.71
28165 21 0.62
28174 2 0.78
28194 10 0.71
28196 20 0.17
28208 21 0.71
28210 11 0.27
28212 13 0.58
28214 29 0.27
28225 8 0.9
28243 17 0.56
28246 27 0.86
28251 17 0.46
28257 13 0.71
28260 23 0.94
28269 12 0.45
28270 8 0.06
28271 17 0.48
28275 0 0.27
28276 28 0.24
28277 11 0.75
28287 3 0.15
28289 29 0.6
28300 29 0.43
28303 17 0.99
28316 29 0.62
28317 26 0.95
28323 28 0.15
28324 18 0.18
28334 7 0.12
28336 1 0.2
28345 7 0.13
28358 15 0.44
28365 24 0.04
28366 8 0.82
28400 19 0.63
28410 20 0.92
28427 18 0.08
28436 14 0.21
28437 6 0.87
28452 8 0.21
28457 0 0.89
28460 13 0.88
28465 10 0.14
28467 23 0.81
28491 22 0.07
28497 25 0.45
28516 24 0.49
28519 28 0.64
28523 0 0.36
28529 6 0.43
28537 12 0.57
28539 11 0.26
28544 17 0.49
28552 28 0.16
28556 2 0.04
28568 22 0.6
28574 14 0.81
28598 23 0.86
28602 16 0.83
28609 8 0.44
28610 12 0.31
28614 9 0.59
28633 7 0.88
28638 21 0.04
28671 5 0.87
28672 12 0.54
28677 25 0.45
28684 2 0.88
28686 19 0.69
28707 25 0.12
28708 28 0.05
28716 18 0.84
28732 20 0.71
28737 13 0.11
28744 29 0.44
28750 7 0.51
28756 20 0.24
28761 20 0.61
28763 29 0.29
28800 18 0.66
28806 18 0.36
28817 10 0.06
28820 1 0.95
28823 3 0.78
28837 17 0.56
28840 22 0.86
28847 15 0.43
28872 20 0.12
28874 2 0.46
28888 28 0.64
28913 16 0.09
28924 9 0.68
28925 8 0.29
28942 8 0.4
28949 19 0.37
28954 27 0.19
28958 13 0.7
28959 22 0.77
28969 21 0.34
28973 14 0.07
28979 1 1.0
28993 2 0.81
28996 24 0.35
29001 4 0.08
29003 12 0.24
29004 22 0.11
29006 7 0.96
29019 24 0.17
29022 28 0.45
29023 0 0.98
29027 16 0.46
29075 28 0.39
29081 23 0.52
29155 27 0.38
29161 22 0.51
29163 13 0.6
29164 4 0.87
29169 10 0.94
29174 21 0.71
29182 23 0.85
29187 0 0.64
29193 9 0.42
29222 11 0.6
29225 3 0.71
29230 17 0.52
29243 5 0.83
29262 12 0.53
29265 20 0.69
29269 14 0.15
29272 21 0.85
29283 13 0.63
29288 15 0.31
29290 13 0.09
29302 15 0.68
29308 19 0.11
29315 5 0.83
29321 8 0.68
29329 10 0.16
29340 7 0.82
29386 8 0.15
29391 19 0.38
29400 15 0.13
29408 5 0.91
29412 8 0.25
29423 22 0.18
29455 2 0.62
29458 11 0.23
29459 6 0.01
29461 1 0.85
29480 15 0.98
29485 28 0.83
29486 4 0.15
29496 9 0.12
29503 27 0.57
29504 10 0.38
29512 11 0.82
29519 3 0.66
29524 23 0.2
29537 13 0.87
29538 20 0.87
29547 20 0.72
29567 12 0.43
29573 26 0.89
29575 11 0.49
29581 8 0.6
29586 5 0.58
29593 16 0.15
29632 11 0.72
29642 26 0.62
29644 23 0.68
29652 1 0.26
29658 22 0.86
29661 9 0.32
29692 27 0.93
29694 2 0.82
29701 20 0.45
29703 3 0.92
29735 15 0.54
29758 7 0.49
29771 24 0.32
29776 7 0.23
29799 28 0.25
29809 5 0.37
29842 15 0.43
29853 24 0.86
29855 15 0.06
29877 21 0.3
29907 12 0.98
29913 26 0.67
29916 18 0.42
29917 11 0.98
29937 5 0.15
29938 3 0.22
29939 10 0.04
29946 25 0.82
29947 23 0.05
29953 29 0.28
29978 12 0.29
29982 6 0.75
30008 25 0.31
30012 16 0.46
30024 4 0.57
30039 10 0.37
30040 22 0.44
30041 27 0.59
30048 18 0.24
30078 24 0.89
30086 20 0.65
30089 5 0.26
30090 26 0.93
30096 9 0.12
30124 27 0.93
30132 27 0.46
30134 0 0.08
30141 17 0.99
30144 29 0.98
30161 14 0.11
30167 13 0.29
30182 26 0.15
30188 12 0.9
30189 4 0.6
30190 15 0.52
30191 1 0.18
30205 6 0.08
30215 24 0.83
30227 0 0.48
30239 9 0.38
30250 22 0.7
30266 23 0.55
30273 5 0.47
30274 29 0.29
30279 0 0.41
30283 15 0.99
30286 2 0.76
30295 6 0.04
30300 9 0.4
30301 7 0.03
30321 26 0.09
30322 20 0.63
30324 11 0.72
30329 8 0.69
30347 21 0.38
30354 5 0.14
30361 8 0.59
30363 13 0.68
30380 8 0.87
30403 19 0.58
30413 0 0.84
30433 19 0.65
30439 8 0.87
30458 26 0.02
30463 21 0.77
30465 23 0.16
30471 13 0.27
30473 11 0.55
30474 23 0.72
30480 12 0.54
30490 16 0.22
30492 26 0.6
30505 1 0.52
30507 15 0.74
30508 15 0.85
30515 23 0.94
30518 1 0.59
30520 0 0.13
30523 12 0.37
30534 5 0.22
30541 21 0.48
30558 3 0.29
30562 1 0.61
30563 12 0.58
30568 28 0.58
30570 12 0.43
30581 8 0.41
30583 0 0.21
30586 18 0.4
30615 6 0.52
30642 14 0.72
30644 8 0.43
30650 27 0.12
30653 12 0.64
30689 25 0.33
30692 27 0.45
30702 2 0.06
30721 28 0.16
30741 11 0.09
30748 18 0.64
30754 0 0.88
30760 0 0.84
30763 6 0.29
30777 29 0.68
30793 13 0.43
30796 9 0.97
30804 12 0.45
30819 14 0.78
30822 20 0.22
30828 28 1.0
30831 3 0.71
30840 9 0.31
30844 18 0.23
30848 5 0.22
30850 21 0.75
30855 21 0.21
30859 17 0.16
30876 1 0.26
30898 23 0.35
30915 8 0.11
30930 4 0.86
30946 10 0.32
30947 12 0.52
30954 29 0.68
30964 22 0.11
30969 5 0.69
30970 11 0.68
31030 22 0.0
31033 25 0.47
31070 21 0.06
31084 10 0.73
31102 6 0.25
31105 17 0.56
31127 8 0.25
31128 21 0.68
31141 12 0.32
31150 9 0.86
31158 22 0.62
31161 22 0.7
31174 8 0.02
31203 13 0.35
31219 28 0.15
31223 9 0.21
31234 0 0.3
31238 14 0.15
31249 16 0.98
31257 6 0.57
31263 5 1.0
31275 9 0.21
31292 22 0.49
31293 6 0.28
31294 22 0.99
31301 7 0.1
31305 17 0.07
31307 21 0.13
31310 24 0.56
31314 20 0.1
31333 9 0.59
31335 8 0.5
31383 22 0.58
31398 5 0.57
31408 15 0.83
31432 25 0.83
31436 9 0.55
31437 13 0.38
31460 7 0.55
31500 18 0.36
31507 17 0.31
31514 22 0.91
31543 12 0.81
31560 2 0.2
31564 22 0.87
31590 23 0.4
31605 15 0.18
31606 14 0.97
31609 15 0.84
31637 20 0.31
31658 3 0.56
31661 1 0.15
31664 15 0.94
31668 3 0.43
31691 8 0.09
31718 23 0.96
31733 12 0.53
31743 1 0.38
31748 19 0.63
31758 3 0.35
31769 10 0.5
31770 8 0.33
31774 29 0.29
31796 25 0.3
31811 7 0.74
31816 12 0.4
31823 4 0.71
31845 20 0.85
31862 10 0.13
31884 18 0.66
31891 21 0.74
31907 12 0.05
31923 1 0.57
31924 25 0.28
31948 21 0.54
31960 8 0.38
31968 28 0.83
31980 13 0.23
31984 26 0.99
31993 14 0.18
32004 11 0.58
32008 2 0.5
32023 2 0.56
32054 16 0.45
32060 28 0.28
32070 10 0.18
32087 7 0.58
32097 29 0.52
32100 4 0.29
32108 21 0.79
32110 26 0.33
32111 17 0.0
32114 14 0.24
32116 18 0.83
32133 16 0.77
32135 13 0.39
32144 2 0.7
32160 14 0.69
32162 22 0.94
32163 18 0.61
32164 12 0.19
32174 4 0.51
32187 4 0.71
32189 22 0.28
32191 29 0.49
32207 5 0.81
32225 7 0.66
32234 28 0.28
32245 24 0.76
32260 0 0.09
32307 20 0.05
32324 23 0.28
32339 23 0.92
32352 23 0.07
32369 5 0.1
32371 29 0.93
32379 1 0.96
32392 22 0.13
32405 27 0.95
32431 18 0.86
32432 6 0.4
32441 22 0.14
32448 24 0.46
32472 29 0.26
32473 12 0.27
32477 14 0.94
32497 13 0.85
32505 11 0.95
32509 22 0.58
32517 4 0.95
32525 22 0.08
32528 11 0.75
32532 25 0.89
32544 22 0.51
32552 1 0.65
32556 2 0.72
32561 18 0.89
32568 26 0.67
32573 20 0.75
32590 29 0.91
32622 24 0.69
32636 13 0.94
32644 20 0.21
32648 25 0.99
32654 17 0.46
32661 10 0.75
32664 12 0.6
32669 10 0.73
32683 23 0.79
32685 5 0.6
32687 27 0.38
32688 21 0.9
32693 15 0.9
32708 4 0.31
32709 22 0.39
32731 18 0.65
32734 15 0.37
32751 11 0.52
32769 21 0.72
32792 16 0.2
32803 17 0.04
32809 24 0.05
32812 22 0.76
32817 25 0.71
32821 29 0.17
32823 27 0.07
32825 7 0.76
32831 9 0.88
32845 5 0.54
32868 5 0.92
32869 22 0.81
32889 18 0.59
32908 2 0.54
32916 17 0.65
32935 1 0.2
32940 13 0.08
32959 1 0.77
32971 22 0.25
32980 13 0.46
32999 11 0.75
33006 14 0.19
33015 28 0.33
33017 16 0.4
33025 23 0.72
33028 24 0.43
33035 11 0.63
33049 27 0.67
33052 12 0.37
33056 0 0.89
33057 26 0.34
33059 28 0.77
33074 10 0.72
33075 19 0.08
33082 16 0.6
33088 2 0.76
33103 0 0.68
33110 21 0.31
33124 27 0.75
33125 14 0.64
33127 5 0.01
33135 24 0.81
33151 21 0.62
33152 20 0.88
33165 6 0.19
33166 18 0.95
33168 6 0.86
33170 28 0.57
33172 19 0.96
33174 0 0.5
33176 1 0.42
33180 22 0.16
33185 10 0.65
33188 26 0.65
33191 18 0.43
33195 23 0.79
33200 18 0.61
33201 24 0.57
33217 6 0.64
33236 23 0.92
33243 25 0.2
33245 21 0.66
33250 28 0.16
33259 16 0.07
33260 19 0.74
33268 13 0.16
33278 23 0.76
33287 20 0.51
33293 1 0.91
33302 22 0.58
33312 22 0.27
33325 0 0.64
33331 20 0.78
33338 28 0.76
33343 14 0.99
33352 0 0.86
33361 14 0.8
33364 21 0.35
33367 23 0.88
33375 6 0.26
33416 18 0.13
33428 29 0.05
33440 3 0.32
33446 15 0.78
33479 29 0.27
33488 25 0.71
33501 21 0.46
33505 28 0.14
33512 27 0.29
33530 7 0.04
33532 1 0.32
33534 11 0.37
33540 15 0.9
33561 26 0.57
33568 0 0.28
33571 1 0.7
33577 2 0.11
33583 2 0.88
33586 4 0.82
33591 7 0.01
33594 0 0.59
33605 18 0.29
33609 12 0.56
33614 17 0.67
33622 3 0.14
33633 2 0.2
33654 22 0.75
33660 6 0.41
33667 19 0.58
33708 10 0.15
33714 6 0.87
33718 19 0.01
33719 25 0.03
33722 24 0.07
33731 21 0.36
33732 5 0.22
33744 4 0.27
33745 13 0.3
33748 3 0.51
33769 9 0.66
33774 9 0.67
33789 8 0.89
33793 3 0.47
33798 14 0.63
33804 15 0.89
33808 11 0.71
33813 3 0.65
33818 12 0.93
33821 13 0.25
33840 23 0.97
33852 3 0.14
33853 21 0.91
33855 5 0.46
33856 7 0.19
33858 7 0.76
33859 1 0.88
33871 11 0.54
33872 11 0.72
33873 16 0.93
33880 22 0.14
33884 26 0.65
33893 14 0.07
33902 10 0.06
33905 27 0.08
33922 19 0.72
33930 9 0.6
33946 13 0.78
33970 8 0.74
33983 25 0.55
33987 0 0.73
33988 4 0.9
33996 5 0.26
34026 20 0.44
34046 5 0.85
34060 15 0.95
34063 25 0.49
34066 7 0.87
34086 27 0.15
34104 7 0.22
34105 5 0.44
34107 8 0.78
34109 7 0.26
34136 27 0.56
34142 22 0.65
34150 15 0.52
34151 26 0.91
34155 18 0.7
34158 13 0.46
34167 28 0.68
34185 22 0.22
34187 21 0.33
34189 0 0.9
34196 29 0.54
34199 9 0.96
34209 2 0.39
34218 25 0.81
34230 24 0.63
34231 12 0.64
34233 29 0.34
34243 12 0.06
34245 8 0.19
34248 0 0.74
34261 4 0.04
34265 4 0.24
34279 2 0.36
34291 19 0.73
34304 9 0.72
34306 23 0.51
34350 1 0.35
34352 16 0.84
34360 13 0.3
34362 8 0.28
34365 16 0.42
34368 9 0.89
34392 26 0.26
34406 6 0.04
34416 6 0.31
34418 5 0.24
34431 9 0.24
34445 9 0.34
34466 29 0.42
34487 0 0.9
34493 27 0.04
34511 11 0.47
34514 6 0.98
34521 24 0.19
34528 2 0.47
34534 10 0.36
34536 2 0.03
34537 9 0.55
34549 7 0.91
34557 20 0.35
34567 15 0.36
34574 6 0.59
34576 21 0.49
34577 0 0.55
34581 6 0.63
34582 8 0.16
34584 26 0.67
34587 18 0.39
34593 9 0.94
34599 2 0.74
34601 29 0.71
34612 25 0.57
34617 14 0.33
34626 21 0.45
34639 17 0.36
34641 25 0.99
34649 14 0.15
34654 17 0.4
34675 19 0.5
34694 22 0.96
34725 3 0.46
34749 28 0.32
34753 23 0.2
34761 13 0.88
34771 7 0.5
34788 15 0.06
34790 15 0.19
34804 14 0.23
34805 10 0.03
34808 17 0.89
34816 3 0.26
34819 28 0.91
34835 9 0.17
34851 21 0.78
34869 17 0.61
34877 4 0.03
34885 22 0.16
34887 3 0.9
34895 26 0.28
34903 7 0.66
34921 22 0.61
34924 10 0.34
34927 21 0.38
34935 3 0.19
34952 28 0.5
34955 11 0.15
34979 7 0.24
34997 17 0.55
35004 16 0.29
35006 26 0.41
35011 20 0.78
35020 23 0.0
35021 5 0.92
35028 28 0.21
35040 15 0.59
35041 25 0.4
35057 1 0.56
35076 2 0.73
35102 18 0.22
35122 4 0.81
35132 12 0.02
35133 19 0.9
35148 12 0.41
35156 2 0.17
35158 11 0.47
35162 2 0.01
35186 25 0.17
35190 17 0.86
35206 27 0.71
35213 3 1.0
35216 1 0.02
35217 0 0.51
35219 17 0.81
35226 29 0.6
35231 7 0.03
35237 10 0.69
35245 6 0.74
35261 23 0.64
35268 25 0.4
35271 11 0.31
35278 4 0.98
35280 25 0.36
35289 10 1.0
35315 11 0.0
35324 0 0.47
35334 9 0.06
35335 1 0.99
35339 1 0.85
35349 17 0.76
35356 12 0.64
35359 13 0.69
35362 10 0.79
35363 7 0.12
35387 22 0.58
35397 9 0.89
35398 10 0.06
35401 10 0.04
35405 27 0.95
35408 20 0.25
35415 17 0.99
35426 28 0.65
35429 8 0.77
35447 14 0.33
35458 26 0.02
35471 2 0.9
35475 13 0.05
35515 24 0.09
35528 23 0.99
35551 15 0.01
35553 11 0.69
35555 10 0.73
35556 20 0.16
35585 1 0.22
35588 5 0.26
35605 24 0.65
35620 24 0.68
35627 20 0.74
35644 8 0.92
35664 17 0.3
35674 14 0.65
35676 0 0.51
35688 12 0.36
35689 8 0.47
35751 9 0.19
35758 1 0.46
35759 27 0.49
35791 27 0.25
35792 11 0.72
35808 8 0.69
35845 20 0.93
35859 12 0.19
35871 15 0.61
35873 18 0.03
35874 15 0.79
35880 0 0.99
35882 22 0.81
35894 6 0.67
35908 29 0.57
35934 26 0.14
35945 27 0.97
35947 12 0.57
35965 18 0.41
35967 14 0.02
35971 4 0.35
35981 27 0.86
35988 1 0.52
36023 21 0.49
36024 22 0.21
36026 2 0.85
36032 9 0.18
36091 4 0.89
36111 17 0.08
36128 12 0.04
36131 9 0.84
36141 25 0.5
36160 19 0.23
36181 13 0.84
36196 13 0.11
36210 9 0.13
36213 8 0.74
36217 19 0.92
36220 9 0.59
36236 22 0.32
36239 18 0.63
36252 12 0.77
36262 1 0.91
36268 12 0.07
36272 19 0.54
36275 29 0.44
36314 27 0.79
36315 21 0.6
36319 16 0.05
36331 21 0.48
36349 24 0.13
36355 4 0.83
36359 11 0.56
36363 18 0.81
36364 24 0.91
36377 13 0.59
36384 16 0.36
36387 20 0.69
36388 25 0.27
36395 20 0.47
36404 8 0.62
36416 2 0.23
36428 1 0.79
36465 16 0.76
36476 19 0.02
36480 15 0.02
36496 16 0.48
36502 7 0.48
36538 20 0.51
36550 0 0.57
36559 24 0.73
36569 22 0.42
36573 7 0.84
36579 24 0.1
36593 20 0.49
36604 25 0.65
36612 20 0.03
36619 20 0.4
36623 21 0.61
36628 6 0.46
36630 29 0.66
36636 17 0.64
36657 13 0.77
36682 13 0.62
36742 18 0.27
36743 5 0.29
36750 11 0.17
36751 14 0.39
36761 20 0.71
36765 13 0.63
36773 14 0.7
36775 12 0.62
36782 9 0.05
36786 18 0.59
36787 7 0.83
36788 12 0.02
36795 12 0.42
36799 16 0.2
36829 13 0.43
36848 18 0.12
36850 13 0.72
36852 27 0.62
36865 14 0.07
36871 26 0.7
36877 29 0.86
36885 27 0.2
36914 3 0.96
36918 8 0.49
36923 7 0.92
36924 5 0.47
36939 1 0.26
36946 6 1.0
36949 6 0.69
36952 1 0.98
36962 22 0.09
36966 9 0.2
36974 3 0.39
36978 0 0.52
37003 7 0.23
37007 18 0.41
37023 25 0.19
37059 28 0.17
37065 21 0.54
37067 29 0.12
37076 24 0.28
37124 5 0.25
37126 3 0.24
37136 27 0.36
37144 25 0.18
37147 27 0.65
37154 29 0.24
37162 7 0.82
37167 22 0.26
37182 0 0.52
37209 18 0.85
37221 13 0.42
37222 21 0.93
37229 3 0.85
37230 14 0.96
37231 11 0.3
37233 3 0.78
37238 21 0.99
37240 13 0.02
37243 0 0.76
37250 23 0.33
37258 7 0.79
37260 1 0.19
37262 28 0.15
37268 27 0.47
37270 18 0.9
37300 5 0.3
37308 10 0.58
37316 13 0.29
37320 6 0.14
37329 5 0.46
37332 16 0.71
37355 24 0.47
37358 17 0.96
37373 0 0.22
37379 9 0.06
37398 21 0.21
37408 10 0.98
37436 12 0.21
37452 6 0.62
37457 18 0.35
37460 11 0.49
37461 23 0.52
37463 22 0.47
37469 29 0.78
37473 5 0.02
37477 22 0.99
37495 9 0.91
37502 11 0.5
37503 18 0.33
37514 29 0.46
37521 2 0.51
37529 29 0.03
37533 26 0.55
37537 2 0.51
37541 2 0.59
37554 27 0.6
37556 23 0.34
37558 21 0.01
37567 16 0.41
37593 2 0.39
37597 8 0.53
37603 23 0.65
37617 21 0.76
37623 25 0.66
37638 7 0.14
37641 29 0.03
37642 7 0.19
37694 28 0.48
37695 22 0.16
37717 22 0.46
37731 21 0.99
37738 23 0.37
37741 9 0.51
37764 28 0.4
37771 2 0.15
37775 29 0.51
37782 13 0.09
37786 4 0.36
37818 18 0.6
37829 25 0.81
37830 11 0.23
37831 10 0.86
37846 6 1.0
37849 2 0.03
37857 7 0.83
37866 27 0.23
37877 18 0.88
37886 6 0.46
37916 24 0.21
37925 18 0.34
37930 23 0.35
37940 20 0.99
37951 12 0.03
37959 22 0.61
37962 7 0.71
37973 29 0.37
37975 24 0.37
37983 25 0.79
37985 25 0.22
38019 17 0.2
38032 28 0.34
38040 27 0.61
38043 8 0.8
38049 22 0.05
38053 2 0.63
38055 21 0.7
38065 18 0.75
38067 22 0.87
38075 10 0.83
38088 2 0.48
38091 21 0.56
38094 22 0.4
38105 19 0.04
38109 2 0.18
38113 27 0.18
38117 10 0.5
38129 7 0.8
38130 13 0.3
38151 7 0.35
38163 3 0.67
38164 19 0.39
38167 21 0.06
38170 28 0.42
38172 24 0.85
38190 19 0.77
38194 27 0.64
38201 1 0.81
38202 20 0.13
38218 3 0.86
38234 3 0.38
38245 17 0.97
38249 19 0.49
38261 15 0.81
38265 10 0.56
38267 5 0.46
38280 0 0.16
38286 26 0.48
38292 12 0.1
38300 20 0.19
38314 16 0.18
38316 13 0.29
38331 2 0.29
38335 10 0.27
38351 28 0.88
38366 17 0.98
38367 3 0.96
38394 17 0.62
38405 6 0.45
38424 5 0.6
38425 21 0.12
38428 23 0.54
38435 9 0.02
38440 10 0.21
38442 20 0.24
38452 12 0.7
38460 4 0.62
38467 12 0.66
38475 16 0.62
38491 19 0.46
38508 28 0.66
38510 15 0.42
38536 27 0.78
38537 7 0.04
38538 3 0.19
38539 23 0.64
38548 2 0.24
38584 5 0.83
38604 22 0.62
38631 21 0.35
38632 7 0.27
38635 23 0.73
38646 4 0.3
38652 11 0.23
38653 5 0.25
38661 24 0.86
38664 7 0.94
38669 21 0.12
38671 21 0.4
38672 0 0.63
38678 7 0.6
38679 19 0.62
38683 6 0.04
38688 29 0.9
38690 18 0.53
38693 21 0.97
38694 28 0.69
38718 22 0.95
38719 19 0.37
38720 2 0.13
38722 29 0.4
38730 11 0.49
38733 11 0.42
38751 23 0.29
38767 9 0.09
38768 22 0.25
38779 13 0.71
38780 2 0.69
38784 20 0.07
38789 6 0.66
38797 13 0.01
38806 9 0.04
38807 4 0.41
38809 24 0.58
38816 16 0.93
38818 24 0.65
38839 24 0.82
38868 29 0.14
38872 5 0.01
38884 23 0.46
38886 16 0.4
38907 23 0.71
38928 10 0.43
38931 13 0.01
38944 29 0.37
38956 9 0.57
38965 18 0.57
38970 19 0.33
38977 3 0.99
39004 16 0.74
39022 21 0.64
39033 5 0.14
39039 24 0.98
39040 19 0.83
39047 24 0.46
39057 23 0.69
39064 25 0.01
39065 2 0.64
39080 3 0.21
39091 23 0.44
39100 17 0.24
39102 28 0.25
39103 15 0.88
39104 12 0.11
39105 8 0.67
39107 28 0.04
39112 7 0.82
39115 16 0.91
39129 25 0.83
39162 15 1.0
39173 13 0.33
39180 26 0.71
39188 18 0.34
39192 13 0.77
39197 10 0.89
39203 15 0.81
39210 24 0.92
39212 16 0.68
39215 29 0.99
39223 5 0.84
39231 9 0.98
39236 29 0.13
39239 17 0.46
39241 20 0.2
39260 23 0.18
39267 18 0.18
39269 8 0.29
39278 8 0.46
39279 5 0.36
39282 8 0.87
39287 16 0.76
39288 7 0.73
39289 12 0.01
39297 14 0.67
39298 10 0.3
39299 15 0.14
39310 3 0.11
39324 16 0.42
39326 0 0.32
39332 15 0.52
39335 20 0.64
39339 10 0.31
39357 29 0.78
39373 26 0.5
39387 18 0.82
39389 18 0.52
39398 18 0.67
39420 13 0.81
39426 15 0.1
39427 9 0.65
39430 19 0.43
39474 20 0.15
39485 3 0.7
39497 17 0.39
39501 10 0.93
39508 17 0.81
39512 23 0.59
39524 25 0.01
39534 16 0.95
39538 10 0.89
39552 12 0.22
39571 21 0.95
39599 17 0.09
39604 27 0.56
39610 12 0.73
39619 5 0.01
39684 12 0.66
39700 21 0.8
39707 12 0.54
39718 2 0.2
39723 25 0.79
39727 6 0.31
39736 10 0.42
39743 5 0.23
39748 28 0.63
39766 26 0.54
39783 27 0.02
39803 6 0.19
39810 27 0.31
39812 25 0.33
39815 18 0.9
39837 29 0.19
39842 1 0.54
39844 19 0.72
39845 5 0.94
39847 24 0.35
39855 1 0.79
39860 3 0.85
39862 0 0.04
39881 24 0.68
39887 29 0.93
39896 1 0.9
39898 26 0.92
39908 16 0.32
39918 3 0.52
39931 17 0.24
39936 19 0.97
39938 15 0.96
39947 11 0.67
39958 25 0.21
39969 19 0.69
39972 23 0.23
39974 17 0.11
39982 14 0.58
40016 2 0.71
40041 29 0.69
40063 7 0.75
40067 4 0.37
40085 25 0.9
40088 4 0.16
40104 10 0.38
40109 3 0.52
40129 15 0.56
40155 16 0.93
40170 26 0.28
40173 23 0.87
40180 2 0.31
40198 15 0.83
40203 11 0.06
40211 21 0.46
40225 22 0.98
40239 28 0.16
40244 29 0.39
40249 14 0.43
40255 17 0.96
40274 4 0.94
40282 1 0.21
40286 28 0.04
40288 14 0.28
40292 26 0.7
40303 21 0.5
40304 12 0.41
40313 15 0.3
40315 25 0.22
40320 17 0.9
40334 16 0.89
40342 10 0.0
40349 14 0.41
40353 4 0.17
40363 29 0.27
40369 15 0.57
40383 12 0.66
40388 20 0.37
40400 19 0.96
40406 22 0.95
40407 7 0.33
40422 9 0.4
40423 14 0.47
40432 18 0.62
40435 16 0.38
40447 26 0.95
40450 3 0.1
40458 6 0.08
40488 16 0.74
40489 24 0.25
40492 0 0.36
40529 2 0.64
40542 7 0.1
40556 3 0.91
40582 21 0.35
40600 15 0.13
40604 4 0.08
40608 11 0.13
40610 22 0.18
40617 6 0.54
40628 17 0.63
40652 25 0.11
40656 28 0.46
40670 23 0.87
40674 7 0.27
40691 10 0.59
40702 17 0.49
40719 16 0.69
40720 25 0.28
40733 28 0.88
40737 19 0.85
40740 9 0.94
40751 9 0.77
40756 3 0.13
40760 24 0.76
40761 0 0.76
40764 11 0.78
40772 24 0.68
40782 13 0.98
40799 23 0.44
40803 13 0.46
40831 27 0.99
40852 9 0.51
40853 10 0.43
40873 21 0.66
40875 5 0.67
40879 2 0.83
40886 7 0.92
40888 1 0.62
40916 17 0.9
40918 0 0.25
40920 26 0.32
40942 12 0.5
40943 13 0.45
40947 22 0.72
40950 1 0.73
40952 15 0.74
40961 3 0.08
40964 8 0.74
40981 20 0.08
40991 20 0.78
40997 20 0.39
40998 10 0.57
40999 24 0.82
41000 26 0.83
41013 25 0.75
41022 28 0.82
41049 5 0.09
41054 18 0.06
41086 5 0.41
41088 11 0.05
41113 22 0.29
41121 24 0.86
41126 11 0.73
41127 2 0.03
41129 10 0.01
41143 23 0.54
41174 8 0.04
41178 23 0.14
41186 28 0.32
41189 16 0.44
41197 26 0.88
41200 19 0.21
41201 2 0.14
41203 17 0.22
41217 17 0.29
41228 8 0.32
41229 17 0.68
41233 13 0.96
41234 22 0.6
41265 5 0.32
41266 16 0.64
41278 12 0.95
41279 5 0.38
41287 14 0.13
41293 24 0.47
41315 19 0.89
41325 3 0.47
41353 23 0.17
41363 1 0.74
41368 9 0.39
41381 6 0.82
41386 6 0.45
41390 3 0.2
41401 24 0.48
41439 9 0.32
41466 28 0.41
41469 17 0.86
41472 1 0.41
41515 14 0.94
41518 15 0.98
41523 2 0.76
41528 26 0.33
41539 24 0.78
41542 27 0.88
41567 18 0.67
41592 9 0.7
41605 11 0.94
41608 3 0.08
41629 15 0.83
41637 26 0.12
41645 21 0.58
41647 8 0.46
41655 6 0.66
41659 21 0.26
41675 28 0.64
41680 4 0.95
41717 10 0.34
41722 13 0.18
41728 21 0.59
41729 1 0.99
41750 21 0.97
41767 11 0.78
41768 11 0.41
41778 23 0.75
41788 21 0.53
41791 8 0.53
41796 25 0.03
41817 10 0.86
41823 14 0.14
41824 9 0.86
41854 13 0.15
41883 13 0.33
41898 2 0.38
41903 6 0.49
41923 22 0.11
41928 18 0.46
41944 11 0.23
41971 3 0.44
41976 16 0.41
42001 26 0.41
42002 14 0.88
42004 12 0.06
42005 1 0.43
42014 25 0.29
42022 27 0.85
42053 8 0.92
42068 8 0.47
42105 21 0.4
42106 26 0.89
42123 26 0.25
42125 14 0.24
42137 4 0.13
42138 3 0.2
42154 2 0.71
42160 28 0.84
42177 5 0.74
42178 8 0.22
42182 22 0.36
42194 2 0.88
42198 17 0.22
42200 10 0.03
42212 28 0.15
42216 19 0.55
42218 18 0.3
42228 17 0.65
42244 2 0.56
42250 4 0.53
42254 10 0.75
42264 9 0.57
42302 17 0.97
42330 10 0.12
42331 25 0.5
42337 13 0.79
42343 21 0.48
42356 2 0.93
42371 16 0.94
42376 22 0.11
42386 13 0.43
42387 22 0.98
42396 8 0.16
42399 3 0.84
42404 18 0.13
42405 26 0.12
42420 17 0.53
42434 18 0.08
42453 3 0.33
42473 4 0.86
42475 16 0.6
42477 6 0.64
42493 0 0.46
42501 3 0.93
42505 28 0.23
42515 21 0.99
42518 21 0.95
42525 2 0.12
42526 2 0.32
42538 25 0.83
42560 23 0.65
42561 28 0.78
42566 26 0.6
42578 21 0.63
42583 21 0.88
42586 6 0.64
42603 22 0.93
42619 11 0.96
42624 14 0.08
42645 17 0.0
42670 8 0.53
42679 27 0.42
42683 11 0.14
42701 12 0.41
42708 1 0.43
42733 27 0.63
42750 26 0.05
42761 5 0.54
42767 12 0.39
42769 3 0.1
42783 7 0.73
42785 3 0.63
42788 2 0.45
42791 26 0.29
42793 25 0.36
42804 23 0.64
42838 11 0.11
42842 8 0.62
42844 13 0.89
42855 5 0.52
42862 19 0.33
42863 9 0.67
42866 11 0.79
42892 12 0.15
42901 11 0.59
42902 0 0.33
42903 28 0.52
42904 5 0.12
42912 13 0.26
42925 7 0.92
42928 21 0.57
42930 15 0.16
42953 4 0.34
42961 29 0.53
42962 7 0.06
42963 1 0.98
42964 23 0.77
42981 0 0.92
42989 13 0.88
42996 12 0.05
43002 18 0.09
43006 0 0.69
43019 14 0.37
43025 21 0.12
43037 26 0.47
43045 27 0.97
43048 20 0.11
43058 13 0.82
43065 18 0.56
43066 11 0.38
43101 21 0.27
43107 23 0.12
43111 28 0.24
43115 2 0.76
43130 23 0.52
43143 9 0.31
43173 25 0.67
43185 18 0.74
43188 21 1.0
43206 14 0.61
43208 24 0.07
43226 8 0.17
43261 1 0.51
43266 20 0.27
43278 12 0.19
43283 12 0.38
43301 22 0.93
43311 0 0.24
43316 6 0.26
43338 2 0.12
43346 20 0.25
43349 9 0.57
43368 20 0.08
43371 28 0.83
43372 6 0.96
43379 14 0.32
43400 19 0.25
43403 10 0.62
43410 8 0.89
43423 7 0.25
43448 10 0.86
43449 11 0.89
43465 15 0.45
43473 14 0.81
43474 9 0.15
43475 20 0.42
43479 3 0.99
43482 27 0.2
43504 14 0.35
43549 25 0.83
43569 19 0.02
43602 15 0.26
43614 10 0.94
43615 17 0.78
43620 29 0.74
43629 8 0.69
43630 4 0.02
43638 20 0.51
43641 7 0.65
43650 25 0.73
43666 25 0.34
43667 6 0.17
43692 16 0.24
43707 7 0.45
43714 24 0.46
43729 8 0.49
43731 9 0.31
43746 8 0.72
43772 7 0.41
43780 7 0.96
43806 6 0.76
43807 18 0.85
43814 1 0.32
43817 14 0.31
43820 11 0.71
43821 9 0.99
43824 21 0.01
43830 0 0.2
43839 7 0.94
43846 28 0.6
43859 21 0.3
43861 26 0.11
43865 13 0.62
43867 2 0.9
43877 0 0.86
43880 9 0.96
43894 14 0.61
43921 6 0.71
43927 28 0.52
43939 25 0.27
43953 29 0.19
43959 8 0.82
43980 27 0.91
43982 1 0.55
43984 17 0.55
43990 28 0.03
43992 4 0.59
44028 11 0.1
44035 21 0.71
44036 26 0.77
44041 20 0.75
44048 26 0.48
44057 23 0.53
44063 0 0.92
44085 28 0.35
44088 22 0.82
44095 4 0.97
44097 17 0.68
44103 0 0.49
44106 11 0.4
44113 15 0.0
44125 14 0.52
44131 4 0.23
44141 3 0.79
44142 25 0.76
44152 28 0.05
44157 12 1.0
44223 14 0.15
44226 17 0.82
44234 11 0.09
44238 3 0.09
44245 2 0.22
44248 4 0.05
44257 29 0.9
44262 22 0.09
44263 15 0.69
44264 18 0.55
44265 22 0.71
44267 3 0.52
44273 21 0.59
44280 22 0.17
44290 23 0.72
44314 6 0.73
44316 16 0.1
44327 7 0.09
44330 18 0.32
44345 8 0.39
44350 5 0.4
44355 9 0.8
44379 29 0.21
44391 17 0.58
44401 25 0.78
44402 19 0.73
44407 25 0.43
44408 10 0.9
44410 29 0.69
44419 8 0.33
44429 11 0.1
44434 17 0.23
44468 12 0.93
44473 29 0.52
44482 18 0.23
44502 11 0.66
44514 21 0.77
44519 5 0.24
44560 18 0.2
44562 27 0.75
44565 25 0.47
44566 20 0.43
44590 11 0.49
44593 22 0.94
44602 7 0.13
44613 29 0.5
44662 1 0.31
44669 24 0.45
44670 25 0.33
44673 12 0.62
44678 0 0.39
44680 24 0.99
44681 6 0.03
44696 12 0.74
44697 2 0.59
44698 17 0.65
44710 5 0.21
44714 3 0.25
44730 10 0.51
44746 12 0.16
44753 13 0.23
44780 29 0.55
44793 29 0.58
44799 17 0.58
44820 16 0.96
44831 13 0.61
44853 9 0.18
44880 20 0.92
44884 1 0.81
44893 1 0.05
44911 7 0.13
44918 0 0.56
44933 5 0.47
44941 29 0.26
44944 19 0.76
44963 19 0.53
44984 9 0.49
44987 23 0.62
45002 9 0.54
45022 27 0.69
45036 1 0.33
45038 28 0.75
45049 1 0.47
45063 7 0.27
45068 5 0.24
45073 20 0.91
45084 5 0.53
45096 21 0.98
45127 17 0.5
45129 23 0.75
45136 14 0.04
45167 9 0.55
45170 1 0.96
45177 21 0.24
45183 24 0.09
45191 10 0.49
45200 9 0.93
45222 21 0.34
45229 12 0.22
45237 3 0.61
45274 20 0.08
45288 7 0.47
45300 27 0.85
45305 3 0.37
45306 24 0.63
45310 5 0.24
45311 22 0.51
45315 14 0.51
45324 19 0.83
45347 24 0.22
45350 27 0.57
45352 16 0.63
45385 28 0.68
45401 4 0.53
45422 1 0.71
45451 22 0.09
45452 25 0.06
45468 4 0.82
45470 7 0.41
45482 25 0.07
45490 24 0.96
45496 16 0.06
45498 21 0.5
45511 0 0.47
45532 5 0.9
45537 5 0.47
45543 24 0.17
45550 7 0.46
45569 16 0.14
45582 3 0.15
45587 21 0.73
45591 0 0.98
45597 22 0.53
45605 19 0.67
45618 9 0.21
45619 12 0.49
45634 5 0.4
45638 5 0.76
45640 9 0.32
45644 17 0.6
45647 1 0.22
45652 16 0.58
45668 2 0.45
45700 5 0.33
45718 9 0.3
45739 7 0.02
45743 8 0.11
45750 2 0.67
45755 13 0.18
45767 4 0.5
45771 18 0.66
45776 29 0.7
45789 25 0.41
45790 24 0.52
45791 4 0.97
45794 27 0.74
45804 2 0.68
45816 25 0.11
45819 19 0.5
45823 29 0.65
45834 12 0.32
45837 15 0.88
45839 7 0.6
45842 29 0.64
45844 29 0.18
45859 4 0.82
45872 27 0.1
45875 26 0.32
45885 1 0.38
45909 18 0.35
45910 28 0.65
45916 0 0.11
45927 15 0.45
45931 4 0.58
45932 19 0.82
45937 0 0.76
45943 20 1.0
45945 21 0.92
45947 13 0.32
45949 6 0.23
45961 6 0.1
45979 11 0.75
45985 14 0.31
45986 6 0.92
46002 2 0.35
46005 11 0.21
46007 2 0.82
46018 26 0.14
46027 7 0.23
46030 15 0.39
46036 21 0.15
46044 12 0.52
46056 14 0.15
46068 3 0.05
46078 13 0.26
46102 27 0.29
46103 2 0.29
46120 8 0.97
46122 1 0.5
46132 18 0.26
46136 2 0.91
46140 26 0.19
46142 20 0.59
46147 27 0.57
46148 11 0.25
46152 25 0.39
46158 25 0.87
46163 7 0.64
46164 9 0.9
46167 10 0.93
46174 11 0.0
46178 18 0.53
46182 29 0.22
46186 16 0.24
46190 23 0.13
46193 3 0.47
46209 3 0.97
46213 29 0.29
46224 4 0.5
46231 25 0.97
46239 19 0.01
46250 2 0.75
46254 26 0.15
46259 22 1.0
46271 5 0.08
46285 0 0.62
46288 7 0.48
46290 6 0.18
46301 8 0.2
46303 25 0.92
46305 13 0.47
46310 5 0.4
46311 17 0.09
46317 28 0.71
46331 25 0.54
46334 14 0.62
46366 12 0.51
46395 9 0.2
46400 24 0.34
46404 4 0.95
46411 9 0.8
46419 3 0.91
46434 26 0.78
46436 29 0.11
46441 17 0.56
46443 9 0.47
46453 17 0.55
46454 11 0.77
46485 10 0.47
46490 29 0.49
46504 22 0.63
46507 15 0.72
46527 6 0.36
46538 25 0.13
46593 26 0.82
46604 22 0.07
46617 28 0.32
46620 8 0.35
46625 29 0.26
46640 11 0.95
46642 15 0.35
46652 14 0.28
46654 4 0.59
46665 13 0.48
46668 17 0.47
46669 16 0.68
46674 19 0.27
46677 10 0.36
46688 18 0.98
46704 19 0.64
46710 28 0.59
46714 6 0.06
46721 24 0.57
46743 29 0.67
46757 21 0.11
46759 17 0.3
46763 6 0.81
46774 23 0.44
46781 1 0.23
46798 13 0.91
46801 9 0.87
46804 21 0.74
46813 15 0.29
46815 1 0.57
46821 24 0.88
46834 0 0.97
46868 2 0.79
46877 12 0.64
46887 2 0.93
46895 24 0.84
46898 13 0.37
46900 28 0.17
46905 23 0.17
46928 22 0.96
46933 28 0.51
46935 24 0.43
46940 7 0.96
46944 7 0.01
46945 23 0.81
46948 7 0.43
46952 15 0.44
46953 25 0.4
46962 24 0.78
46968 3 0.23
46972 12 0.25
46980 9 0.46
46991 21 0.48
47000 22 0.39
47016 3 0.47
47017 11 0.1
47023 4 0.64
47033 1 0.29
47050 10 0.06
47063 1 0.6
47068 0 0.74
47069 17 0.35
47073 29 0.8
47096 17 0.05
47139 19 0.36
47148 2 0.56
47158 2 0.9
47165 29 0.34
47172 19 1.0
47179 8 0.3
47204 19 0.46
47220 21 0.07
47221 29 0.99
47224 29 0.39
47235 26 0.67
47243 3 0.46
47244 8 0.45
47252 2 0.25
47277 0 0.56
47287 3 0.73
47289 28 0.72
47295 6 0.42
47318 1 0.66
47335 6 0.05
47340 26 0.98
47342 12 0.86
47345 7 0.4
47358 0 0.02
47366 17 0.48
47383 7 0.12
47386 13 0.79
47395 28 0.29
47403 3 0.9
47412 25 0.08
47430 20 0.86
47466 1 0.49
47482 25 0.16
47484 6 0.71
47488 12 0.17
47507 3 0.84
47522 10 0.21
47523 29 0.75
47548 1 0.8
47558 8 0.53
47571 25 0.58
47576 9 0.02
47595 10 0.29
47599 19 0.26
47614 7 0.1
47632 16 0.46
47635 7 0.79
47643 16 0.09
47646 28 0.47
47655 16 0.08
47668 29 0.99
47669 24 0.17
47672 19 0.12
47680 16 0.74
47689 9 0.14
47697 1 0.18
47698 6 0.89
47709 15 0.6
47711 18 0.66
47712 28 0.35
47721 22 0.53
47730 26 0.7
47748 16 0.95
47771 18 0.81
47789 23 0.89
47796 17 0.82
47817 6 0.22
47826 2 0.0
47828 23 0.02
47829 7 0.87
47857 28 0.83
47866 15 0.22
47879 24 0.69
47884 23 0.39
47886 11 0.88
47888 13 0.51
47896 25 0.04
47900 24 0.12
47905 7 0.25
47907 19 0.67
47908 6 0.38
47914 18 0.11
47918 14 0.14
47919 17 0.53
47921 22 0.28
47928 23 0.99
47931 12 0.39
47933 0 0.32
47941 25 0.13
47945 4 0.13
47966 10 0.31
47986 21 0.1
47996 14 0.99
48002 22 0.84
48008 20 0.99
48024 6 0.8
48030 9 0.06
48034 25 0.29
48041 8 0.63
48043 26 0.69
48048 17 0.94
48049 29 0.92
48053 2 0.15
48058 16 0.4
48067 17 0.08
48068 5 0.38
48081 16 0.8
48087 20 0.0
48094 12 0.44
48095 22 0.91
48097 2 0.58
48122 23 0.35
48125 13 0.5
48130 6 0.59
48131 12 0.59
48168 25 0.55
48179 19 0.55
48183 24 0.97
48188 18 0.02
48213 17 0.47
48217 12 0.38
48229 4 0.91
48247 3 0.3
48254 27 0.09
48256 20 0.34
48277 10 0.94
48289 27 0.21
48290 14 0.09
48297 24 0.37
48310 23 0.21
48311 22 0.54
48316 11 0.34
48324 7 0.42
48332 27 0.52
48345 18 0.55
48356 5 1.0
48365 15 0.6
48380 4 0.65
48383 28 0.89
48385 14 0.88
48426 5 0.4
48428 23 0.96
48433 4 0.72
48448 26 0.18
48475 26 0.31
48477 24 0.31
48483 22 0.43
48491 22 0.29
48493 28 0.63
48502 23 0.3
48503 3 0.22
48505 8 0.63
48508 15 0.4
48540 21 0.96
48544 15 0.02
48545 25 0.7
48547 22 0.19
48562 11 0.69
48563 29 0.59
48569 21 0.89
48571 19 0.22
48575 26 0.66
48577 3 0.39
48578 28 0.48
48597 8 0.07
48601 22 0.01
48609 9 0.38
48620 7 0.34
48650 12 0.6
48652 14 0.15
48673 27 0.7
48677 17 0.68
48701 21 0.46
48705 13 0.99
48719 18 0.64
48728 6 0.89
48730 14 0.98
48744 21 0.53
48775 17 0.66
48799 23 0.94
48808 28 0.3
48817 17 0.21
48819 1 0.63
48822 21 0.08
48835 19 0.34
48853 15 0.06
48855 12 0.63
48862 0 0.91
48866 7 0.6
48886 21 0.99
48887 9 0.47
48904 28 0.3
48920 1 0.81
48928 6 0.22
48932 18 0.94
48952 22 0.92
48959 6 0.47
48976 17 0.84
48982 6 0.91
49037 8 0.58
49047 12 0.73
49051 24 0.98
49055 2 0.56
49069 4 0.24
49077 23 0.67
49078 16 0.26
49115 29 0.07
49131 28 0.12
49135 25 0.79
49143 22 0.79
49148 9 0.03
49152 25 0.31
49155 11 0.66
49196 5 0.92
49199 27 0.92
49208 0 0.25
49210 4 0.38
49211 29 0.23
49214 16 0.0
49231 10 0.83
49232 1 0.04
49259 9 0.47
49289 25 0.72
49301 7 0.03
49307 19 0.08
49334 9 0.94
49340 28 0.91
49349 20 0.33
49359 16 0.13
49362 19 0.62
49369 11 0.43
49373 29 0.37
49374 22 0.92
49376 7 0.42
49380 4 0.13
49388 25 0.02
49394 14 0.37
49398 5 0.31
49406 4 0.59
49408 13 0.92
49416 12 0.15
49423 27 0.9
49435 9 0.35
49436 23 0.37
49442 18 0.1
49454 7 0.42
49457 26 0.33
49461 11 1.0
49465 18 0.37
49466 12 0.94
49467 18 0.26
49472 5 0.87
49480 15 0.77
49507 14 0.75
49518 17 0.79
49520 15 0.12
49527 1 0.56
49543 26 0.15
49571 17 0.35
49572 23 0.86
49576 17 0.79
49581 17 0.6
49585 13 0.37
49588 13 0.83
49595 29 0.44
49605 22 0.16
49616 17 0.46
49622 28 0.98
49628 22 0.33
49640 13 0.82
49645 19 0.92
49649 10 0.14
49653 5 0.89
49679 17 0.55
49684 8 0.49
49689 3 0.57
49700 6 0.92
49709 5 0.09
49721 22 0.93
49745 21 0.22
49768 14 0.34
49771 5 0.02
49774 4 0.49
49778 12 0.4
49788 10 0.17
49789 5 0.75
49793 0 0.1
49800 17 0.46
49805 28 0.59
49823 15 0.51
49832 15 0.98
49835 16 0.67
49846 26 0.08
49861 15 0.44
49865 26 0.23
49867 1 0.87
49870 3 0.33
49871 15 0.24
49884 24 0.36
49904 2 0.75
49906 2 0.92
49915 2 0.14
49927 15 0.78
49930 10 0.98
49937 20 0.01
49941 11 0.5
49951 13 0.24
49956 22 0.2
49961 12 0.27
49980 9 0.23
49982 9 0.77
49984 18 0.36
