6 10 0.5
21 25 0.19
45 15 0.43
66 1 0.47
123 2 0.98
134 8 0.92
139 22 0.73
143 5 0.57
153 29 0.79
156 17 0.32
169 7 0.3
197 29 0.07
229 17 0.11
269 22 0.74
273 13 0.36
275 12 0.65
279 29 0.64
287 17 0.71
290 3 0.1
292 13 0.17
302 19 0.59
309 12 0.39
313 9 0.11
321 25 0.7
330 13 0.17
401 24 0.64
421 18 0.48
446 11 0.91
460 17 0.43
483 24 0.94
531 24 0.93
534 19 0.93
591 16 0.37
610 3 0.27
615 5 0.9
630 29 0.77
649 9 0.83
677 1 0.13
712 0 0.77
717 23 0.46
731 13 0.64
741 21 0.13
742 19 0.68
780 8 0.62
786 29 0.56
792 24 0.06
805 14 0.8
812 27 0.56
834 22 0.09
852 25 0.5
881 18 0.88
913 8 0.64
918 16 0.71
936 3 0.98
967 14 0.05
979 17 0.01
999 24 0.68
1040 22 0.26
1089 27 0.24
1093 4 0.51
1105 6 0.58
1117 5 0.87
1119 27 0.84
1124 19 0.11
1125 13 0.62
1145 24 0.82
1167 24 0.86
1207 1 0.93
1253 6 0.54
1254 13 0.31
1271 21 0.49
1273 24 0.95
1341 15 0.23
1357 17 0.75
1361 23 0.83
1402 29 0.11
1425 17 0.25
1433 0 0.2
1447 23 0.79
1454 3 0.13
1466 17 0.77
1479 19 0.78
1500 6 0.0
1565 15 0.23
1585 13 0.56
1607 13 0.08
1653 7 0.49
1655 10 0.82
1699 18 0.18
1703 16 0.24
1707 23 0.87
1717 19 0.57
1729 14 1.0
1770 27 0.15
1776 6 0.19
1785 15 0.34
1793 17 0.32
1804 29 0.85
1809 18 0.54
1816 5 0.34
1822 3 0.62
1840 2 0.69
1859 18 0.84
1861 25 0.46
1865 9 0.45
1870 25 0.19
1884 22 0.32
1893 28 0.87
1900 2 0.54
1929 8 0.73
1951 22 0.89
1967 27 0.66
1973 13 0.41
1996 17 0.16
2004 14 0.1
2015 15 0.85
2039 24 0.57
2058 18 0.23
2063 16 0.68
2070 24 0.72
2071 0 0.11
2073 28 0.48
2086 13 0.99
2118 11 0.55
2150 23 0.06
2175 5 0.4
2176 18 0.44
2192 0 0.8
2207 22 0.5
2232 25 0.5
2246 6 0.44
2247 17 0.19
2273 19 0.99
2284 4 0.59
2287 7 0.87
2298 21 0.52
2321 18 0.41
2323 6 0.59
2331 16 0.99
2357 14 0.67
2365 17 0.4
2378 25 0.53
2384 29 0.69
2416 18 0.03
2452 12 0.56
2462 5 0.77
2486 25 0.66
2505 2 0.1
2507 3 0.75
2558 13 0.92
2594 24 0.46
2617 26 0.27
2642 21 0.5
2645 24 0.49
2657 26 0.52
2664 1 0.98
2675 23 0.99
2691 5 0.8
2692 4 0.02
2693 24 0.1
2716 19 0.18
2745 7 0.84
2749 5 0.82
2762 28 0.49
2792 11 0.8
2799 19 0.88
2805 21 0.43
2859 8 0.56
2871 12 0.11
2897 20 0.16
2906 9 0.98
2924 2 0.86
2927 0 0.26
2975 18 0.22
2982 23 0.16
2987 25 0.76
2993 16 0.4
2995 4 0.44
3031 7 0.56
3069 14 0.18
3106 14 0.89
3121 5 0.05
3139 7 0.23
3164 0 0.08
3180 4 0.54
3188 7 0.44
3200 19 0.81
3225 3 0.06
3232 22 0.09
3238 6 0.8
3243 29 0.09
3246 17 0.66
3254 27 0.31
3269 1 0.3
3292 17 0.73
3327 18 0.82
3363 4 0.66
3389 0 0.7
3408 20 0.74
3448 5 0.71
3491 10 0.75
3554 9 0.95
3566 21 0.73
3572 19 0.74
3651 10 0.62
3694 9 0.96
3727 17 0.24
3741 2 0.15
3775 25 0.74
3778 13 0.11
3804 11 0.09
3806 1 0.37
3808 26 0.77
3822 14 0.55
3939 26 0.87
3952 14 0.85
3975 6 0.74
3994 23 0.82
4019 17 0.82
4025 18 0.91
4026 27 0.94
4047 22 0.45
4048 20 0.37
4068 24 0.06
4093 26 0.85
4142 16 0.38
4143 15 0.45
4145 18 0.67
4164 28 0.81
4225 1 0.46
4228 23 0.41
4239 13 0.26
4270 18 0.91
4283 18 0.59
4288 10 0.57
4324 23 0.01
4326 20 0.43
4337 29 0.06
4350 24 0.24
4372 20 0.8
4377 12 0.44
4388 9 0.34
4397 10 0.78
4403 28 0.17
4446 0 0.79
4449 17 0.7
4475 0 0.33
4495 15 0.18
4509 11 0.21
4511 14 1.0
4528 0 0.1
4630 26 0.15
4641 2 0.52
4666 9 0.52
4673 0 0.52
4688 23 0.06
4713 8 0.27
4737 12 0.24
4739 24 0.61
4740 1 0.19
4777 1 0.82
4793 23 0.05
4810 26 0.53
4819 28 0.29
4831 17 0.89
4837 27 0.2
4880 8 0.17
4896 29 0.91
4907 25 0.45
4922 6 0.91
4999 9 0.69
