4973 1 0.16
3773 5 0.17
2057 4 0.38
4948 1 0.96
2914 3 0.51
3112 8 0.35
3545 7 0.01
391 4 0.48
19 3 0.8
4855 8 0.33
1008 8 0.56
1750 1 0.15
1453 1 0.36
4327 3 0.41
4533 7 0.05
619 6 0.83
2516 8 0.71
2056 2 0.03
2900 6 0.79
2477 4 0.74
3598 8 0.99
327 0 0.17
79 6 0.42
1620 5 0.87
2663 1 0.13
751 1 0.79
2588 8 0.93
4244 9 0.13
689 8 0.5
2142 2 0.04
4749 8 0.01
428 6 0.08
2644 8 0.88
582 1 0.64
4109 7 0.84
4427 6 0.43
335 7 0.0
2485 5 0.1
508 2 0.63
4945 0 0.25
1154 7 0.62
4783 6 0.2
743 7 0.29
2375 4 0.62
3144 5 0.67
2146 7 0.35
437 8 0.52
3076 3 0.24
541 9 0.38
1611 0 0.17
245 0 0.12
3497 5 0.19
3823 2 0.95
4976 3 0.26
29 3 0.69
379 7 0.44
4355 5 0.82
3183 1 0.65
2217 0 0.62
4217 2 0.15
2350 1 0.85
962 8 0.91
3612 7 0.49
3591 6 0.45
1722 9 1.0
4538 9 0.31
812 7 0.94
2292 2 0.48
2294 3 0.46
4423 9 0.29
3789 5 0.87
1409 5 0.93
1659 8 0.22
3825 6 0.49
752 6 0.92
4224 1 0.23
2144 0 0.49
4052 3 0.58
3711 3 0.15
3664 8 0.3
3939 9 0.88
3619 1 0.3
3239 1 0.37
4869 7 0.5
4283 5 0.94
2043 7 0.22
3013 9 0.54
2532 1 0.01
2767 5 0.69
4110 1 0.63
1305 2 0.53
123 0 0.06
2416 9 0.59
2918 8 0.86
1687 1 0.69
3550 9 0.56
2549 2 1.0
1584 1 0.81
2397 5 0.17
4400 5 0.51
1226 7 0.81
2631 8 0.26
3143 4 0.78
4116 9 0.72
3055 3 0.78
456 1 0.85
3383 8 0.61
4717 6 0.74
4654 5 0.48
1461 8 0.71
2079 1 0.83
3441 6 0.35
3965 8 0.88
4301 2 0.56
4552 4 0.74
366 6 0.57
1251 8 0.97
1555 5 0.77
2284 0 0.8
963 4 0.27
3575 1 0.86
2502 5 0.7
869 8 0.58
912 7 0.95
3605 1 0.75
748 8 0.18
882 0 0.35
1431 6 0.37
611 1 0.35
1408 2 0.46
2543 7 0.73
2386 1 0.19
3868 1 0.02
2566 0 0.57
547 6 0.17
2230 7 0.85
2529 0 0.58
3412 0 0.78
740 3 0.7
872 5 0.21
4160 4 0.41
4063 6 0.31
1609 6 0.33
2688 2 0.64
4437 3 0.97
1490 2 0.74
3552 4 0.57
3000 4 0.04
2975 3 0.51
4535 0 0.28
2954 5 0.61
3101 5 0.48
1960 3 0.33
1969 7 0.83
278 8 0.65
2856 9 0.76
2122 5 0.5
1952 1 0.16
3250 5 0.72
4948 6 0.38
1077 9 0.65
1602 4 0.17
373 7 0.49
222 8 0.17
2057 0 0.71
582 7 0.12
1431 9 0.52
55 5 0.87
3552 9 0.5
3416 1 0.82
1461 4 0.12
2845 7 0.97
3752 2 0.41
1375 2 0.62
4806 1 0.31
720 5 0.89
3319 2 0.89
1786 7 0.31
1594 9 0.24
3887 3 0.07
327 7 0.34
511 6 0.75
3454 0 0.77
3654 9 0.88
3417 4 0.41
4908 3 0.5
2590 6 0.71
155 6 0.31
4233 4 0.8
22 0 0.87
1938 7 0.81
2599 8 0.5
3560 0 0.42
911 5 0.66
1171 4 0.71
4003 5 0.88
988 4 0.46
2952 5 0.81
1783 4 0.62
3076 9 0.69
4212 4 0.97
3813 4 0.59
648 2 0.95
510 7 0.11
3181 3 0.57
4297 4 0.78
1327 0 0.95
1534 5 0.54
1000 2 0.72
4186 9 0.85
1420 0 0.56
28 9 0.08
3460 0 0.32
1741 6 0.53
503 0 0.08
2255 7 1.0
3118 7 0.87
2346 5 0.89
4984 0 0.99
1157 3 0.38
4829 8 0.68
85 1 0.82
2635 5 0.44
4268 2 0.65
570 0 0.39
1716 9 0.09
4385 2 0.25
4582 6 0.4
1395 3 0.96
3417 9 0.67
1756 3 0.08
3433 1 1.0
1817 2 0.68
2668 6 0.3
3942 3 0.24
2689 6 0.07
2560 3 0.54
2718 0 0.68
781 1 0.9
184 5 0.83
2748 2 0.14
4072 6 0.82
1102 0 0.23
1967 9 0.53
167 7 0.72
4514 8 0.01
1032 2 0.2
2832 3 0.01
280 4 0.2
1485 1 0.87
4731 6 0.01
10 7 0.68
745 2 0.24
1108 2 0.57
2040 4 0.85
2689 9 0.24
2128 7 0.51
1636 8 0.58
4571 6 0.5
3738 6 0.66
2647 7 0.01
4275 4 0.84
250 2 0.58
2651 7 0.36
4079 4 0.75
4086 1 0.98
1132 0 0.37
273 8 0.43
452 9 0.98
2171 4 0.71
2151 6 0.22
477 2 0.28
4240 5 0.8
1295 7 0.29
2681 7 0.82
1665 1 0.1
1558 7 0.74
3491 5 0.38
347 9 0.59
2406 9 0.61
582 1 0.81
3345 9 0.08
1798 7 0.43
2198 1 0.23
3937 3 0.79
3969 9 0.04
2370 8 0.14
1153 5 0.67
3299 1 0.17
2806 2 0.07
4114 7 0.25
537 1 0.54
4720 6 0.61
581 5 0.89
2111 5 0.98
3628 0 0.17
4755 9 0.15
291 2 0.82
1017 1 0.39
4886 7 0.4
3659 0 0.42
4529 0 0.84
456 5 0.03
3523 4 0.13
1961 1 0.99
1889 5 0.73
2833 5 0.19
2264 3 0.9
1318 3 0.72
1987 1 0.09
1829 3 0.66
2272 5 0.4
1623 8 0.55
3655 4 0.4
3007 1 0.56
4015 9 0.63
58 1 0.38
1244 8 0.56
1941 4 0.57
205 8 0.9
1098 7 0.54
3384 0 0.57
3355 0 0.88
4022 1 0.89
2528 3 0.25
4151 0 0.22
2556 2 0.93
524 0 0.89
1996 8 0.15
3769 9 0.7
1848 4 0.76
3219 9 0.66
4695 7 0.81
4470 1 0.07
4946 7 0.71
3753 7 0.9
1729 4 0.89
332 5 0.31
3458 0 0.18
683 0 0.24
316 8 0.54
2603 7 0.25
1374 9 0.61
2430 7 0.21
587 4 0.15
4974 4 0.57
1715 4 0.48
3098 0 0.96
4001 2 0.91
2945 0 0.28
2231 8 0.47
1529 0 0.34
0 3 0.14
2963 7 0.53
4717 3 0.69
118 1 0.24
1143 7 0.75
26 0 0.84
1295 2 0.41
279 0 0.39
1000 7 0.27
4138 3 0.99
2829 2 0.0
3789 6 0.09
115 7 0.22
1280 9 0.55
1011 3 0.25
629 5 0.72
4619 0 0.29
4442 9 0.55
2260 8 0.78
19 5 0.39
1825 1 0.89
2000 3 0.38
3347 1 0.07
2094 2 0.21
1544 9 0.76
1234 0 0.18
1949 7 0.24
4562 9 0.44
3632 5 0.96
4308 8 0.71
2315 3 0.55
3453 8 0.67
2414 7 0.13
318 1 0.28
2341 4 0.17
4040 0 0.84
165 0 0.39
563 6 0.31
2049 0 0.3
2028 7 0.52
4033 8 0.24
4515 3 0.47
3141 0 0.47
1059 2 0.48
1155 2 0.08
1765 2 0.01
3562 4 0.79
4343 7 0.52
4996 8 0.71
4422 8 0.25
2227 2 0.52
4729 2 0.76
1601 0 0.36
3887 9 0.87
537 7 0.21
292 8 0.24
3743 5 0.8
779 5 0.78
4745 0 0.64
4410 3 0.82
2707 9 0.81
3882 5 0.39
2291 2 0.62
231 7 0.09
746 6 0.73
304 6 0.42
4177 2 0.56
4787 2 0.16
3564 7 0.22
2377 3 0.3
4083 4 0.73
562 7 0.21
1546 6 0.65
3802 6 0.37
207 0 0.93
1826 9 0.09
3038 0 0.46
2991 7 1.0
4708 9 0.07
2403 9 0.52
1842 3 0.95
1626 2 0.23
4542 8 0.06
3249 6 0.06
3394 7 0.59
3184 8 0.36
722 9 0.76
4954 0 0.39
2059 3 0.15
2666 4 0.61
156 8 0.43
2481 5 0.3
125 3 0.57
3046 5 0.52
4358 7 0.58
63 9 0.49
1446 9 0.2
4510 9 0.99
2744 9 0.74
2032 6 0.55
4311 1 0.06
3353 6 0.6
4880 5 0.23
4174 0 0.83
1636 5 0.75
4298 4 0.72
673 0 0.99
229 0 0.2
1292 0 0.58
850 6 0.74
4146 7 0.26
927 6 0.36
3907 9 0.5
4297 5 0.01
4689 3 0.04
3354 7 0.26
664 5 0.26
2134 9 0.33
3537 6 0.2
1780 2 0.11
4070 5 0.24
1037 8 0.65
904 2 0.03
4808 9 0.16
3871 4 0.25
225 0 0.46
1953 1 0.5
4457 4 0.36
1037 0 0.69
4122 6 0.41
1358 7 0.86
4878 4 0.31
484 0 0.9
3637 6 0.71
424 8 0.2
2301 8 0.77
4501 9 0.6
2387 7 0.64
753 7 0.78
4809 1 0.2
3100 0 0.16
1055 3 0.63
1377 9 0.85
4952 2 0.75
2661 4 0.3
4154 9 0.36
1417 6 0.36
3874 8 0.11
1443 7 0.49
1370 8 0.1
474 0 0.42
1471 9 0.76
4639 6 0.58
4442 4 0.6
3084 2 0.35
2642 4 0.37
3039 6 0.86
1239 9 0.8
1099 1 0.55
1174 8 0.15
1581 4 0.45
2298 4 0.26
1204 1 0.67
4315 3 0.21
1427 9 0.11
4856 5 0.32
2882 2 0.6
3570 5 0.91
1486 8 0.4
1643 1 0.87
1124 1 0.25
4059 2 0.86
3632 5 0.66
2310 6 0.47
4993 1 0.86
3618 6 0.71
4780 3 0.55
4133 6 0.38
275 0 0.37
4984 0 0.46
687 9 0.82
1779 9 0.19
1545 6 0.45
441 0 0.05
660 0 0.13
2649 8 0.83
548 4 0.81
1414 2 0.52
3226 7 0.03
4064 9 0.82
2958 5 0.06
1412 0 0.78
985 3 0.39
99 4 0.3
2616 9 0.27
1764 6 0.62
1226 6 0.01
3871 7 0.61
2696 7 0.83
4238 7 0.16
2070 1 0.39
1515 3 0.13
2759 1 0.52
1730 0 0.33
4351 7 0.1
3798 9 0.98
1717 0 0.62
4797 8 0.11
3901 9 0.11
2791 3 0.31
1745 8 0.62
3800 4 0.96
1802 1 0.61
3818 1 0.54
1911 5 0.4
1704 6 0.22
1469 6 0.49
3203 8 0.53
2423 3 0.69
4890 9 0.49
426 3 0.7
4249 5 0.45
2517 6 0.75
3214 1 0.62
3893 5 0.85
207 6 0.82
2921 7 0.45
107 7 0.67
175 1 1.0
2229 7 0.44
4050 0 0.34
4274 2 0.83
4727 8 0.21
3458 9 0.23
1651 9 0.35
4018 7 0.14
221 9 0.02
2403 9 0.39
1666 4 0.25
3050 9 0.04
1196 2 0.32
2154 5 0.55
2193 0 0.78
491 7 0.71
1610 4 0.89
2708 7 0.13
204 4 0.21
1998 4 0.84
123 2 0.0
501 1 0.53
2079 9 0.87
1079 1 0.43
2221 0 0.86
262 2 0.82
1658 5 0.44
1898 3 0.51
406 1 0.4
667 6 0.56
607 7 0.8
2796 2 0.28
3063 0 0.02
3706 6 0.21
219 6 0.6
1735 4 0.96
4905 8 0.62
4639 8 0.24
1613 1 0.07
4316 6 0.76
3406 6 0.79
4645 4 0.69
10 0 0.23
700 0 0.58
4650 7 0.64
4171 3 0.45
870 7 0.75
612 2 0.12
2758 6 0.17
1738 9 0.27
4266 8 0.19
4751 2 0.3
291 8 0.91
107 7 0.18
607 9 0.33
3368 5 0.2
1786 1 0.51
502 5 0.35
2229 5 0.51
4579 8 0.81
859 0 0.93
4777 1 0.43
4635 9 0.92
924 6 0.9
2046 2 0.14
1270 3 0.32
1323 5 0.64
3906 5 0.2
1369 0 0.42
3288 3 0.12
1731 0 0.78
3144 7 0.52
1688 3 0.5
312 4 0.79
606 6 0.45
2981 3 0.36
2947 3 0.43
1062 3 0.84
1402 1 0.04
3154 4 0.92
4821 5 0.94
1341 2 0.92
2922 3 0.91
4226 2 0.72
3425 2 0.0
2087 6 0.04
2349 2 0.32
4109 8 0.27
4961 8 0.57
2331 2 0.79
2989 9 0.72
1661 4 0.55
3023 0 0.38
1523 3 0.71
4757 4 0.79
4337 8 0.49
4022 8 0.96
4045 5 0.87
3807 5 0.73
829 2 0.18
1925 0 0.59
2585 7 0.31
2416 1 0.24
3410 5 0.81
94 8 0.71
2057 3 0.78
1633 3 0.64
420 1 0.8
4454 7 0.37
3998 2 0.43
2039 5 0.37
4810 5 1.0
4461 1 0.1
2109 0 0.12
1481 1 0.44
4732 6 0.24
1742 0 0.56
1219 5 0.18
2664 4 0.11
17 4 0.41
2594 0 0.16
168 4 0.51
3470 8 0.09
3401 3 0.83
1738 4 0.97
4773 5 0.3
4923 9 0.81
2610 6 0.57
4580 3 0.64
4538 8 0.54
791 2 0.01
4868 4 0.06
217 4 0.98
2733 3 0.32
3804 8 0.97
4064 7 0.46
2671 2 0.05
1845 6 0.4
755 7 0.0
1569 2 0.5
3571 8 0.99
2376 5 0.5
2024 4 0.3
3716 5 0.94
1674 1 0.52
23 1 0.93
2963 8 0.21
4920 3 0.41
169 5 0.21
1786 9 0.38
3393 8 0.01
2872 1 0.98
472 2 0.17
1838 0 0.82
2738 5 0.73
4188 1 0.52
2039 6 0.86
4337 7 0.01
1665 9 0.16
238 7 0.8
856 2 0.02
649 1 0.48
343 0 1.0
2602 3 0.86
1642 9 0.98
2633 2 0.97
1659 4 0.53
4909 9 0.55
2747 5 0.23
2198 0 0.97
4667 4 0.55
954 9 0.25
2397 0 0.53
3912 7 0.71
1201 4 0.75
3626 7 0.75
2021 3 0.28
3089 7 0.35
4046 3 0.22
567 0 0.1
1074 5 0.26
3509 4 1.0
3556 7 1.0
510 7 0.99
3665 2 0.53
3350 9 0.48
4010 2 0.03
15 2 0.19
1633 8 0.84
355 1 0.28
2630 4 0.28
1160 4 0.09
3492 6 0.2
1281 3 0.31
4267 7 0.79
2508 3 0.83
4708 6 0.19
2467 7 0.84
3208 8 0.96
4164 5 0.59
3796 0 0.58
4819 9 0.24
4108 4 0.52
1965 9 0.64
4657 0 0.4
1479 7 0.29
1463 9 0.23
979 3 0.75
3856 3 0.23
4750 6 0.94
4967 3 0.09
3768 7 0.57
2376 6 0.7
4331 9 0.12
3384 7 0.88
4572 2 0.48
1032 1 0.28
1112 8 0.09
2021 1 0.73
4960 9 0.75
2874 7 0.19
3350 4 0.9
4977 9 0.19
1744 1 0.52
1143 0 0.37
4324 8 0.95
4154 5 0.02
4109 3 0.68
907 7 0.85
2993 3 0.37
2096 4 0.61
4373 1 0.77
4140 8 0.85
3943 7 0.85
1519 6 0.69
3419 2 0.8
2867 0 0.47
521 7 0.32
1567 1 0.65
1761 5 0.84
71 5 0.22
1459 3 0.12
4126 4 0.68
3280 4 0.56
980 1 0.62
842 2 0.52
1885 6 0.9
3437 7 0.47
4633 9 0.68
782 0 0.74
892 5 0.27
3518 5 0.03
3919 3 0.35
3770 8 0.05
2784 5 0.99
3985 6 0.84
939 7 0.03
701 8 0.97
3084 0 0.58
69 9 0.27
1889 2 0.85
4504 1 0.3
311 0 0.63
181 0 0.55
4002 5 0.08
732 5 0.44
3540 4 0.99
2710 4 0.08
2147 6 0.76
990 9 0.89
3308 0 0.33
1097 0 0.8
3864 5 0.62
67 2 0.31
3039 9 0.12
2450 8 0.99
2635 6 0.74
934 8 0.05
4522 2 0.97
1055 4 0.27
3608 8 0.47
2828 7 0.07
70 5 0.19
1749 9 0.74
1593 4 0.68
2835 7 0.4
472 5 0.69
1731 3 0.88
1747 3 0.37
1384 7 0.07
4101 0 0.39
1936 0 0.97
2648 5 0.85
1146 3 0.15
2751 0 0.14
2150 9 0.06
4997 6 0.75
4628 7 0.62
470 4 0.04
2524 2 0.39
1125 7 0.19
3757 3 0.63
3715 5 0.58
1114 5 0.3
2970 5 0.3
4083 9 0.8
4794 7 0.1
1096 7 0.94
640 5 0.28
1798 9 0.35
305 8 0.31
1280 8 0.53
3674 8 0.94
3964 9 0.63
3522 6 0.27
1076 0 0.86
2847 9 0.69
2214 6 0.05
549 3 0.03
89 5 0.36
4377 6 0.77
1996 7 0.09
3681 7 0.78
3659 3 0.99
4064 7 0.53
2766 9 0.93
4252 7 0.73
3928 9 0.96
1292 2 0.36
1319 0 0.54
3418 5 0.68
3628 7 0.68
1529 1 0.5
4658 5 0.8
4789 0 0.54
1141 9 0.78
2302 9 0.24
2075 6 0.66
2038 9 0.82
1952 7 0.89
821 6 0.45
4566 5 0.5
4310 4 0.37
1822 3 0.77
2920 2 0.78
3427 3 0.52
309 5 0.32
675 9 0.95
835 2 0.48
1547 9 0.15
1027 4 0.39
3771 7 0.31
1561 8 0.22
4730 9 0.85
1693 8 0.95
2606 4 0.21
4676 0 0.09
3978 8 0.95
1264 8 0.16
4389 6 0.74
4594 7 0.69
4796 6 0.56
1156 1 0.46
1535 3 0.97
362 1 0.72
947 7 0.2
4788 5 0.54
1154 4 0.93
3626 8 0.02
2035 2 0.12
997 9 0.29
4272 3 0.89
1428 4 0.31
3678 8 0.65
2286 2 0.57
4171 5 0.15
2758 1 0.09
4583 5 0.47
3443 0 0.37
4152 8 1.0
2233 3 0.5
4083 5 0.86
1642 7 0.58
1502 3 0.43
3607 0 0.46
3323 2 0.66
4781 8 0.31
3800 1 0.32
4792 2 0.09
1991 3 0.14
4910 5 0.49
1553 7 0.98
2378 6 0.92
1506 2 0.4
2937 7 0.67
402 1 0.43
2370 2 0.99
3890 6 0.61
2814 2 0.11
214 7 0.9
4721 9 0.99
4495 7 0.43
4839 2 0.77
3478 4 0.23
1667 3 0.9
1374 3 0.71
3622 1 0.74
1743 0 0.35
2380 0 0.72
1443 9 0.81
3082 6 0.34
1573 9 0.76
4627 8 0.93
1518 4 0.35
4499 3 0.21
3406 6 0.05
643 1 0.52
3610 2 0.36
227 1 0.73
44 4 0.02
2535 3 0.12
821 4 0.19
3113 1 0.76
4900 6 0.24
3876 8 0.13
319 4 0.77
799 6 0.32
118 8 0.3
192 0 0.64
3062 7 0.17
4892 0 0.25
196 9 0.19
1513 6 0.14
2108 0 0.76
1076 7 0.22
486 4 0.95
4887 2 0.33
2418 3 0.57
54 0 0.41
1800 8 0.3
4718 7 0.57
74 7 0.75
3216 4 0.08
1469 0 0.86
469 5 0.76
2709 3 0.33
142 7 0.32
1289 7 0.42
4208 5 0.4
2495 0 0.01
723 7 0.87
1816 5 0.76
1807 4 0.75
3 9 0.23
4491 7 0.52
1901 9 0.02
3284 5 0.73
3201 1 0.71
2670 0 0.98
1694 1 0.06
1918 2 0.77
3229 8 0.42
3676 8 0.29
3604 4 0.78
3791 6 0.46
4243 9 0.05
4754 9 0.9
3474 9 0.62
3500 3 0.21
4049 1 0.45
1428 3 0.04
206 5 0.07
2690 7 0.52
2770 0 0.35
1283 1 0.89
1893 6 0.02
2687 1 0.2
1141 8 0.02
2395 2 0.45
4446 8 0.51
4361 1 0.73
1874 2 0.27
685 7 0.13
3272 4 0.11
103 1 0.4
2564 9 0.55
4421 0 0.43
2058 3 0.65
4737 5 0.67
1765 8 0.07
4924 6 0.36
477 7 0.92
1539 3 0.5
4122 9 0.03
3266 0 0.0
480 2 0.98
2666 2 0.42
3310 5 0.64
4433 1 0.17
2562 5 0.85
2224 2 0.68
3392 8 0.5
4810 1 0.81
4038 6 1.0
3403 5 0.36
2394 2 0.41
85 6 0.61
185 0 0.5
4038 6 0.11
2898 8 0.06
457 7 0.9
1059 0 0.08
1236 0 0.93
15 9 0.85
778 7 0.25
4769 2 0.89
423 4 0.43
2309 1 0.77
4888 4 0.83
109 2 0.81
2113 4 0.23
1901 3 0.08
4369 5 0.57
4427 5 0.7
756 5 0.21
1560 4 0.8
4615 7 0.56
3037 8 0.79
4430 2 0.88
2588 3 0.33
4166 1 0.75
3808 4 0.84
1751 9 0.1
1248 3 0.71
710 3 0.74
2060 2 0.58
3456 2 0.17
1089 2 0.76
2525 0 0.96
3266 2 0.93
3623 5 0.04
2395 3 0.46
4453 7 0.87
3734 7 0.47
314 3 0.01
1726 0 0.31
2257 9 0.54
1389 3 0.77
1687 0 0.56
4941 2 0.38
3101 3 0.31
1617 2 0.39
4951 9 0.97
4666 0 0.37
1902 3 0.71
2968 7 0.88
2963 6 0.75
891 4 0.69
2982 0 0.54
1193 9 0.14
3876 0 0.84
1852 8 0.84
770 8 0.83
3251 2 0.51
2474 6 0.31
1697 8 0.05
3829 2 0.98
2624 4 0.5
261 2 0.21
1487 1 0.7
317 7 0.52
2963 3 0.31
2454 5 0.03
2506 6 0.69
2882 4 0.57
1760 5 0.08
4751 3 0.06
1944 2 0.1
229 4 0.0
72 4 0.18
4488 2 0.96
4777 4 0.85
1030 4 0.02
3855 5 0.35
1060 1 0.62
3787 5 0.95
33 1 0.85
712 8 0.15
723 9 0.03
4369 2 0.77
4721 2 0.23
3264 6 0.89
2920 0 0.99
2515 3 0.26
4033 5 0.65
2927 5 0.02
1201 8 0.9
3352 8 0.01
4069 3 0.32
1290 1 0.82
1522 1 0.79
2122 6 0.39
4948 8 0.79
3052 3 0.51
3946 2 0.06
433 5 0.47
2706 0 0.75
147 0 0.98
677 8 0.06
601 6 0.34
687 0 0.71
3315 3 0.87
2220 3 0.78
124 3 0.2
1260 9 0.53
535 5 0.82
926 6 0.84
649 1 0.98
1199 5 0.85
366 3 0.74
3094 0 0.79
3396 1 0.32
2059 2 0.42
1298 4 0.88
2698 6 0.2
1982 4 0.11
4662 7 0.42
934 1 0.83
352 4 0.06
4614 9 0.41
2142 5 0.7
4563 9 0.42
2666 6 0.82
4665 5 0.94
4978 7 0.63
4490 5 0.74
652 5 0.93
3678 7 0.08
4280 8 0.35
728 5 0.82
3475 4 0.8
1447 7 0.26
2440 8 0.33
361 9 0.63
3342 1 0.46
3887 7 0.31
4643 6 0.93
1261 5 0.99
3688 5 0.35
4064 3 0.04
3242 4 0.69
4289 9 0.43
4671 3 0.47
1857 3 0.57
3841 7 0.28
4451 6 1.0
2717 7 0.21
1437 4 0.66
4223 9 0.66
715 8 0.21
392 9 0.77
3236 8 0.78
1827 0 0.87
4917 9 0.65
3576 6 0.62
4168 1 0.91
1861 2 0.61
2738 5 0.08
2492 5 0.53
3172 6 0.7
1341 4 0.88
3966 2 0.97
4702 0 0.57
4015 7 0.62
1696 8 0.48
4676 9 0.02
3513 8 0.1
2911 3 0.47
1854 9 0.63
4193 2 0.55
1515 3 0.65
3089 7 0.58
242 6 0.96
1954 3 0.49
3007 0 0.81
1207 4 0.72
315 3 0.29
3267 8 0.3
768 8 0.01
3896 5 0.62
4563 6 0.25
1250 2 0.7
4686 6 0.0
4369 5 0.55
1634 5 0.81
2993 1 0.15
2020 3 0.99
3076 0 0.63
1870 5 0.92
2602 9 0.83
3854 9 0.63
4089 4 0.78
156 8 0.84
2200 7 0.93
2520 2 0.36
2450 2 0.84
2124 4 0.44
3570 4 0.89
4000 7 0.8
2218 1 0.92
1194 8 0.03
846 3 0.84
1735 7 0.35
1796 4 0.6
2169 0 0.02
1529 6 0.09
1616 1 0.92
1234 4 0.14
3376 1 0.52
2060 6 0.54
1430 0 0.45
3201 2 0.36
2126 1 0.41
4425 8 0.71
4594 4 0.88
4183 1 0.61
2645 8 0.52
1858 0 0.36
2983 9 0.38
2024 1 0.67
355 6 0.55
2763 2 0.32
4186 1 0.33
4183 8 0.83
679 1 0.44
2244 1 0.6
1029 3 0.99
3055 8 0.91
4284 2 0.18
1075 4 0.33
3355 4 0.34
1645 7 0.79
2949 6 0.73
3822 4 0.03
889 4 0.26
3275 3 0.83
1611 1 0.82
2475 6 0.66
2439 2 0.87
4166 0 0.81
2844 7 0.96
2914 4 0.24
2127 3 0.67
577 6 0.82
570 2 0.66
609 1 0.23
2336 7 0.72
519 9 0.03
1239 8 0.55
3915 6 0.72
188 1 0.83
2831 8 0.89
3779 5 0.39
2917 6 0.29
3669 9 0.82
3720 9 0.75
2751 2 0.37
4678 8 0.68
938 4 0.82
609 8 0.61
127 9 0.94
2002 1 0.12
828 2 0.81
32 8 0.15
1217 4 0.42
2808 4 0.63
4683 8 0.51
3325 7 0.34
1691 2 0.68
2592 6 0.13
3730 7 0.13
3790 9 0.86
3694 7 0.03
4873 0 0.15
2127 6 0.76
410 0 0.62
83 5 0.64
1378 0 0.94
1669 9 0.01
4095 5 0.68
3416 9 0.3
3633 3 0.77
549 0 0.3
4768 2 0.85
3899 6 0.14
159 4 0.43
1346 9 0.38
600 1 0.64
4792 7 0.06
1961 0 0.37
1985 8 0.19
3584 5 0.76
3019 0 0.01
2357 9 0.96
4214 7 0.05
689 0 0.24
4371 0 0.53
3254 2 0.59
1029 8 0.86
341 6 0.87
1211 3 0.83
3501 3 0.33
2620 1 0.62
1199 9 0.56
4892 8 0.57
1595 5 0.81
4170 4 0.47
3852 1 0.23
1568 3 0.13
3095 9 0.15
3257 7 0.25
326 8 0.94
2131 7 0.76
991 4 0.71
703 2 0.77
4693 7 0.16
1210 8 0.29
1711 8 0.67
3415 9 0.89
2610 0 0.96
3893 8 0.66
4523 6 0.99
327 3 0.38
4237 8 0.32
449 1 0.84
4062 4 0.82
3231 4 0.33
1923 2 0.24
4165 8 0.51
4935 1 0.23
2042 7 0.94
4190 5 0.35
110 5 0.15
4473 8 0.48
606 0 0.71
2121 9 0.78
117 2 0.05
4322 0 0.52
2321 2 0.08
1304 6 0.62
4569 3 0.3
4504 5 0.64
1070 9 0.43
2138 0 0.22
2613 1 0.85
4946 8 0.13
1003 0 0.9
4229 9 0.97
295 5 0.7
1081 1 0.23
3148 7 0.13
2502 0 0.51
1046 1 0.06
94 2 0.76
2991 5 0.76
2339 5 0.63
746 5 0.65
4266 4 0.33
3266 8 0.74
2532 5 0.3
2822 4 0.83
4524 1 0.66
1835 0 0.29
1968 3 0.38
345 7 0.64
4843 6 0.02
3649 4 0.42
3688 8 0.05
1359 5 0.88
2510 0 0.84
2189 8 0.63
694 6 0.78
4145 7 1.0
3491 0 0.29
3685 1 0.34
1674 6 0.72
781 3 0.79
4537 6 0.23
3900 8 0.13
3731 4 0.05
2405 9 0.86
4884 2 0.2
846 5 0.01
2723 4 0.53
4115 8 0.93
402 5 0.01
4109 8 0.29
4693 1 0.81
2350 1 0.2
3179 1 0.36
2391 1 0.28
3641 7 0.72
1185 6 0.14
1 6 0.31
2291 4 0.42
4999 8 0.06
1791 3 0.27
3496 9 0.62
1915 4 0.34
4309 7 0.91
3743 1 0.14
3243 1 0.8
2012 1 0.49
4077 3 0.2
4366 7 0.99
16 4 0.21
1349 1 0.59
3070 1 0.25
1786 2 0.08
2732 6 0.02
2696 7 0.96
476 6 0.74
3355 9 0.89
3810 7 0.86
1714 7 0.79
151 9 0.38
974 4 0.76
3298 8 0.83
1949 2 0.07
20 9 0.74
3270 0 0.23
4408 6 0.77
2692 1 0.73
1736 1 0.18
4686 0 0.1
4198 7 0.92
4226 6 0.03
4529 5 0.82
781 3 0.14
3461 9 0.23
4912 5 0.48
1083 6 0.93
709 6 0.61
146 3 0.26
488 1 0.17
1369 7 0.06
1665 6 0.1
3784 8 0.44
868 9 0.83
3379 5 0.21
441 7 0.45
2729 5 0.84
1712 9 0.1
2658 3 0.88
3682 6 0.5
2874 3 0.61
1296 3 0.08
1896 5 0.95
1316 6 0.28
3563 6 0.28
1306 5 0.63
338 8 0.48
3052 9 0.17
4875 1 0.87
3724 3 0.66
1673 7 0.68
4527 9 0.41
577 8 0.68
3236 9 0.13
2684 5 0.99
540 8 0.69
1159 5 0.52
1042 8 0.3
2650 6 0.65
1899 1 0.02
2618 0 0.9
69 4 0.1
2952 0 0.03
3165 9 0.88
418 8 0.49
3708 0 0.04
2142 6 0.54
985 3 0.69
172 1 0.12
4799 0 0.45
3463 5 0.88
486 7 0.83
605 7 0.33
1955 4 0.76
3576 1 0.05
3685 4 0.02
568 2 0.41
4897 0 0.79
3923 2 0.86
110 0 0.66
3511 6 0.24
1877 0 0.72
3886 0 0.42
1117 2 0.46
1062 8 0.02
4752 9 0.21
3739 5 0.88
3831 0 0.59
1515 0 0.28
539 0 0.93
2700 1 0.13
2147 1 0.36
845 6 0.99
32 9 0.12
3442 9 0.32
952 7 0.22
1647 0 0.99
1607 7 0.53
859 9 0.69
1085 1 0.45
825 8 0.1
826 2 0.69
3905 3 0.43
2820 9 0.79
3422 5 0.65
3059 8 0.65
4638 2 0.07
2772 2 0.28
512 2 0.3
2534 6 0.62
650 7 0.13
3374 2 0.07
4050 1 0.94
716 9 0.84
1649 8 0.07
22 0 0.39
745 0 0.85
2092 7 0.06
4008 6 0.86
1183 0 0.33
876 9 0.96
4651 9 0.92
2009 5 0.2
3611 8 0.85
1545 7 0.16
1458 1 0.23
3773 3 0.06
490 5 0.01
3591 6 0.51
1066 8 0.7
905 8 0.53
89 1 0.34
3828 6 0.42
380 4 0.08
4676 5 0.83
3376 9 0.33
3741 4 0.87
350 9 0.75
3500 6 0.72
4571 7 0.12
4749 7 0.67
652 0 0.77
2355 3 0.53
1326 1 0.42
227 5 0.34
3313 1 0.28
4517 6 0.75
2211 8 0.4
2478 3 0.44
143 7 0.28
424 6 0.0
1232 4 0.1
2228 4 0.51
853 2 0.16
3701 3 0.44
2818 1 0.84
807 0 0.85
3718 7 0.3
2078 1 0.02
1690 3 0.15
3037 7 0.88
2101 6 0.0
2027 0 0.97
2447 0 0.86
1261 3 0.49
3056 0 0.5
2392 0 0.51
1207 8 0.69
3725 2 0.49
4033 7 0.87
998 5 0.68
4771 0 0.64
4309 7 0.49
1032 6 0.51
1972 9 0.16
2794 6 0.45
1747 7 0.82
748 1 0.3
3332 7 0.8
2501 3 0.92
1999 2 0.73
2618 7 0.47
846 2 0.38
3438 0 0.87
1166 7 0.46
1903 8 0.09
3119 5 0.65
2624 0 0.23
1542 9 0.25
3258 5 0.14
1948 2 0.16
1607 2 0.76
4076 9 0.25
4581 5 0.94
3383 5 0.56
4078 0 0.31
1731 3 0.2
3148 8 0.57
3494 5 0.92
3508 7 0.49
3898 3 0.81
4160 0 0.9
78 7 0.41
639 6 0.65
3462 8 0.56
1332 8 0.59
2256 8 0.43
2144 9 0.03
3328 3 0.69
694 5 0.32
49 7 0.44
871 2 0.17
4132 1 0.7
2326 1 0.27
4031 8 0.8
3606 3 0.44
4743 7 0.54
3183 7 0.27
3721 4 0.96
1127 0 0.46
160 4 0.32
1940 0 0.67
1996 7 0.88
181 3 0.7
4784 1 0.22
1967 1 0.59
930 8 1.0
4740 8 0.04
617 5 0.4
1729 2 0.2
4001 5 0.33
4091 5 0.36
1333 8 0.68
897 8 0.38
3976 3 0.71
860 5 0.32
2404 5 0.12
4272 6 0.9
987 9 0.74
3260 5 0.3
4146 2 0.34
1324 3 0.25
3630 7 0.64
2608 9 0.84
3260 2 0.37
2507 3 0.61
3429 1 0.63
1051 3 0.09
324 5 0.34
373 3 0.05
4153 5 0.02
3481 3 1.0
2410 9 0.73
4888 1 0.57
1281 1 0.95
4515 1 0.85
4693 4 0.73
1329 0 0.38
1254 6 0.1
4287 7 0.53
1242 0 0.61
2317 1 0.44
1251 9 0.71
806 1 0.41
4764 6 0.46
3098 5 0.15
1908 4 0.66
3089 9 0.77
2261 9 0.49
3478 3 0.74
4187 7 0.26
451 7 0.96
4538 7 0.01
279 5 0.54
1608 0 0.08
624 8 0.56
3597 9 0.32
2575 2 0.55
2933 2 0.51
2398 9 0.62
1860 6 0.04
887 0 0.53
3173 8 0.34
3374 0 0.67
2913 4 0.45
3737 2 0.79
3973 3 0.43
799 5 0.98
4191 4 0.17
3277 7 0.91
293 2 0.6
4605 7 0.11
448 7 0.52
2744 3 0.96
4912 8 0.2
2955 8 0.66
1755 7 0.14
2483 8 0.04
3850 9 0.69
571 5 0.96
3560 4 0.85
2443 5 0.76
1516 6 0.76
2079 8 0.86
1390 0 0.73
4090 6 0.04
1089 9 0.62
3001 0 0.53
3416 5 0.09
3309 2 0.3
4381 1 0.11
2079 0 0.65
1663 7 0.6
4050 4 0.54
399 4 0.0
3150 8 0.85
4763 3 0.06
4321 4 0.46
2186 3 0.51
4916 2 0.84
2319 2 0.49
4194 8 1.0
456 0 0.39
2585 2 0.22
1097 2 0.5
4062 5 0.92
2478 5 0.16
4556 0 0.58
1290 7 0.15
4368 1 0.85
3701 0 0.31
647 7 0.61
2158 7 0.59
374 2 0.1
2523 6 0.59
2580 0 0.53
1281 4 0.02
3252 9 0.35
300 7 0.52
1545 4 0.13
4824 4 0.06
873 9 0.74
3445 6 0.59
3005 9 0.66
2115 5 0.44
2578 6 0.19
3176 2 0.18
2498 2 0.43
2924 3 0.91
2018 8 0.85
606 7 0.41
4889 7 0.71
4515 1 0.15
3801 8 0.24
2210 4 0.06
1835 1 0.02
2915 1 0.49
3054 9 0.49
1863 4 0.4
833 0 0.04
2467 1 0.34
2075 1 0.78
3273 1 0.88
300 7 0.37
1806 3 0.89
865 4 0.34
3699 4 0.34
3406 7 0.85
4693 0 0.94
3662 7 0.94
2918 2 0.64
1076 4 0.79
1260 5 0.61
2255 4 0.13
506 9 0.43
2914 5 0.7
2223 9 0.13
3644 5 0.12
1312 0 0.42
544 4 0.04
3689 6 0.38
3995 1 0.49
4783 3 0.88
3946 4 0.45
726 4 0.68
3284 6 0.07
3907 7 0.86
2224 2 0.88
2913 3 0.93
3015 4 0.69
4681 4 0.92
2405 2 0.73
2572 4 0.76
3401 5 0.74
2757 9 0.88
3700 0 0.8
258 9 0.65
1030 8 0.92
3375 3 0.54
2481 0 0.52
1771 5 0.64
3966 9 0.98
4411 9 0.87
2869 1 0.86
4706 4 0.89
4379 5 0.65
4322 9 0.44
2197 2 0.68
61 0 0.84
3471 8 0.75
4698 5 0.44
2238 0 0.17
2775 3 0.77
4535 8 0.65
1017 1 0.67
4176 5 0.18
1284 7 0.64
2970 6 0.18
4426 8 0.79
1780 0 0.59
4812 9 0.61
1202 3 0.43
2982 3 0.66
4534 7 0.96
4461 8 0.43
2365 8 0.28
485 3 0.02
1734 7 0.94
3397 3 0.56
1017 9 0.22
4004 6 0.64
309 7 0.44
211 4 0.6
341 8 0.04
4169 8 0.94
2892 1 0.48
4477 4 0.2
3290 5 0.49
1677 3 0.49
1841 1 0.19
1167 5 0.86
4509 3 0.14
1006 1 0.94
3746 3 0.95
1622 3 0.93
1037 5 0.36
3281 6 0.93
1122 3 0.58
3767 5 0.62
2934 6 0.11
1396 4 0.4
3243 7 0.29
4958 9 0.19
4231 7 0.42
4701 3 0.05
4684 8 0.45
4220 3 0.99
866 2 0.15
2385 2 0.53
802 1 0.06
4157 8 0.07
310 8 0.27
4209 4 0.31
148 0 0.96
3833 4 0.11
947 5 0.15
262 7 0.6
43 4 0.49
3772 6 0.81
4509 7 0.56
3232 3 0.58
4664 3 0.84
2630 9 0.25
1263 1 0.12
2615 7 0.8
2017 6 0.38
3905 8 0.23
4109 4 0.09
3825 6 0.43
4589 9 0.1
1683 2 0.69
2443 6 0.28
1342 6 0.28
4446 5 0.49
2086 3 0.68
1235 2 0.49
4217 2 0.82
1592 8 0.3
960 4 0.1
2381 5 0.38
1078 0 0.06
1751 8 0.17
4539 1 0.76
2288 5 0.3
3401 4 0.7
1121 3 0.72
711 8 0.51
842 1 0.63
2841 8 0.23
4007 1 0.02
1605 9 0.47
4712 3 0.97
1107 6 0.61
2950 2 0.78
3260 8 0.82
847 1 0.01
1991 0 0.1
4288 0 0.16
649 1 0.79
1134 3 0.42
4658 2 0.66
3891 9 0.93
2621 0 0.32
4554 8 0.05
2916 9 0.52
3901 8 0.03
930 7 0.6
4667 4 0.07
755 3 0.07
3525 4 0.28
2437 0 0.03
875 9 0.26
878 7 0.27
769 8 0.98
362 8 0.62
1523 3 0.43
3077 5 0.75
2792 3 0.36
2444 7 0.33
3207 8 0.04
4014 1 0.2
1981 1 0.29
4017 1 0.02
2104 0 0.59
3162 2 0.64
4640 4 0.71
1503 6 0.45
4697 3 0.92
3728 1 0.99
935 8 0.87
762 8 0.18
831 3 0.7
3251 3 0.66
4042 9 0.59
4117 9 0.77
4276 3 0.81
1366 2 0.64
1661 6 0.7
1483 7 0.7
1703 3 0.31
3368 4 0.16
3610 3 0.47
2574 3 0.92
729 3 0.66
3741 7 0.31
1018 0 0.04
2742 9 0.45
728 1 0.74
2503 8 0.86
920 7 0.48
4937 3 0.7
167 1 0.43
2983 4 0.17
290 8 0.78
1847 8 0.25
2915 8 0.7
1999 9 0.2
2477 0 0.56
1922 0 0.5
3112 0 0.13
2279 5 0.37
2678 3 0.14
4794 1 0.08
399 6 0.41
96 3 0.74
2524 8 0.24
1856 7 0.25
3842 0 0.33
585 6 0.98
1877 3 0.17
2638 5 0.18
807 5 0.9
3385 7 0.04
3166 2 0.33
1140 0 0.06
1067 1 0.58
2216 7 0.46
399 7 0.23
3909 5 0.4
1934 9 0.98
2865 1 0.9
4279 7 0.1
2436 3 0.75
4133 4 0.46
4807 9 0.34
940 8 0.76
4878 7 0.72
4184 6 0.25
3668 2 0.68
2181 3 0.75
2350 0 0.53
1655 4 0.4
680 3 0.31
2943 4 0.92
2146 5 0.91
1006 8 0.13
3315 0 0.77
3897 8 0.88
4362 5 0.42
2154 2 0.13
4311 1 0.59
879 5 0.45
4346 6 0.14
4052 7 0.72
2047 0 0.49
3518 1 0.46
1328 1 0.02
61 2 0.68
3853 3 0.23
275 2 0.2
4084 8 0.48
3712 6 0.37
3721 6 0.63
4097 9 0.39
3666 3 0.31
710 2 0.26
715 8 0.29
3230 6 0.55
738 2 0.12
1962 5 0.76
1761 1 0.68
2626 6 0.11
3508 8 0.65
1315 7 0.62
676 0 0.75
4462 9 0.8
1622 1 0.82
3570 3 0.77
193 6 0.83
2327 7 0.65
3748 0 0.97
4665 2 0.57
227 4 0.97
2187 5 0.74
3642 4 0.02
179 1 0.12
4264 7 0.63
3975 2 0.36
4028 6 0.82
1356 8 0.78
1092 3 0.29
37 9 0.68
1682 6 0.71
1072 5 0.59
3975 8 0.47
524 7 0.61
2097 7 0.91
2263 6 0.95
3381 0 0.38
3866 9 0.0
3007 0 1.0
4123 0 0.17
2399 4 0.61
1953 1 0.26
2937 6 0.06
4635 8 0.29
1853 6 0.14
387 4 0.43
4609 0 0.59
1297 5 0.33
1258 3 0.87
193 4 0.32
4096 3 0.03
4613 9 0.68
1330 9 0.8
619 2 0.9
317 7 0.61
2880 8 0.18
2343 1 0.23
3463 4 0.92
3666 8 0.68
3166 5 0.07
2746 0 0.03
3786 6 0.95
173 1 0.68
1832 4 0.57
274 6 0.28
1482 7 0.03
4809 6 0.72
1119 5 0.94
1565 9 0.32
4248 5 0.06
1782 8 0.29
352 9 0.26
3199 1 0.18
619 5 0.44
3038 8 0.8
2419 7 0.43
2079 7 0.02
3684 7 0.01
4997 7 0.39
3200 2 0.36
3392 3 0.45
3165 7 0.12
2616 2 0.91
1825 6 0.96
522 1 0.62
2912 7 0.4
337 6 0.6
300 9 0.77
2804 2 0.72
993 0 0.38
966 6 0.54
4846 7 0.42
4677 7 0.87
3172 6 0.01
2184 4 0.16
2347 1 0.51
4082 3 0.48
2124 9 0.15
59 0 0.21
3783 4 0.68
1325 5 0.42
547 1 0.51
3389 8 0.46
3510 4 0.08
683 2 0.45
4552 7 0.4
3272 7 0.45
2226 6 0.9
2428 9 0.14
803 6 0.64
3791 0 0.27
4911 4 0.03
2831 3 0.68
2188 4 0.06
3794 8 0.02
2644 2 0.28
3266 6 0.95
2225 1 0.15
595 6 0.76
529 7 0.14
3350 5 0.32
3844 6 0.29
2783 0 0.98
981 8 0.6
2022 2 0.59
4667 6 0.71
3469 8 0.73
3216 6 0.0
2477 3 0.53
4187 9 0.43
4955 6 0.17
3257 7 0.04
798 5 0.46
3521 1 0.21
4533 2 0.8
152 2 0.12
4267 8 0.65
4270 1 0.43
2964 0 0.02
3329 1 0.59
1949 6 0.07
3632 5 0.12
278 5 0.34
3062 8 0.78
2289 5 0.36
1122 3 0.74
182 2 0.44
3573 0 0.21
2852 2 0.11
4656 6 0.85
3101 5 0.94
4247 5 0.91
3230 2 0.87
4545 1 0.12
367 8 0.81
1222 0 0.03
593 3 0.81
4985 9 0.9
215 5 0.11
831 7 0.39
2449 1 0.92
4657 5 0.36
3680 1 0.66
4153 9 0.99
1670 5 0.77
2323 3 0.53
2302 4 0.66
4253 6 0.9
910 6 0.22
2926 4 0.29
2547 9 0.76
1183 6 0.86
3807 9 0.56
575 2 0.74
2158 3 0.67
3297 1 0.23
3476 6 0.2
491 8 0.78
1206 1 0.33
4849 5 0.96
2328 1 0.29
3749 3 0.44
2268 8 0.61
4516 5 0.71
194 9 0.21
4746 9 0.74
664 3 0.08
3412 6 0.63
1970 5 0.78
353 7 0.15
1705 8 0.09
2918 3 0.79
3433 6 0.25
3933 3 0.25
1242 0 0.6
1188 4 0.85
3588 7 0.43
235 7 0.98
2905 4 0.4
3113 9 0.41
2331 1 0.14
4249 7 0.69
713 8 0.09
3791 4 0.05
3120 9 0.88
2522 3 0.71
4750 9 0.17
833 2 0.41
507 3 0.14
1593 1 0.61
2735 9 0.44
3333 7 0.19
137 2 0.19
2750 8 0.19
4806 2 0.83
2453 7 0.95
2870 6 0.03
4701 3 0.11
464 9 0.0
3564 8 0.04
1052 6 0.92
4780 1 0.57
1825 0 0.9
2555 9 0.9
9 3 0.37
492 0 0.35
14 7 0.49
386 4 0.18
4735 1 0.98
1291 5 1.0
4826 3 0.8
926 3 0.26
4672 2 0.25
826 0 0.44
927 5 0.37
4644 6 0.1
2589 2 0.91
4280 1 0.14
4118 5 0.21
1363 3 0.19
2651 9 0.75
4847 0 0.29
407 0 0.3
4605 3 0.47
496 3 0.43
3659 5 0.85
3264 8 0.5
2972 3 0.57
4711 3 0.57
4885 7 0.8
1802 0 0.64
719 2 0.39
4285 5 0.28
4361 2 0.03
4567 1 0.58
685 3 0.2
1724 1 0.05
1567 4 0.21
540 1 0.02
682 8 0.13
1036 1 0.21
710 7 0.44
1188 9 0.9
1791 3 0.18
1438 8 0.96
3857 3 0.23
582 8 0.08
1957 3 0.47
2666 9 0.86
3818 6 0.34
2704 5 0.26
4 3 0.78
1467 0 0.37
3418 6 0.53
698 1 0.44
3801 8 0.95
4631 2 0.75
3608 2 0.87
4703 8 0.12
4129 7 0.59
2742 6 0.98
354 3 0.95
643 6 0.48
3518 6 0.83
452 1 0.96
4762 0 0.19
148 3 0.73
4003 6 0.53
1200 2 0.37
3006 8 0.31
468 2 0.25
217 6 0.36
1454 3 0.46
4652 2 0.02
537 5 0.01
3665 8 0.61
790 4 0.68
3095 7 0.31
1781 7 0.03
2204 5 0.2
1693 1 0.03
3052 9 0.14
3922 9 0.88
2852 6 0.75
1158 1 0.24
574 9 0.09
1623 8 0.82
313 2 0.04
4387 2 0.11
1711 8 0.27
1423 1 0.74
1580 4 0.23
4496 2 0.62
3232 7 0.04
642 9 0.42
1130 9 0.76
3066 0 0.54
2900 7 0.2
1818 6 0.97
426 7 0.15
1893 4 0.97
2095 2 0.38
3430 6 0.65
766 2 0.91
3945 1 0.05
3637 2 0.95
495 5 0.76
4084 9 0.06
740 9 0.48
3496 4 0.38
3192 8 0.1
229 5 0.36
4695 3 0.7
3923 7 0.25
3217 3 0.4
1823 6 0.84
4517 6 0.58
2592 2 0.4
1930 9 0.34
731 8 0.1
2999 9 0.82
3168 6 0.04
3704 3 0.24
2131 1 0.5
2982 0 0.8
4208 1 0.47
2350 4 0.53
4555 4 0.97
2679 6 0.13
3279 7 0.98
2508 6 0.07
1528 7 0.4
3773 6 0.59
4917 2 0.9
268 5 0.06
1131 7 0.49
2598 8 0.48
4963 6 0.51
613 0 0.93
3477 3 0.37
157 0 0.82
1729 1 0.87
3279 1 0.29
2592 4 0.05
3020 6 0.89
4884 1 0.17
970 2 0.48
2103 3 0.61
2826 5 0.69
1322 5 0.99
3845 6 0.15
4168 1 0.54
3643 0 0.3
9 6 0.78
4087 4 0.26
852 9 0.98
3419 8 0.81
4207 0 0.52
2137 9 0.08
3361 2 0.67
1629 1 0.15
2927 8 0.08
1166 7 0.86
1333 0 0.34
227 2 0.47
1233 4 0.16
2441 9 0.69
56 9 0.66
4416 8 0.72
2217 1 0.76
371 0 0.13
2628 5 0.72
4095 1 0.91
1576 9 0.65
5 9 0.53
75 6 0.44
3095 8 0.54
4724 8 0.39
2632 5 0.93
3674 5 0.99
4508 3 0.31
2086 7 0.5
3948 8 1.0
527 0 0.94
3830 5 0.97
562 2 0.91
4334 6 0.49
2362 6 0.23
2269 4 0.7
3099 6 0.7
4373 0 0.45
4393 1 0.04
2983 2 0.89
3443 2 0.3
1891 1 0.11
4093 1 0.42
2220 5 0.1
1248 2 0.73
3336 6 0.04
869 4 0.22
3587 8 0.15
970 4 0.25
2027 1 0.95
1030 0 0.15
4996 5 0.51
2353 3 0.21
4042 0 0.96
3229 0 0.98
3595 8 0.5
3008 5 0.15
1601 2 0.32
1920 2 0.98
3800 3 0.56
3863 4 0.48
4164 3 0.86
190 0 0.29
2017 3 0.43
520 5 0.18
4047 3 0.45
790 5 0.26
3971 8 0.84
4030 9 0.66
1157 6 0.25
4395 3 0.8
1395 7 0.11
1531 0 0.35
3230 5 0.98
2940 9 0.21
1710 8 0.48
2211 1 0.49
253 5 0.03
821 9 0.35
1265 0 0.09
579 9 0.74
3818 4 0.22
4246 8 0.72
1473 3 0.34
1083 9 0.42
1041 4 0.74
4953 0 0.87
4546 7 0.85
2933 8 0.8
208 2 0.27
820 3 0.88
1683 7 0.2
4119 8 0.7
2691 7 0.2
4853 5 0.61
4379 3 0.56
2030 3 0.94
31 9 0.2
4811 9 0.19
3389 5 0.57
1880 3 0.42
1993 7 0.59
108 3 0.92
3292 5 0.85
2006 7 0.09
2745 1 0.79
1433 0 0.01
4222 8 0.2
2996 8 0.08
2810 4 0.21
500 2 0.12
1649 5 0.99
1421 2 0.02
3070 1 0.99
3021 2 0.42
1040 7 0.54
3079 0 0.76
3588 9 0.18
594 2 0.3
1127 8 0.52
3349 6 0.83
2112 3 0.24
1390 1 0.31
4970 1 0.71
3094 8 0.3
3060 5 0.35
1804 0 0.63
186 4 0.29
1691 8 0.47
1585 7 0.24
1076 7 0.32
3534 0 0.2
1191 1 0.64
2547 3 0.03
4151 5 0.38
1917 2 0.01
123 7 0.49
3407 3 0.26
3872 8 0.27
667 2 0.14
1876 5 0.85
3987 8 0.43
2604 6 0.74
3018 8 0.64
4451 8 0.42
2745 0 0.76
4125 7 0.87
263 4 0.66
4077 4 0.21
3815 5 0.27
3808 4 0.6
4587 0 0.74
2377 3 0.92
1996 4 0.07
1204 9 0.84
2200 5 0.75
4837 0 0.86
3416 7 0.73
694 9 0.53
2790 3 0.96
3644 1 0.0
2784 3 0.53
576 3 0.9
4507 7 0.84
1111 7 0.43
3966 5 0.48
3558 1 0.94
2161 5 0.81
1237 3 0.58
3108 5 0.55
4290 1 0.35
2216 5 0.52
2062 6 0.4
2782 3 0.76
3444 3 0.72
3257 5 0.59
1960 2 0.95
1335 6 0.67
1067 1 0.41
721 5 0.25
4969 2 0.34
81 3 0.72
3925 9 0.2
1400 5 0.5
2284 7 0.59
370 7 0.04
3808 9 0.23
4387 8 0.18
1924 3 0.41
3878 8 0.44
3038 1 0.34
622 3 0.87
4554 3 0.26
987 4 0.29
1035 8 0.94
1001 3 0.02
3372 4 0.73
2420 9 0.09
3167 4 0.98
4272 6 0.31
4311 5 0.36
2473 1 0.87
702 3 0.13
2910 5 0.94
2245 1 0.63
2981 1 0.82
1780 3 0.86
115 8 0.21
188 8 0.97
3699 4 0.03
2145 5 0.41
2993 3 0.57
4253 5 0.81
2996 0 0.89
614 1 0.09
3816 0 0.2
559 9 0.15
2995 3 0.11
2261 1 0.02
4007 8 0.05
1882 2 0.73
4202 7 0.4
3298 0 0.27
1582 6 0.0
906 6 0.18
3871 3 0.06
1031 1 0.52
4550 6 0.58
4306 2 0.44
3734 1 0.08
4410 7 0.1
4547 8 0.0
605 0 0.42
1442 2 0.77
3518 3 0.48
2301 4 0.01
2108 2 0.21
3155 9 0.39
4872 1 0.63
842 4 0.84
4839 1 0.09
736 0 0.29
1920 6 0.76
787 4 0.6
2287 4 0.95
1751 3 0.18
2773 8 0.92
3479 7 0.31
1177 3 0.27
1873 1 0.86
2126 1 0.77
856 4 0.41
4706 0 0.26
1051 5 0.43
3325 8 0.94
1441 0 0.17
4769 3 0.05
1092 3 0.76
1441 8 0.82
1412 4 0.09
3899 4 0.2
4672 0 0.49
2061 6 0.88
2641 0 0.99
3293 3 0.24
4337 1 0.6
1496 1 0.5
2449 2 0.75
2811 3 0.61
299 9 0.15
3608 2 0.05
1915 9 0.77
4807 3 0.08
3822 2 0.87
4651 6 0.85
3164 6 0.92
774 8 0.58
354 3 0.65
3100 3 0.85
2358 0 0.93
2012 4 0.89
238 4 0.49
4962 2 0.05
1209 6 0.93
1148 9 0.78
4045 4 0.21
3757 4 0.32
1651 0 0.32
1665 1 0.02
1976 4 0.73
34 2 0.53
909 6 0.62
819 2 0.16
3191 3 0.79
1762 5 0.75
2940 6 0.76
14 1 0.35
788 9 0.22
3471 7 0.62
245 7 0.02
1361 2 0.53
4285 9 0.58
4272 4 0.45
1784 5 0.68
1631 8 0.27
4826 3 0.04
4618 5 0.89
3309 4 0.94
3178 4 0.53
100 5 0.1
4004 6 0.5
460 5 0.71
2507 9 0.72
1091 5 0.12
985 6 0.29
672 0 0.51
2790 9 0.43
1663 9 0.57
116 2 0.43
4617 9 0.16
1567 3 0.76
4973 6 0.97
42 0 0.77
2224 0 0.1
3666 6 0.22
399 9 0.31
2882 2 0.42
4842 7 0.33
2256 3 0.62
955 4 0.64
3268 4 0.79
239 6 0.73
3180 7 0.53
3758 5 0.85
2535 9 0.74
3554 3 0.42
885 2 0.78
4324 2 0.48
4493 7 0.56
3147 8 0.4
2772 3 0.6
3640 5 0.76
2816 0 0.47
139 7 0.06
4807 1 0.85
1116 1 0.76
430 6 0.58
805 1 0.67
732 2 0.7
1019 2 0.95
3079 3 0.82
4439 6 0.12
403 8 0.62
2972 1 0.79
2188 2 0.48
1983 0 0.7
4230 0 0.33
4330 6 0.98
1841 5 0.17
204 3 0.83
701 8 0.47
140 7 0.34
428 6 0.68
2738 8 0.52
4581 9 0.87
627 7 0.95
2119 3 0.75
4013 5 0.54
4970 0 0.27
4852 9 0.9
3709 5 0.05
1667 1 0.29
1861 3 0.4
1636 5 0.93
78 6 0.75
2126 6 0.64
3273 4 0.41
3691 9 0.66
4987 0 0.66
4171 0 0.29
2745 0 0.51
308 6 0.54
1832 7 0.21
4482 5 0.89
1156 7 0.24
4095 8 0.84
2557 9 0.61
3774 7 0.15
524 5 0.81
1179 6 0.46
1480 5 0.29
3270 0 0.16
2629 5 0.67
1237 8 0.63
1925 8 0.5
1706 6 0.34
2514 6 0.23
1803 9 0.94
3528 0 0.45
2788 2 0.35
4972 8 0.03
985 6 0.05
4308 4 0.15
195 9 0.51
4197 4 0.47
9 2 0.19
16 3 0.62
802 1 0.64
4127 5 0.59
344 7 0.08
3795 0 0.5
1333 4 0.36
2593 4 0.82
1274 1 0.4
4053 9 0.89
2216 4 0.61
2797 7 0.9
3952 0 0.06
3864 7 0.86
4243 5 0.9
4511 2 0.17
36 7 0.91
4835 4 0.23
4429 0 0.92
2513 7 0.39
4076 6 0.17
2726 1 0.73
3819 6 0.47
2248 6 0.41
3050 4 0.68
2300 8 0.45
4976 9 0.87
2400 0 0.8
2586 9 0.96
1369 1 0.6
4699 6 0.66
777 4 0.84
1771 9 0.88
888 3 0.26
3728 5 0.65
797 0 0.35
433 3 0.03
3580 8 0.42
4152 1 0.43
940 0 0.71
1144 9 0.74
752 4 0.62
3170 7 0.44
1657 2 0.19
599 5 0.21
4109 6 0.98
2634 6 0.77
1379 9 0.84
438 3 0.27
2440 8 0.45
4279 6 0.49
4513 4 0.56
3929 5 0.91
3336 9 0.02
3198 6 0.62
1210 1 0.69
1327 0 0.96
249 3 0.12
4755 1 0.75
4703 8 0.49
3734 7 0.93
2934 7 0.5
3237 4 0.0
2503 7 0.22
1340 7 0.58
923 8 0.58
4903 1 0.1
1430 0 0.35
4004 8 0.75
472 2 0.51
4948 7 0.94
3863 6 0.15
256 1 0.05
333 5 0.34
540 1 0.4
4286 6 0.08
767 4 0.29
2729 2 0.94
2401 9 0.42
2933 3 0.36
3618 3 0.54
4293 9 0.94
2260 7 0.58
4459 4 0.2
2544 4 0.54
234 2 0.37
2369 9 0.74
4965 9 0.14
1435 1 0.04
4682 6 0.46
2103 5 0.65
4098 1 0.61
2369 6 0.78
4671 2 0.43
1004 8 0.17
3509 9 0.61
704 2 0.36
2602 7 0.64
3067 6 0.42
4906 8 0.18
1821 2 0.98
2616 5 0.83
3180 3 0.03
2395 5 0.39
496 4 0.08
3673 8 0.52
2935 1 0.07
4934 5 0.51
3164 8 0.7
2817 1 0.53
561 8 0.16
19 8 0.76
1269 0 1.0
2077 3 0.75
1186 7 0.29
240 7 0.34
4940 2 0.51
98 7 0.89
1097 8 0.94
2821 6 0.32
3111 8 0.78
4511 5 0.56
2507 8 0.09
2247 7 0.5
3870 8 0.59
1492 4 0.08
1132 0 0.89
246 6 0.17
3290 2 0.42
2675 9 0.81
1561 3 0.73
505 9 0.73
3096 0 0.54
2314 8 0.3
1712 2 0.36
933 8 0.52
614 5 0.52
489 9 0.59
3889 9 0.41
4671 4 0.33
672 0 0.49
3289 8 0.48
4139 0 0.69
1503 3 0.54
3598 1 0.21
4341 7 0.74
551 1 0.32
4568 9 0.86
1694 4 0.09
4679 6 0.11
4095 7 0.05
545 5 0.02
3001 6 0.22
4135 5 0.68
1349 5 0.15
1301 7 0.53
1070 1 0.24
1430 3 0.49
1231 5 0.55
2580 0 0.46
143 4 0.06
1511 5 0.14
2987 9 0.86
342 5 0.47
3108 2 0.1
813 5 0.66
409 9 0.33
2529 8 0.41
4347 5 0.42
2005 1 0.71
296 5 0.09
756 8 0.02
2585 2 0.09
1820 8 0.41
4206 8 0.36
2479 9 0.55
4448 3 0.47
4174 5 0.71
4582 0 0.19
1557 2 0.82
3460 3 0.75
3960 3 0.3
945 7 0.65
4836 7 0.98
339 1 0.69
3823 3 0.91
4198 2 0.99
1000 2 0.91
4570 9 0.48
1229 9 0.16
81 8 0.53
2670 3 0.47
1019 6 0.48
1542 3 0.81
1086 4 0.13
2256 9 0.75
3738 2 0.42
2883 4 0.74
4220 1 0.21
1866 5 0.73
2119 2 0.41
3034 9 0.02
648 0 0.24
324 5 0.51
1596 3 0.4
4399 4 0.24
4429 3 0.97
3673 0 0.4
460 2 0.38
2738 8 0.21
13 7 0.22
1076 2 0.81
32 8 0.14
200 1 0.91
4943 7 0.16
4424 4 0.59
2102 5 0.45
219 7 0.72
3907 8 0.34
3651 6 0.78
606 8 0.51
1657 8 0.78
2163 1 0.87
425 3 0.58
574 6 0.14
1447 1 0.49
1004 0 0.21
4944 3 0.67
2991 2 0.31
2892 2 0.77
4731 1 0.56
3945 2 0.35
1442 4 0.08
6 3 0.18
3409 2 0.78
1105 0 0.52
1092 6 0.58
143 0 0.13
1632 0 0.19
2929 6 0.12
4741 4 0.31
1612 3 0.65
302 2 0.74
2547 2 0.72
4369 4 0.9
206 5 0.69
3365 8 0.3
4028 7 0.36
3102 4 0.38
3380 2 0.38
2351 4 0.52
4305 8 0.31
309 0 0.22
538 6 0.61
4806 0 0.57
954 6 0.22
2776 9 0.58
2415 0 0.29
3752 5 0.53
1857 8 0.88
3896 1 0.61
1321 8 0.2
586 0 0.02
4918 2 0.45
1289 5 0.66
2465 0 0.09
2999 6 0.45
4845 2 0.24
1005 2 0.23
822 5 0.32
4987 3 0.42
4752 2 0.06
702 2 0.21
2712 5 0.45
4633 1 0.11
3836 4 0.11
1309 7 0.87
3244 8 0.94
1646 6 0.07
4498 6 0.49
4544 9 0.83
2309 9 0.55
2247 5 0.19
37 6 0.09
2285 8 0.83
4770 0 0.2
4275 1 0.47
2971 5 0.27
4202 4 0.12
3478 1 0.63
514 8 0.37
3696 7 0.56
653 4 0.77
384 9 0.43
879 6 0.19
830 6 0.35
1702 1 0.76
1886 1 0.6
555 9 0.13
2955 6 0.56
3873 3 0.54
4029 7 0.19
4025 4 0.37
1389 4 0.27
3721 1 0.14
1318 1 0.55
520 4 0.97
3126 8 0.92
1863 2 0.28
4377 3 0.27
1685 0 0.08
4822 4 0.04
1420 0 0.36
150 5 0.6
4270 0 0.27
2338 3 0.17
3497 7 0.41
1361 9 0.27
4151 7 0.45
4887 2 0.03
1325 9 0.86
977 3 0.28
1249 4 0.84
2232 6 0.21
4185 4 0.08
3662 2 0.26
3332 9 0.18
2527 1 0.9
2890 7 0.53
211 5 0.9
3543 4 0.48
2028 5 0.42
3392 3 0.3
829 3 0.37
1645 2 0.14
385 8 0.24
134 3 0.95
3936 1 0.01
34 7 0.11
3918 7 0.44
3784 8 0.87
3923 3 0.71
2173 2 0.11
2757 5 0.15
1430 2 0.1
4497 4 0.25
1459 0 0.74
1825 8 0.4
1791 2 0.7
2108 7 0.53
4985 1 0.29
133 0 0.03
2022 4 0.15
2925 9 0.2
3931 1 0.86
1906 4 0.34
3683 8 0.52
2348 9 0.5
447 8 0.93
3867 0 0.44
4324 9 0.52
572 4 0.37
4239 1 0.76
2272 0 0.37
4759 8 0.51
3209 8 0.36
3168 0 0.66
1973 6 0.06
3129 3 0.2
4944 8 0.74
149 3 0.58
2897 6 0.59
435 0 0.4
2797 2 0.58
1644 5 0.35
508 3 0.04
551 9 0.61
1326 6 0.28
3626 4 0.81
3876 5 0.09
4347 6 0.48
4876 1 0.54
974 7 0.22
2755 7 0.63
522 1 0.75
3935 9 0.36
479 9 0.83
3702 4 0.84
143 2 0.56
1180 4 0.34
3226 4 0.92
3802 5 0.2
1433 2 0.86
234 0 0.87
4883 1 0.18
4745 1 0.46
249 6 0.57
3899 8 0.69
2007 5 0.56
4339 7 0.55
153 2 0.29
2663 2 0.0
956 9 0.28
4788 8 0.15
3625 7 0.02
3008 9 0.53
2779 7 0.72
3268 1 0.87
1210 2 0.75
4226 3 0.83
2541 7 0.78
181 5 0.0
4051 5 0.19
1944 5 0.96
3061 3 0.6
2597 7 0.66
1610 2 0.35
1978 0 0.34
999 8 0.19
3047 4 0.07
1334 6 0.65
4094 7 0.26
3913 4 0.73
1937 5 0.82
3081 7 0.66
3039 8 0.28
2567 2 0.59
1139 6 0.68
2835 2 0.73
4630 6 0.95
4976 6 0.59
1451 8 0.46
3166 9 0.15
4093 4 0.11
4250 2 0.08
1118 7 0.13
87 8 0.83
489 4 0.56
745 2 0.48
2059 9 0.63
2475 4 0.49
4754 1 0.8
215 4 0.9
3617 0 0.28
358 2 0.31
289 5 0.41
4809 4 0.7
4369 4 0.4
1259 1 0.0
4440 6 0.14
2592 6 0.4
1176 6 0.96
4833 1 0.48
2366 3 0.5
1704 7 0.18
490 6 0.56
4206 4 0.49
591 5 0.07
4812 0 0.2
3690 0 0.22
2869 2 0.92
4820 4 0.58
4027 7 0.31
507 4 0.57
436 3 0.95
3127 4 0.73
4415 7 0.96
109 7 0.15
4824 6 0.99
4586 1 0.38
656 6 0.87
4115 9 0.95
3476 7 0.86
4990 2 0.83
4666 2 0.65
2598 6 0.67
2480 6 0.57
3949 8 0.87
4185 5 0.39
1725 2 0.33
3603 4 0.18
4077 3 0.14
3172 9 0.53
2644 9 1.0
3104 8 0.3
2053 6 0.46
1641 2 0.55
1747 1 0.98
4173 7 0.47
4795 4 0.05
2297 2 0.52
2544 1 0.51
1387 8 0.15
4317 3 0.83
4755 8 0.39
2307 2 0.32
4366 5 0.96
565 8 0.9
4817 7 0.31
2168 1 0.05
2842 3 0.92
1792 0 0.63
935 0 0.18
2791 1 0.77
1198 8 0.49
4495 2 0.03
3935 3 0.95
2188 2 0.66
4560 4 0.58
417 7 0.78
2737 7 0.16
203 1 0.86
537 0 0.4
1421 2 0.43
1271 7 0.6
66 9 0.54
3800 6 0.07
3581 4 0.28
4681 4 0.03
2069 9 0.13
3116 9 0.85
2220 8 0.4
4550 2 0.76
1470 7 0.03
836 7 0.67
2722 8 0.89
4194 6 0.49
963 5 0.31
3961 6 0.78
3149 3 0.5
2335 4 0.58
1451 8 0.49
1213 8 0.78
4688 3 0.49
91 0 0.56
2133 5 0.66
3533 6 0.52
3869 8 0.76
2919 4 0.4
981 0 0.83
113 5 0.75
3875 6 0.52
2933 9 0.71
2480 1 0.0
1609 5 0.97
2596 9 0.38
3508 9 0.51
440 2 0.1
2819 0 0.33
3933 5 0.4
3185 1 0.07
884 6 0.11
3203 3 0.82
4231 5 0.51
2763 2 0.39
2873 6 0.91
1860 0 0.96
1960 4 0.29
487 1 0.4
4224 6 0.03
2515 1 0.76
4839 5 0.38
3916 3 0.32
2967 6 0.23
3153 1 0.66
859 8 0.99
2304 8 0.03
317 2 0.75
2649 4 0.72
3430 9 0.86
2371 4 0.27
4840 7 0.03
3526 0 0.89
1883 0 0.86
3248 8 0.73
4064 4 0.48
2388 2 0.54
3766 0 0.22
4209 5 0.01
1029 8 0.78
928 8 0.63
3791 1 0.36
3850 6 0.12
2486 0 0.91
4423 0 0.93
1235 5 0.17
4370 2 0.8
4255 2 0.02
1968 2 0.49
126 5 0.06
3085 4 0.03
2609 6 1.0
291 4 0.69
653 5 0.98
1776 2 0.92
4895 6 0.81
3566 6 0.0
1442 0 0.76
183 6 0.58
351 5 0.16
2795 9 0.28
615 9 0.66
1740 5 0.27
2002 9 0.4
2556 3 0.73
2472 4 0.4
4801 6 0.88
4858 4 0.87
1907 9 0.31
4845 0 0.36
2839 1 0.98
1140 7 0.24
3912 3 0.77
3148 4 0.92
475 1 1.0
1690 5 0.08
590 7 0.75
1910 5 0.81
3200 1 0.62
4182 6 0.86
826 8 0.23
4391 9 0.7
4084 2 0.73
3369 3 0.84
1439 7 0.65
2205 7 0.03
4501 5 0.04
4839 3 0.14
2074 2 0.87
2 8 0.11
1120 8 0.46
197 1 0.33
3853 3 0.46
3110 2 0.07
3259 7 0.4
4499 1 0.01
1478 9 0.02
4652 2 0.6
1782 0 0.47
4117 9 0.16
2414 9 0.69
3323 6 0.45
3500 5 0.26
4898 6 0.61
3620 1 0.32
1867 2 0.64
3670 3 0.2
2274 0 0.07
1923 1 0.69
391 2 0.21
3099 8 0.6
2262 2 0.52
1146 8 0.47
581 1 0.26
3416 1 0.6
2674 8 0.16
2527 3 0.87
4193 1 0.69
244 5 0.34
2847 8 0.19
3406 6 0.14
255 7 0.73
2590 4 0.21
315 1 0.49
1956 9 0.06
2885 1 0.57
4286 2 0.99
3309 7 0.76
1857 2 0.1
4467 4 0.42
4857 2 0.38
1556 1 0.81
1623 8 0.57
4426 4 0.88
2751 5 0.84
2888 1 0.19
2396 6 0.68
1958 1 0.74
4756 1 0.19
3113 2 0.03
4869 6 0.06
225 3 0.44
2429 6 0.73
692 2 0.48
782 5 0.4
2362 0 0.83
4508 1 0.77
2436 9 0.88
2529 8 0.47
4632 5 0.36
2355 2 0.98
4440 1 0.05
3320 4 0.48
928 5 0.81
1422 4 0.04
3015 7 0.14
1680 6 0.4
2823 5 0.4
2608 5 0.95
2168 8 0.56
4466 8 0.73
538 2 0.59
4844 0 0.85
1236 3 0.77
3045 6 0.54
4317 6 0.41
4770 1 0.57
3136 8 0.79
4314 5 0.37
67 8 0.14
1268 6 0.78
3180 4 0.25
1506 9 0.67
2754 1 0.68
4152 2 0.56
4372 1 0.94
3978 1 0.98
1146 9 0.41
3081 4 0.18
410 4 0.63
1933 5 0.99
41 7 0.12
779 6 0.79
1680 9 0.4
3754 4 0.84
1445 3 0.09
1631 0 0.47
769 4 0.4
4136 1 0.97
2184 7 0.03
4433 7 0.01
2004 3 0.71
2469 8 0.6
2579 8 0.92
673 7 0.53
2422 3 0.13
534 9 0.36
3642 8 0.07
4406 9 0.65
835 2 0.91
3374 8 0.83
337 4 0.43
1556 0 0.43
2282 0 0.99
1396 3 0.56
559 2 0.58
1126 5 0.49
201 1 0.6
1712 9 0.77
4114 9 0.12
136 7 0.04
3077 3 0.41
2873 2 0.12
926 0 0.85
3269 2 0.65
4669 5 0.53
974 3 0.72
402 7 0.75
4630 5 0.67
3379 2 0.57
3507 1 0.81
4301 3 0.75
1384 3 0.17
3431 1 0.74
2293 8 0.54
3689 9 0.32
2694 5 0.35
3737 9 0.55
931 0 0.26
52 9 0.76
2348 4 0.66
1248 3 0.22
118 9 0.45
2899 4 0.68
1565 7 0.92
3177 1 0.88
4591 3 0.08
1184 7 0.26
693 7 0.07
951 8 0.21
2440 6 0.39
3701 3 0.47
3042 5 0.4
2067 8 0.58
142 2 0.99
1873 3 0.74
4279 9 0.21
1746 7 0.95
2356 6 0.22
2031 2 0.02
2940 8 0.71
4568 4 0.45
4177 3 0.08
2576 8 0.36
1712 9 0.8
1018 1 0.7
2367 5 0.89
3086 1 0.5
4876 7 0.41
4887 3 0.34
430 5 0.93
4464 6 0.56
1957 5 0.07
3755 1 0.64
4620 8 0.12
3615 0 0.16
1543 3 0.71
2564 7 0.53
4520 4 0.97
2432 5 0.28
2315 8 0.61
4751 1 0.11
4426 3 0.84
4411 7 0.84
4568 9 0.77
1549 3 0.4
2794 9 0.26
1753 3 0.35
132 8 0.65
3911 9 0.57
3570 6 0.92
3458 0 0.57
4613 7 0.08
3168 2 0.49
4443 3 0.51
2703 7 0.75
3562 8 0.31
2113 5 0.41
3565 8 0.41
924 0 0.14
3691 8 0.07
734 0 0.64
3976 9 0.09
913 4 1.0
3142 8 0.6
987 9 0.2
572 7 0.65
1003 1 0.7
1149 0 0.9
122 6 0.8
2438 0 0.82
1057 7 0.94
1457 3 0.73
3988 1 0.49
4314 8 0.16
1198 2 0.66
3328 4 0.38
3371 2 0.65
4649 1 0.05
167 6 0.75
4651 4 0.96
4505 9 0.75
3060 1 0.56
4125 7 0.54
3240 6 0.69
3000 0 0.43
1748 6 0.37
3589 9 0.62
177 3 0.69
3614 1 0.47
468 5 0.14
4520 8 0.84
2326 8 0.54
561 3 0.26
2717 2 0.21
4880 0 0.63
511 0 0.68
246 3 0.69
4674 6 0.66
1975 5 0.59
3864 7 0.07
2598 2 0.05
2613 5 0.87
2648 3 0.48
684 0 0.02
2187 2 0.15
4448 6 0.51
436 6 0.8
1000 5 0.65
2028 9 0.07
2292 5 0.1
2300 4 0.29
3894 4 0.11
3240 0 0.65
3907 4 0.8
2270 8 0.22
3970 7 0.02
1697 9 0.89
836 3 0.69
3535 3 0.61
1309 4 0.19
2646 5 0.62
2235 9 0.74
4328 9 0.63
3681 3 0.77
933 4 0.9
4907 3 0.77
3196 9 0.05
3358 4 0.19
888 6 0.86
2005 7 0.3
3744 0 0.91
1492 1 0.6
117 1 0.94
4873 9 0.77
1028 3 0.51
3085 7 0.99
3035 9 0.62
4854 8 0.27
2091 5 0.45
4305 8 0.3
3141 7 0.17
4319 7 0.32
2133 6 0.93
2099 7 0.45
2621 3 0.77
969 9 0.39
201 0 0.23
1208 7 0.78
2731 1 0.12
2487 2 0.03
4237 5 0.63
2689 3 0.1
816 3 0.1
2043 2 0.87
3456 0 0.71
479 3 0.62
222 0 0.71
1499 8 0.01
3670 0 0.66
1438 1 0.86
444 6 0.74
1666 4 0.82
4686 3 0.87
4124 0 0.14
898 6 0.21
4296 0 0.78
3422 6 0.53
1113 2 0.88
2792 7 0.78
1138 3 0.76
4758 6 0.82
4984 4 0.7
1577 5 0.0
3424 0 0.21
740 9 0.91
542 3 0.23
4302 5 0.66
2458 0 0.54
4138 4 0.54
4362 7 0.47
3250 9 0.79
1667 7 0.06
1177 1 0.59
552 0 0.93
4087 8 0.27
3371 9 0.89
3623 6 0.2
3173 2 0.75
1766 1 0.01
2588 1 0.96
2376 2 0.35
4029 9 0.23
2936 3 0.31
2771 3 0.76
625 7 0.3
3190 7 0.34
1974 1 0.33
3050 7 0.27
1395 9 0.48
4051 4 0.78
194 2 0.74
2628 4 0.64
4643 9 0.08
958 5 0.14
3894 6 0.83
4491 4 0.68
775 2 0.21
2988 8 0.5
4634 8 0.76
1120 6 0.53
3734 1 0.87
519 5 0.35
1321 0 0.71
2441 5 0.05
1666 9 0.74
4766 6 0.59
2828 1 0.05
808 7 0.07
3837 7 0.82
2607 6 0.97
4906 1 0.84
2679 7 0.62
109 0 0.26
320 5 0.65
1626 4 0.85
1259 2 0.95
3331 3 0.11
1064 7 0.96
4606 4 0.55
1476 7 0.81
789 3 0.98
684 3 0.76
3236 9 0.34
3744 7 0.58
3513 1 0.47
2070 8 0.49
1248 7 0.35
2396 2 0.83
4933 9 0.37
4339 6 0.69
1015 3 0.99
847 2 0.36
3183 6 0.53
2688 7 0.71
1071 3 0.23
3497 2 0.68
664 0 0.98
3358 6 0.74
2859 2 0.27
4827 0 0.35
4798 3 0.21
1258 8 0.6
3390 2 0.53
1039 4 0.88
1692 2 0.0
4322 4 0.05
928 7 0.05
1248 0 0.13
815 6 0.57
578 0 0.94
4172 0 0.32
4415 1 0.49
2521 8 0.93
1473 0 0.51
1288 8 0.34
517 7 0.3
1864 2 0.87
2570 1 0.51
2998 9 0.03
4087 9 0.06
544 0 0.25
1465 5 0.54
3676 4 0.41
163 9 0.46
1711 2 0.99
2336 0 0.68
2349 1 0.81
2654 2 0.9
3529 6 0.83
2963 5 0.15
779 0 0.76
2356 0 0.28
1407 4 0.94
2738 6 0.79
1505 7 0.26
3611 2 0.58
3392 8 0.79
1517 3 0.75
839 0 0.25
4560 1 0.23
1473 5 0.05
2562 7 0.02
3834 7 0.5
1282 5 0.3
1963 2 0.32
1381 3 0.08
1324 0 0.82
2055 8 0.46
63 5 0.26
319 2 0.24
2706 3 0.31
338 8 0.71
3103 6 0.58
985 5 0.23
2346 6 0.7
3736 4 0.69
1452 2 0.04
3029 0 0.06
1674 7 0.67
3013 6 0.98
3712 6 0.51
1939 5 0.71
1531 7 0.2
1162 1 0.23
1134 5 0.73
4383 8 0.29
4586 6 0.57
2150 4 0.1
4804 9 0.92
3673 4 0.92
3476 7 0.48
1582 2 0.94
1335 6 0.72
4589 8 0.49
1178 2 0.5
4622 9 0.57
1042 7 0.54
4549 1 0.33
4372 8 0.5
3725 0 0.15
2775 0 0.16
4693 4 0.68
4110 6 0.72
416 1 0.33
1559 0 0.31
3099 2 0.02
1586 5 0.58
4277 3 0.54
3419 6 0.73
209 8 0.9
4159 9 0.07
1780 7 0.82
476 9 0.65
4194 8 0.54
3693 6 0.71
1813 4 0.18
1755 6 0.16
67 7 0.06
2737 7 0.96
4563 0 0.7
3939 2 0.24
1785 1 0.83
100 1 0.26
1719 8 0.43
4536 0 0.37
1578 9 0.92
4365 2 0.93
87 4 0.3
1183 2 0.68
3297 4 0.34
493 1 0.26
2177 9 0.33
1223 5 0.06
117 1 0.31
866 3 0.76
3152 1 0.01
3059 1 0.87
4645 6 0.76
3713 5 0.06
1435 8 0.97
375 8 0.99
3985 3 0.07
1846 5 0.55
767 5 0.25
508 1 0.34
1452 8 0.01
2064 9 0.1
2110 2 0.93
321 1 0.39
2406 0 0.89
2361 1 0.08
87 3 0.69
232 6 0.86
4274 8 0.66
3661 5 0.65
1303 9 0.68
1475 2 0.27
1275 6 0.41
3128 8 0.98
3785 0 0.58
905 2 0.9
1083 8 0.85
2470 4 0.65
3617 0 0.63
2096 6 0.22
3806 1 0.8
2668 2 0.74
4050 8 0.22
899 1 0.25
2508 6 0.87
1899 9 0.28
1999 5 0.58
4586 1 0.68
2224 2 0.38
1493 2 0.32
3469 8 1.0
3657 8 0.32
4367 4 0.14
4228 7 0.87
2430 5 0.41
4079 6 0.93
1293 1 0.68
4951 4 0.63
2251 8 0.2
1692 5 0.32
3029 5 0.15
3693 9 0.83
2096 6 0.38
4353 2 0.98
41 4 0.14
1314 8 0.87
3810 2 0.71
3321 7 0.21
2936 2 0.83
3847 4 0.73
1330 9 0.39
3157 0 0.54
4306 2 0.63
3136 4 0.09
427 1 0.22
3837 4 0.34
243 4 0.68
1268 7 0.24
1380 3 0.28
1499 5 1.0
688 1 0.09
2741 4 1.0
3568 6 0.04
3625 7 0.41
1299 5 0.35
4566 0 0.51
330 2 0.47
3993 3 0.13
2679 2 0.17
2954 0 0.94
3197 9 0.68
3193 2 0.07
2857 3 0.08
1557 9 0.18
2905 1 0.78
2939 4 0.57
3881 2 0.62
1420 1 0.32
3456 0 0.56
4154 9 0.91
3583 9 0.41
606 2 0.9
1448 1 0.61
2119 3 0.14
2063 8 0.35
2224 7 0.67
2058 6 0.18
1294 9 0.53
4009 2 0.93
1089 7 0.42
1369 4 0.7
4799 1 0.72
1193 4 0.1
2680 3 0.54
974 6 0.77
3717 4 0.25
2890 6 0.84
4938 3 0.11
4359 3 0.79
3911 9 0.96
2339 6 0.8
965 7 0.55
4911 6 0.46
1366 3 0.68
4126 4 0.92
570 0 0.25
2753 4 0.53
4425 0 0.86
3742 0 0.35
1791 3 0.64
3454 8 0.2
3903 3 0.67
309 7 0.76
930 5 0.88
4620 7 0.11
4013 2 0.34
3605 3 0.94
3984 8 0.45
4797 9 0.01
1254 3 0.03
4027 0 0.72
1753 7 0.9
302 7 0.85
3357 8 0.27
4686 8 0.39
2388 9 0.35
369 9 0.99
1123 5 0.18
414 6 0.38
3106 3 0.79
2036 0 0.88
3531 0 0.99
429 1 0.68
464 9 0.24
4020 6 0.36
595 5 0.64
1850 5 0.48
1435 7 0.26
505 9 0.79
737 8 0.17
2222 9 0.1
137 2 0.04
2746 0 0.11
3340 2 0.69
782 8 0.19
1830 2 0.79
1644 0 0.17
455 1 0.36
3794 2 0.69
873 7 0.91
1078 5 0.01
3958 4 0.56
4428 7 0.13
791 6 0.88
4132 1 0.6
1293 2 0.17
4284 5 0.51
905 9 0.71
4997 8 0.66
659 1 0.44
2981 2 0.81
1727 7 0.15
4556 3 0.04
2108 8 0.27
2706 6 0.66
3645 7 0.85
3464 3 0.1
2576 8 0.67
2604 8 0.09
4195 2 0.42
4196 2 0.73
848 5 0.97
299 2 0.74
3793 7 0.08
1998 1 0.88
1968 9 0.48
3213 5 0.43
74 7 0.93
227 6 0.53
1196 0 0.7
2108 1 0.98
3800 5 0.03
4307 3 0.51
924 7 0.58
3198 7 0.59
93 9 0.88
925 5 0.63
2945 2 0.04
1452 9 0.32
2660 1 0.59
450 5 0.94
2554 4 0.74
3050 5 0.12
613 3 0.25
1156 8 0.9
935 3 0.16
4882 8 0.38
4360 9 0.19
4385 8 0.47
4343 3 0.47
206 8 0.2
1379 0 0.3
2204 7 0.0
689 2 0.33
1383 0 0.63
1230 0 0.53
497 8 0.97
744 5 0.7
726 9 0.78
2725 8 0.51
458 2 0.82
2995 5 0.68
4398 8 0.88
692 4 0.42
3055 0 0.16
3015 8 0.58
347 8 0.93
4497 4 0.66
3965 1 0.99
3477 3 0.63
3873 9 0.17
1947 2 0.01
768 2 0.82
3851 1 0.58
320 0 0.55
3793 5 0.16
2124 6 0.92
1217 8 0.77
332 4 0.47
2432 0 0.98
2251 9 0.94
526 3 0.9
2348 8 0.74
3565 0 0.53
2733 2 0.34
905 1 0.82
2099 0 0.84
682 1 0.05
2980 9 0.1
4912 0 0.63
2277 2 1.0
3901 9 0.11
1218 3 0.05
377 0 0.92
1688 7 0.15
2773 1 0.62
2923 0 0.36
1863 1 0.76
4526 2 0.91
724 2 0.22
737 5 0.8
1778 2 0.05
2328 5 0.35
69 4 0.82
1476 1 0.76
484 2 0.25
1140 6 0.36
4370 5 0.13
82 2 0.24
1330 5 0.3
332 9 0.54
1313 4 0.29
1220 7 0.17
221 1 0.82
3567 4 0.94
1506 9 0.1
1957 3 0.19
3693 7 0.67
875 9 0.85
3333 7 0.24
3391 6 0.6
539 0 0.38
309 1 0.14
4040 9 0.4
1762 1 0.56
1645 6 1.0
3001 7 0.06
1361 1 0.59
2403 0 0.55
1746 2 0.47
865 9 0.6
793 5 0.06
2115 1 0.36
2410 7 0.11
1307 3 0.25
4611 8 0.39
1992 4 0.56
3631 1 0.92
1580 0 0.67
3122 3 0.46
2460 6 0.08
2976 9 0.1
1138 7 0.08
4275 0 0.67
149 4 0.03
3743 8 0.72
3608 4 0.86
4941 4 0.41
1161 8 0.13
4142 7 0.3
1248 3 0.31
3169 6 0.26
2953 7 0.16
1666 5 0.4
3802 6 0.5
1848 2 0.83
1855 7 0.3
368 0 0.17
3440 4 0.72
2925 4 0.6
3375 7 0.46
1534 9 0.59
1749 3 0.42
3561 7 0.49
1359 9 0.19
24 3 0.15
3719 0 0.62
4233 2 0.04
1263 2 0.05
854 3 0.59
3114 5 0.8
1530 0 0.62
4563 0 0.75
1364 8 0.53
887 5 0.77
3122 4 0.66
2267 9 0.54
329 8 0.81
1573 0 0.79
3446 9 0.63
1563 8 0.27
4458 0 0.52
1325 0 0.55
233 0 0.85
3420 6 0.72
3501 4 1.0
1719 5 0.39
1942 2 0.34
3012 7 0.4
2662 1 0.56
3135 1 0.99
3085 1 0.77
1478 0 0.8
3544 1 0.23
1614 7 0.78
56 3 0.19
1911 8 0.38
3238 7 0.09
2544 7 0.72
777 7 0.79
1031 2 0.65
2723 9 0.26
4143 8 0.09
4763 5 0.05
2971 7 0.74
3723 5 0.98
3673 0 0.58
1840 5 0.46
2944 3 0.63
2518 7 0.35
2642 0 0.56
1529 7 0.91
2848 4 0.87
4168 0 0.74
48 2 0.54
4098 3 0.64
2432 8 1.0
3163 8 0.81
3788 2 0.73
1901 3 0.77
4941 8 0.84
2632 9 0.87
846 8 0.59
3481 0 0.28
2244 5 0.73
223 2 0.76
3934 2 0.1
1972 7 0.73
1423 3 0.83
4963 1 0.15
4697 0 0.42
2013 1 0.14
1506 0 0.89
1088 7 0.06
1166 1 1.0
2964 1 0.17
1198 2 0.0
698 4 0.9
1852 2 0.73
2575 2 0.21
4675 3 0.19
1629 4 0.7
1595 3 0.91
2160 7 0.26
870 0 0.48
944 7 0.14
4183 1 0.8
1294 4 0.38
2515 8 0.18
2543 6 0.73
4833 8 0.63
42 5 0.73
4875 0 0.75
4367 1 0.46
4364 2 0.35
2101 4 0.99
1875 7 0.82
2981 2 0.09
4131 5 0.57
295 4 0.72
638 6 0.94
3974 6 0.0
3624 6 0.85
3007 0 0.25
4170 0 0.25
2595 9 0.64
1119 1 0.38
1342 0 0.77
2293 3 0.82
2257 6 0.68
4306 0 0.65
2695 0 0.33
2408 1 0.96
75 5 0.65
4822 9 0.56
1819 6 0.87
2770 5 0.57
4827 0 0.57
2976 0 0.11
862 3 0.9
675 1 0.02
2636 8 0.76
3092 3 0.21
4116 0 0.87
1465 0 0.52
3193 3 0.78
2014 6 0.26
659 8 0.2
1761 9 0.31
1417 9 0.33
1531 0 0.04
1699 1 0.94
2142 9 0.11
1457 4 0.02
1325 5 0.42
546 5 0.43
1190 6 0.57
4653 3 0.24
611 9 0.07
4823 7 0.64
4302 6 0.61
165 7 0.31
2748 2 0.69
1029 5 0.72
2832 9 0.78
3355 5 0.4
2728 9 0.22
4932 1 0.38
2988 0 0.8
272 7 0.12
2462 0 0.15
39 8 0.52
4220 7 0.19
2031 8 0.94
1848 3 0.49
3853 2 0.84
4116 6 0.84
1570 5 0.71
1848 3 0.03
1563 2 0.83
301 0 0.74
2245 5 0.52
4235 1 0.1
4576 5 0.61
3217 4 0.83
1088 7 0.16
2173 7 0.07
3294 0 0.98
1049 8 0.76
1759 9 0.61
618 8 0.17
4868 7 0.49
2107 3 0.96
2442 8 0.99
235 7 0.83
309 7 0.69
1274 0 0.59
3648 8 0.17
4958 6 0.86
2039 2 0.35
1268 9 0.22
3334 0 0.41
3749 1 0.02
2557 2 0.99
2827 8 0.19
2090 0 0.74
3900 3 0.56
3232 3 0.17
3974 4 0.7
4076 6 0.62
2769 1 0.82
2528 4 0.41
3694 0 0.21
2906 9 0.68
1426 2 0.1
1173 6 0.86
3047 7 0.11
4230 4 0.44
4020 9 0.1
2553 1 0.18
1341 4 0.46
517 6 0.63
2523 9 0.04
135 5 0.91
3295 1 0.34
2641 9 0.6
4921 8 0.52
3179 8 0.82
2570 1 0.4
3585 9 0.34
1532 5 0.56
1930 6 0.68
4525 0 0.15
31 2 0.29
4111 0 0.49
2633 5 0.88
3303 9 0.58
1758 3 0.93
4189 4 0.17
1350 2 0.01
4063 8 0.02
3683 2 0.99
4192 7 0.06
166 7 0.5
4399 7 0.89
4711 4 0.31
508 9 0.66
4006 9 0.24
418 0 0.79
3372 6 0.45
3235 3 0.05
1685 8 0.41
2389 9 0.37
64 3 0.01
4461 5 0.48
2944 0 0.91
4 0 0.56
24 0 0.44
802 3 0.1
2374 5 0.71
842 7 0.22
3339 3 0.8
3734 3 0.56
3346 8 0.64
97 1 0.85
3026 7 0.6
4356 8 0.16
2026 5 0.53
1020 1 0.29
1880 9 0.17
4772 7 0.5
4232 5 0.44
1686 6 0.43
1428 1 0.89
571 1 0.77
417 6 0.04
1225 7 0.48
4511 1 0.65
1966 4 0.26
1872 0 0.05
2209 2 0.98
1212 1 0.84
343 7 0.08
3712 8 0.87
3271 7 0.87
463 3 0.98
1248 4 0.37
252 3 0.92
2820 8 0.1
2346 7 0.4
4579 8 0.26
2616 5 0.25
298 5 0.4
1112 0 0.55
2435 7 0.56
484 7 0.73
1230 4 0.11
3379 0 0.27
3324 7 0.8
1641 0 0.84
4803 5 0.49
954 2 0.17
2026 6 0.11
2773 3 0.07
3704 2 0.12
3385 9 0.67
227 7 0.84
4765 7 0.36
1320 8 0.96
3676 5 0.47
4701 4 0.99
3361 0 0.58
2330 1 0.16
2195 9 0.56
1970 5 0.38
4390 7 0.6
109 8 0.61
1341 2 0.94
1254 3 0.56
303 2 0.77
1677 6 0.89
4513 5 0.07
1857 4 0.97
3848 8 0.99
1964 6 0.34
4875 9 0.65
1481 8 0.85
2472 6 0.95
1953 6 0.61
1613 5 0.82
1180 0 0.21
3286 7 0.77
799 9 0.33
2822 5 0.11
4309 0 0.8
4522 3 0.2
3263 9 0.29
2922 8 0.8
4922 8 0.36
294 8 0.94
2494 7 0.64
4719 2 0.6
1028 9 0.66
1831 0 0.63
2244 6 0.22
3172 5 0.02
1684 2 0.22
666 7 0.24
2338 4 0.64
3593 3 0.35
3050 1 0.26
226 8 0.72
1633 9 0.36
269 3 0.96
3097 4 0.61
2714 2 0.5
3027 6 0.63
1920 6 0.51
4921 0 0.25
3697 0 0.44
823 4 0.64
3967 5 0.62
3995 7 0.95
2318 2 0.92
4492 8 0.01
878 8 0.84
1456 4 0.53
2512 1 0.72
3856 1 0.83
4396 6 0.56
4816 8 0.65
4954 6 0.82
3161 5 0.27
2442 6 0.4
4774 2 0.72
1442 5 0.4
1189 8 0.71
94 1 0.08
1940 1 0.88
112 9 0.3
497 4 0.0
383 8 0.96
934 1 0.94
1062 7 0.89
3467 1 0.74
2552 6 0.61
4451 5 0.64
975 1 1.0
3237 0 0.78
2742 9 0.78
4421 4 0.76
1559 4 1.0
2667 3 0.61
1721 2 0.21
4700 7 0.92
1131 7 0.52
2311 9 0.71
4896 3 0.62
4611 0 0.59
4600 8 0.84
1829 1 0.82
4520 8 0.82
2407 8 0.46
1978 3 0.32
1270 8 0.99
4443 6 0.43
1039 0 0.2
1867 8 0.21
2417 2 0.89
2101 6 0.6
1875 0 0.58
1056 4 0.48
2219 4 0.33
4611 9 0.06
1259 4 0.38
1179 2 0.48
4129 0 0.01
659 4 0.93
4793 3 0.71
3175 4 0.29
3148 9 0.45
1339 8 0.47
1412 4 0.37
1681 1 0.3
1336 4 0.32
2716 9 0.3
2725 4 0.83
3778 2 0.92
1711 5 0.4
47 8 0.35
1308 5 0.83
4044 2 0.49
1431 0 0.53
